forecast_date,submission_date,target,target_end_date,location,type,quantile,value,model
2020-08-31,2020-08-31,1 wk ahead inc death,2020-09-05,01,point,,147,mean
2020-08-31,2020-08-31,1 wk ahead inc death,2020-09-05,01,quantile,0.01,70.6633333333333,mean
2020-08-31,2020-08-31,1 wk ahead inc death,2020-09-05,01,quantile,0.025,78.6583333333333,mean
2020-08-31,2020-08-31,1 wk ahead inc death,2020-09-05,01,quantile,0.05,85.3333333333333,mean
2020-08-31,2020-08-31,1 wk ahead inc death,2020-09-05,01,quantile,0.1,95.6666666666667,mean
2020-08-31,2020-08-31,1 wk ahead inc death,2020-09-05,01,quantile,0.15,103.616666666667,mean
2020-08-31,2020-08-31,1 wk ahead inc death,2020-09-05,01,quantile,0.2,110.333333333333,mean
2020-08-31,2020-08-31,1 wk ahead inc death,2020-09-05,01,quantile,0.25,116,mean
2020-08-31,2020-08-31,1 wk ahead inc death,2020-09-05,01,quantile,0.3,122.333333333333,mean
2020-08-31,2020-08-31,1 wk ahead inc death,2020-09-05,01,quantile,0.35,128.333333333333,mean
2020-08-31,2020-08-31,1 wk ahead inc death,2020-09-05,01,quantile,0.4,134.333333333333,mean
2020-08-31,2020-08-31,1 wk ahead inc death,2020-09-05,01,quantile,0.45,140.666666666667,mean
2020-08-31,2020-08-31,1 wk ahead inc death,2020-09-05,01,quantile,0.5,147,mean
2020-08-31,2020-08-31,1 wk ahead inc death,2020-09-05,01,quantile,0.55,153,mean
2020-08-31,2020-08-31,1 wk ahead inc death,2020-09-05,01,quantile,0.6,161,mean
2020-08-31,2020-08-31,1 wk ahead inc death,2020-09-05,01,quantile,0.65,168.666666666667,mean
2020-08-31,2020-08-31,1 wk ahead inc death,2020-09-05,01,quantile,0.7,177.1,mean
2020-08-31,2020-08-31,1 wk ahead inc death,2020-09-05,01,quantile,0.75,186.666666666667,mean
2020-08-31,2020-08-31,1 wk ahead inc death,2020-09-05,01,quantile,0.8,198,mean
2020-08-31,2020-08-31,1 wk ahead inc death,2020-09-05,01,quantile,0.85,212,mean
2020-08-31,2020-08-31,1 wk ahead inc death,2020-09-05,01,quantile,0.9,227.4,mean
2020-08-31,2020-08-31,1 wk ahead inc death,2020-09-05,01,quantile,0.95,253.666666666667,mean
2020-08-31,2020-08-31,1 wk ahead inc death,2020-09-05,01,quantile,0.975,278.341666666667,mean
2020-08-31,2020-08-31,1 wk ahead inc death,2020-09-05,01,quantile,0.99,305.016666666667,mean
2020-08-31,2020-08-31,2 wk ahead inc death,2020-09-12,01,point,,161.333333333333,mean
2020-08-31,2020-08-31,2 wk ahead inc death,2020-09-12,01,quantile,0.01,52.9966666666667,mean
2020-08-31,2020-08-31,2 wk ahead inc death,2020-09-12,01,quantile,0.025,64,mean
2020-08-31,2020-08-31,2 wk ahead inc death,2020-09-12,01,quantile,0.05,74.3333333333333,mean
2020-08-31,2020-08-31,2 wk ahead inc death,2020-09-12,01,quantile,0.1,87.3,mean
2020-08-31,2020-08-31,2 wk ahead inc death,2020-09-12,01,quantile,0.15,98.3333333333333,mean
2020-08-31,2020-08-31,2 wk ahead inc death,2020-09-12,01,quantile,0.2,108,mean
2020-08-31,2020-08-31,2 wk ahead inc death,2020-09-12,01,quantile,0.25,117.333333333333,mean
2020-08-31,2020-08-31,2 wk ahead inc death,2020-09-12,01,quantile,0.3,126.566666666667,mean
2020-08-31,2020-08-31,2 wk ahead inc death,2020-09-12,01,quantile,0.35,135,mean
2020-08-31,2020-08-31,2 wk ahead inc death,2020-09-12,01,quantile,0.4,142.666666666667,mean
2020-08-31,2020-08-31,2 wk ahead inc death,2020-09-12,01,quantile,0.45,151.666666666667,mean
2020-08-31,2020-08-31,2 wk ahead inc death,2020-09-12,01,quantile,0.5,161.333333333333,mean
2020-08-31,2020-08-31,2 wk ahead inc death,2020-09-12,01,quantile,0.55,174,mean
2020-08-31,2020-08-31,2 wk ahead inc death,2020-09-12,01,quantile,0.6,186,mean
2020-08-31,2020-08-31,2 wk ahead inc death,2020-09-12,01,quantile,0.65,199,mean
2020-08-31,2020-08-31,2 wk ahead inc death,2020-09-12,01,quantile,0.7,213.433333333333,mean
2020-08-31,2020-08-31,2 wk ahead inc death,2020-09-12,01,quantile,0.75,232.416666666667,mean
2020-08-31,2020-08-31,2 wk ahead inc death,2020-09-12,01,quantile,0.8,258,mean
2020-08-31,2020-08-31,2 wk ahead inc death,2020-09-12,01,quantile,0.85,292,mean
2020-08-31,2020-08-31,2 wk ahead inc death,2020-09-12,01,quantile,0.9,340.7,mean
2020-08-31,2020-08-31,2 wk ahead inc death,2020-09-12,01,quantile,0.95,423.05,mean
2020-08-31,2020-08-31,2 wk ahead inc death,2020-09-12,01,quantile,0.975,507.675,mean
2020-08-31,2020-08-31,2 wk ahead inc death,2020-09-12,01,quantile,0.99,578.36,mean
2020-08-31,2020-08-31,3 wk ahead inc death,2020-09-19,01,point,,185.333333333333,mean
2020-08-31,2020-08-31,3 wk ahead inc death,2020-09-19,01,quantile,0.01,52.32,mean
2020-08-31,2020-08-31,3 wk ahead inc death,2020-09-19,01,quantile,0.025,60.9916666666667,mean
2020-08-31,2020-08-31,3 wk ahead inc death,2020-09-19,01,quantile,0.05,72.9666666666667,mean
2020-08-31,2020-08-31,3 wk ahead inc death,2020-09-19,01,quantile,0.1,88.3333333333333,mean
2020-08-31,2020-08-31,3 wk ahead inc death,2020-09-19,01,quantile,0.15,100,mean
2020-08-31,2020-08-31,3 wk ahead inc death,2020-09-19,01,quantile,0.2,112.6,mean
2020-08-31,2020-08-31,3 wk ahead inc death,2020-09-19,01,quantile,0.25,123.25,mean
2020-08-31,2020-08-31,3 wk ahead inc death,2020-09-19,01,quantile,0.3,136,mean
2020-08-31,2020-08-31,3 wk ahead inc death,2020-09-19,01,quantile,0.35,147.666666666667,mean
2020-08-31,2020-08-31,3 wk ahead inc death,2020-09-19,01,quantile,0.4,160.333333333333,mean
2020-08-31,2020-08-31,3 wk ahead inc death,2020-09-19,01,quantile,0.45,172.666666666667,mean
2020-08-31,2020-08-31,3 wk ahead inc death,2020-09-19,01,quantile,0.5,185.333333333333,mean
2020-08-31,2020-08-31,3 wk ahead inc death,2020-09-19,01,quantile,0.55,199,mean
2020-08-31,2020-08-31,3 wk ahead inc death,2020-09-19,01,quantile,0.6,216.466666666667,mean
2020-08-31,2020-08-31,3 wk ahead inc death,2020-09-19,01,quantile,0.65,234.666666666667,mean
2020-08-31,2020-08-31,3 wk ahead inc death,2020-09-19,01,quantile,0.7,258.433333333333,mean
2020-08-31,2020-08-31,3 wk ahead inc death,2020-09-19,01,quantile,0.75,294.25,mean
2020-08-31,2020-08-31,3 wk ahead inc death,2020-09-19,01,quantile,0.8,334.666666666667,mean
2020-08-31,2020-08-31,3 wk ahead inc death,2020-09-19,01,quantile,0.85,414.766666666667,mean
2020-08-31,2020-08-31,3 wk ahead inc death,2020-09-19,01,quantile,0.9,543.366666666667,mean
2020-08-31,2020-08-31,3 wk ahead inc death,2020-09-19,01,quantile,0.95,810.666666666667,mean
2020-08-31,2020-08-31,3 wk ahead inc death,2020-09-19,01,quantile,0.975,996.791666666667,mean
2020-08-31,2020-08-31,3 wk ahead inc death,2020-09-19,01,quantile,0.99,1297.75666666667,mean
2020-08-31,2020-08-31,4 wk ahead inc death,2020-09-26,01,point,,202.333333333333,mean
2020-08-31,2020-08-31,4 wk ahead inc death,2020-09-26,01,quantile,0.01,45.9866666666667,mean
2020-08-31,2020-08-31,4 wk ahead inc death,2020-09-26,01,quantile,0.025,57.65,mean
2020-08-31,2020-08-31,4 wk ahead inc death,2020-09-26,01,quantile,0.05,71.65,mean
2020-08-31,2020-08-31,4 wk ahead inc death,2020-09-26,01,quantile,0.1,90.6,mean
2020-08-31,2020-08-31,4 wk ahead inc death,2020-09-26,01,quantile,0.15,104.333333333333,mean
2020-08-31,2020-08-31,4 wk ahead inc death,2020-09-26,01,quantile,0.2,116,mean
2020-08-31,2020-08-31,4 wk ahead inc death,2020-09-26,01,quantile,0.25,129.583333333333,mean
2020-08-31,2020-08-31,4 wk ahead inc death,2020-09-26,01,quantile,0.3,141,mean
2020-08-31,2020-08-31,4 wk ahead inc death,2020-09-26,01,quantile,0.35,155.666666666667,mean
2020-08-31,2020-08-31,4 wk ahead inc death,2020-09-26,01,quantile,0.4,170,mean
2020-08-31,2020-08-31,4 wk ahead inc death,2020-09-26,01,quantile,0.45,185.666666666667,mean
2020-08-31,2020-08-31,4 wk ahead inc death,2020-09-26,01,quantile,0.5,202.333333333333,mean
2020-08-31,2020-08-31,4 wk ahead inc death,2020-09-26,01,quantile,0.55,224.666666666667,mean
2020-08-31,2020-08-31,4 wk ahead inc death,2020-09-26,01,quantile,0.6,249.6,mean
2020-08-31,2020-08-31,4 wk ahead inc death,2020-09-26,01,quantile,0.65,278,mean
2020-08-31,2020-08-31,4 wk ahead inc death,2020-09-26,01,quantile,0.7,313.666666666667,mean
2020-08-31,2020-08-31,4 wk ahead inc death,2020-09-26,01,quantile,0.75,370.666666666667,mean
2020-08-31,2020-08-31,4 wk ahead inc death,2020-09-26,01,quantile,0.8,468.8,mean
2020-08-31,2020-08-31,4 wk ahead inc death,2020-09-26,01,quantile,0.85,624.383333333333,mean
2020-08-31,2020-08-31,4 wk ahead inc death,2020-09-26,01,quantile,0.9,860.666666666667,mean
2020-08-31,2020-08-31,4 wk ahead inc death,2020-09-26,01,quantile,0.95,1281.71666666667,mean
2020-08-31,2020-08-31,4 wk ahead inc death,2020-09-26,01,quantile,0.975,1596.35833333333,mean
2020-08-31,2020-08-31,4 wk ahead inc death,2020-09-26,01,quantile,0.99,2188.13,mean
2020-08-31,2020-08-31,1 wk ahead inc death,2020-09-05,02,point,,3,mean
2020-08-31,2020-08-31,1 wk ahead inc death,2020-09-05,02,quantile,0.01,0.333333333333333,mean
2020-08-31,2020-08-31,1 wk ahead inc death,2020-09-05,02,quantile,0.025,0.333333333333333,mean
2020-08-31,2020-08-31,1 wk ahead inc death,2020-09-05,02,quantile,0.05,0.333333333333333,mean
2020-08-31,2020-08-31,1 wk ahead inc death,2020-09-05,02,quantile,0.1,0.666666666666667,mean
2020-08-31,2020-08-31,1 wk ahead inc death,2020-09-05,02,quantile,0.15,1,mean
2020-08-31,2020-08-31,1 wk ahead inc death,2020-09-05,02,quantile,0.2,1.33333333333333,mean
2020-08-31,2020-08-31,1 wk ahead inc death,2020-09-05,02,quantile,0.25,1.66666666666667,mean
2020-08-31,2020-08-31,1 wk ahead inc death,2020-09-05,02,quantile,0.3,2,mean
2020-08-31,2020-08-31,1 wk ahead inc death,2020-09-05,02,quantile,0.35,2,mean
2020-08-31,2020-08-31,1 wk ahead inc death,2020-09-05,02,quantile,0.4,2.33333333333333,mean
2020-08-31,2020-08-31,1 wk ahead inc death,2020-09-05,02,quantile,0.45,2.66666666666667,mean
2020-08-31,2020-08-31,1 wk ahead inc death,2020-09-05,02,quantile,0.5,3,mean
2020-08-31,2020-08-31,1 wk ahead inc death,2020-09-05,02,quantile,0.55,3,mean
2020-08-31,2020-08-31,1 wk ahead inc death,2020-09-05,02,quantile,0.6,3.33333333333333,mean
2020-08-31,2020-08-31,1 wk ahead inc death,2020-09-05,02,quantile,0.65,3.66666666666667,mean
2020-08-31,2020-08-31,1 wk ahead inc death,2020-09-05,02,quantile,0.7,4,mean
2020-08-31,2020-08-31,1 wk ahead inc death,2020-09-05,02,quantile,0.75,4.66666666666667,mean
2020-08-31,2020-08-31,1 wk ahead inc death,2020-09-05,02,quantile,0.8,4.66666666666667,mean
2020-08-31,2020-08-31,1 wk ahead inc death,2020-09-05,02,quantile,0.85,5.66666666666667,mean
2020-08-31,2020-08-31,1 wk ahead inc death,2020-09-05,02,quantile,0.9,6.03333333333338,mean
2020-08-31,2020-08-31,1 wk ahead inc death,2020-09-05,02,quantile,0.95,7.33333333333333,mean
2020-08-31,2020-08-31,1 wk ahead inc death,2020-09-05,02,quantile,0.975,8.66666666666667,mean
2020-08-31,2020-08-31,1 wk ahead inc death,2020-09-05,02,quantile,0.99,9.66666666666667,mean
2020-08-31,2020-08-31,2 wk ahead inc death,2020-09-12,02,point,,4,mean
2020-08-31,2020-08-31,2 wk ahead inc death,2020-09-12,02,quantile,0.01,0.333333333333333,mean
2020-08-31,2020-08-31,2 wk ahead inc death,2020-09-12,02,quantile,0.025,0.666666666666667,mean
2020-08-31,2020-08-31,2 wk ahead inc death,2020-09-12,02,quantile,0.05,0.666666666666667,mean
2020-08-31,2020-08-31,2 wk ahead inc death,2020-09-12,02,quantile,0.1,1.33333333333333,mean
2020-08-31,2020-08-31,2 wk ahead inc death,2020-09-12,02,quantile,0.15,1.33333333333333,mean
2020-08-31,2020-08-31,2 wk ahead inc death,2020-09-12,02,quantile,0.2,2,mean
2020-08-31,2020-08-31,2 wk ahead inc death,2020-09-12,02,quantile,0.25,2,mean
2020-08-31,2020-08-31,2 wk ahead inc death,2020-09-12,02,quantile,0.3,3,mean
2020-08-31,2020-08-31,2 wk ahead inc death,2020-09-12,02,quantile,0.35,3,mean
2020-08-31,2020-08-31,2 wk ahead inc death,2020-09-12,02,quantile,0.4,3,mean
2020-08-31,2020-08-31,2 wk ahead inc death,2020-09-12,02,quantile,0.45,3.66666666666667,mean
2020-08-31,2020-08-31,2 wk ahead inc death,2020-09-12,02,quantile,0.5,4,mean
2020-08-31,2020-08-31,2 wk ahead inc death,2020-09-12,02,quantile,0.55,4.33333333333333,mean
2020-08-31,2020-08-31,2 wk ahead inc death,2020-09-12,02,quantile,0.6,4.66666666666667,mean
2020-08-31,2020-08-31,2 wk ahead inc death,2020-09-12,02,quantile,0.65,5,mean
2020-08-31,2020-08-31,2 wk ahead inc death,2020-09-12,02,quantile,0.7,5.33333333333333,mean
2020-08-31,2020-08-31,2 wk ahead inc death,2020-09-12,02,quantile,0.75,6,mean
2020-08-31,2020-08-31,2 wk ahead inc death,2020-09-12,02,quantile,0.8,7,mean
2020-08-31,2020-08-31,2 wk ahead inc death,2020-09-12,02,quantile,0.85,7.33333333333333,mean
2020-08-31,2020-08-31,2 wk ahead inc death,2020-09-12,02,quantile,0.9,8.33333333333333,mean
2020-08-31,2020-08-31,2 wk ahead inc death,2020-09-12,02,quantile,0.95,10,mean
2020-08-31,2020-08-31,2 wk ahead inc death,2020-09-12,02,quantile,0.975,11,mean
2020-08-31,2020-08-31,2 wk ahead inc death,2020-09-12,02,quantile,0.99,12.3366666666667,mean
2020-08-31,2020-08-31,3 wk ahead inc death,2020-09-19,02,point,,4,mean
2020-08-31,2020-08-31,3 wk ahead inc death,2020-09-19,02,quantile,0.01,0,mean
2020-08-31,2020-08-31,3 wk ahead inc death,2020-09-19,02,quantile,0.025,0.666666666666667,mean
2020-08-31,2020-08-31,3 wk ahead inc death,2020-09-19,02,quantile,0.05,0.666666666666667,mean
2020-08-31,2020-08-31,3 wk ahead inc death,2020-09-19,02,quantile,0.1,1,mean
2020-08-31,2020-08-31,3 wk ahead inc death,2020-09-19,02,quantile,0.15,1.33333333333333,mean
2020-08-31,2020-08-31,3 wk ahead inc death,2020-09-19,02,quantile,0.2,2,mean
2020-08-31,2020-08-31,3 wk ahead inc death,2020-09-19,02,quantile,0.25,2.33333333333333,mean
2020-08-31,2020-08-31,3 wk ahead inc death,2020-09-19,02,quantile,0.3,2.66666666666667,mean
2020-08-31,2020-08-31,3 wk ahead inc death,2020-09-19,02,quantile,0.35,3,mean
2020-08-31,2020-08-31,3 wk ahead inc death,2020-09-19,02,quantile,0.4,3.33333333333333,mean
2020-08-31,2020-08-31,3 wk ahead inc death,2020-09-19,02,quantile,0.45,4,mean
2020-08-31,2020-08-31,3 wk ahead inc death,2020-09-19,02,quantile,0.5,4,mean
2020-08-31,2020-08-31,3 wk ahead inc death,2020-09-19,02,quantile,0.55,4.33333333333333,mean
2020-08-31,2020-08-31,3 wk ahead inc death,2020-09-19,02,quantile,0.6,5.33333333333333,mean
2020-08-31,2020-08-31,3 wk ahead inc death,2020-09-19,02,quantile,0.65,5.66666666666667,mean
2020-08-31,2020-08-31,3 wk ahead inc death,2020-09-19,02,quantile,0.7,6,mean
2020-08-31,2020-08-31,3 wk ahead inc death,2020-09-19,02,quantile,0.75,6.66666666666667,mean
2020-08-31,2020-08-31,3 wk ahead inc death,2020-09-19,02,quantile,0.8,7.66666666666667,mean
2020-08-31,2020-08-31,3 wk ahead inc death,2020-09-19,02,quantile,0.85,9,mean
2020-08-31,2020-08-31,3 wk ahead inc death,2020-09-19,02,quantile,0.9,10.3333333333333,mean
2020-08-31,2020-08-31,3 wk ahead inc death,2020-09-19,02,quantile,0.95,12,mean
2020-08-31,2020-08-31,3 wk ahead inc death,2020-09-19,02,quantile,0.975,14,mean
2020-08-31,2020-08-31,3 wk ahead inc death,2020-09-19,02,quantile,0.99,15.3333333333333,mean
2020-08-31,2020-08-31,4 wk ahead inc death,2020-09-26,02,point,,4.66666666666667,mean
2020-08-31,2020-08-31,4 wk ahead inc death,2020-09-26,02,quantile,0.01,0.333333333333333,mean
2020-08-31,2020-08-31,4 wk ahead inc death,2020-09-26,02,quantile,0.025,0.333333333333333,mean
2020-08-31,2020-08-31,4 wk ahead inc death,2020-09-26,02,quantile,0.05,0.666666666666667,mean
2020-08-31,2020-08-31,4 wk ahead inc death,2020-09-26,02,quantile,0.1,1.33333333333333,mean
2020-08-31,2020-08-31,4 wk ahead inc death,2020-09-26,02,quantile,0.15,2,mean
2020-08-31,2020-08-31,4 wk ahead inc death,2020-09-26,02,quantile,0.2,2,mean
2020-08-31,2020-08-31,4 wk ahead inc death,2020-09-26,02,quantile,0.25,2.66666666666667,mean
2020-08-31,2020-08-31,4 wk ahead inc death,2020-09-26,02,quantile,0.3,2.66666666666667,mean
2020-08-31,2020-08-31,4 wk ahead inc death,2020-09-26,02,quantile,0.35,3.33333333333333,mean
2020-08-31,2020-08-31,4 wk ahead inc death,2020-09-26,02,quantile,0.4,3.66666666666667,mean
2020-08-31,2020-08-31,4 wk ahead inc death,2020-09-26,02,quantile,0.45,4.33333333333333,mean
2020-08-31,2020-08-31,4 wk ahead inc death,2020-09-26,02,quantile,0.5,4.66666666666667,mean
2020-08-31,2020-08-31,4 wk ahead inc death,2020-09-26,02,quantile,0.55,5.33333333333333,mean
2020-08-31,2020-08-31,4 wk ahead inc death,2020-09-26,02,quantile,0.6,5.66666666666667,mean
2020-08-31,2020-08-31,4 wk ahead inc death,2020-09-26,02,quantile,0.65,6.33333333333333,mean
2020-08-31,2020-08-31,4 wk ahead inc death,2020-09-26,02,quantile,0.7,7,mean
2020-08-31,2020-08-31,4 wk ahead inc death,2020-09-26,02,quantile,0.75,8,mean
2020-08-31,2020-08-31,4 wk ahead inc death,2020-09-26,02,quantile,0.8,9,mean
2020-08-31,2020-08-31,4 wk ahead inc death,2020-09-26,02,quantile,0.85,10.3333333333333,mean
2020-08-31,2020-08-31,4 wk ahead inc death,2020-09-26,02,quantile,0.9,12.3333333333333,mean
2020-08-31,2020-08-31,4 wk ahead inc death,2020-09-26,02,quantile,0.95,15.6666666666667,mean
2020-08-31,2020-08-31,4 wk ahead inc death,2020-09-26,02,quantile,0.975,18,mean
2020-08-31,2020-08-31,4 wk ahead inc death,2020-09-26,02,quantile,0.99,21,mean
2020-08-31,2020-08-31,1 wk ahead inc death,2020-09-05,04,point,,168,mean
2020-08-31,2020-08-31,1 wk ahead inc death,2020-09-05,04,quantile,0.01,64.9866666666667,mean
2020-08-31,2020-08-31,1 wk ahead inc death,2020-09-05,04,quantile,0.025,72.6583333333333,mean
2020-08-31,2020-08-31,1 wk ahead inc death,2020-09-05,04,quantile,0.05,84.3166666666667,mean
2020-08-31,2020-08-31,1 wk ahead inc death,2020-09-05,04,quantile,0.1,98.3,mean
2020-08-31,2020-08-31,1 wk ahead inc death,2020-09-05,04,quantile,0.15,109.95,mean
2020-08-31,2020-08-31,1 wk ahead inc death,2020-09-05,04,quantile,0.2,119,mean
2020-08-31,2020-08-31,1 wk ahead inc death,2020-09-05,04,quantile,0.25,128,mean
2020-08-31,2020-08-31,1 wk ahead inc death,2020-09-05,04,quantile,0.3,136.233333333333,mean
2020-08-31,2020-08-31,1 wk ahead inc death,2020-09-05,04,quantile,0.35,143,mean
2020-08-31,2020-08-31,1 wk ahead inc death,2020-09-05,04,quantile,0.4,152,mean
2020-08-31,2020-08-31,1 wk ahead inc death,2020-09-05,04,quantile,0.45,160,mean
2020-08-31,2020-08-31,1 wk ahead inc death,2020-09-05,04,quantile,0.5,168,mean
2020-08-31,2020-08-31,1 wk ahead inc death,2020-09-05,04,quantile,0.55,176.15,mean
2020-08-31,2020-08-31,1 wk ahead inc death,2020-09-05,04,quantile,0.6,185,mean
2020-08-31,2020-08-31,1 wk ahead inc death,2020-09-05,04,quantile,0.65,195,mean
2020-08-31,2020-08-31,1 wk ahead inc death,2020-09-05,04,quantile,0.7,204.433333333333,mean
2020-08-31,2020-08-31,1 wk ahead inc death,2020-09-05,04,quantile,0.75,218.333333333333,mean
2020-08-31,2020-08-31,1 wk ahead inc death,2020-09-05,04,quantile,0.8,231.666666666667,mean
2020-08-31,2020-08-31,1 wk ahead inc death,2020-09-05,04,quantile,0.85,248.666666666667,mean
2020-08-31,2020-08-31,1 wk ahead inc death,2020-09-05,04,quantile,0.9,268.733333333333,mean
2020-08-31,2020-08-31,1 wk ahead inc death,2020-09-05,04,quantile,0.95,300.066666666667,mean
2020-08-31,2020-08-31,1 wk ahead inc death,2020-09-05,04,quantile,0.975,328.35,mean
2020-08-31,2020-08-31,1 wk ahead inc death,2020-09-05,04,quantile,0.99,365.363333333333,mean
2020-08-31,2020-08-31,2 wk ahead inc death,2020-09-12,04,point,,171.833333333333,mean
2020-08-31,2020-08-31,2 wk ahead inc death,2020-09-12,04,quantile,0.01,42.3,mean
2020-08-31,2020-08-31,2 wk ahead inc death,2020-09-12,04,quantile,0.025,54.6583333333333,mean
2020-08-31,2020-08-31,2 wk ahead inc death,2020-09-12,04,quantile,0.05,66,mean
2020-08-31,2020-08-31,2 wk ahead inc death,2020-09-12,04,quantile,0.1,85.3,mean
2020-08-31,2020-08-31,2 wk ahead inc death,2020-09-12,04,quantile,0.15,96.6166666666667,mean
2020-08-31,2020-08-31,2 wk ahead inc death,2020-09-12,04,quantile,0.2,106.666666666667,mean
2020-08-31,2020-08-31,2 wk ahead inc death,2020-09-12,04,quantile,0.25,117.333333333333,mean
2020-08-31,2020-08-31,2 wk ahead inc death,2020-09-12,04,quantile,0.3,130.233333333333,mean
2020-08-31,2020-08-31,2 wk ahead inc death,2020-09-12,04,quantile,0.35,140.666666666667,mean
2020-08-31,2020-08-31,2 wk ahead inc death,2020-09-12,04,quantile,0.4,151.533333333333,mean
2020-08-31,2020-08-31,2 wk ahead inc death,2020-09-12,04,quantile,0.45,161.333333333333,mean
2020-08-31,2020-08-31,2 wk ahead inc death,2020-09-12,04,quantile,0.5,171.833333333333,mean
2020-08-31,2020-08-31,2 wk ahead inc death,2020-09-12,04,quantile,0.55,183,mean
2020-08-31,2020-08-31,2 wk ahead inc death,2020-09-12,04,quantile,0.6,196.133333333333,mean
2020-08-31,2020-08-31,2 wk ahead inc death,2020-09-12,04,quantile,0.65,205.666666666667,mean
2020-08-31,2020-08-31,2 wk ahead inc death,2020-09-12,04,quantile,0.7,220.433333333333,mean
2020-08-31,2020-08-31,2 wk ahead inc death,2020-09-12,04,quantile,0.75,236.333333333333,mean
2020-08-31,2020-08-31,2 wk ahead inc death,2020-09-12,04,quantile,0.8,255,mean
2020-08-31,2020-08-31,2 wk ahead inc death,2020-09-12,04,quantile,0.85,278,mean
2020-08-31,2020-08-31,2 wk ahead inc death,2020-09-12,04,quantile,0.9,308.666666666667,mean
2020-08-31,2020-08-31,2 wk ahead inc death,2020-09-12,04,quantile,0.95,348.716666666667,mean
2020-08-31,2020-08-31,2 wk ahead inc death,2020-09-12,04,quantile,0.975,386.1,mean
2020-08-31,2020-08-31,2 wk ahead inc death,2020-09-12,04,quantile,0.99,427.35,mean
2020-08-31,2020-08-31,3 wk ahead inc death,2020-09-19,04,point,,160.333333333333,mean
2020-08-31,2020-08-31,3 wk ahead inc death,2020-09-19,04,quantile,0.01,19.6466666666667,mean
2020-08-31,2020-08-31,3 wk ahead inc death,2020-09-19,04,quantile,0.025,34.6416666666667,mean
2020-08-31,2020-08-31,3 wk ahead inc death,2020-09-19,04,quantile,0.05,52.3166666666667,mean
2020-08-31,2020-08-31,3 wk ahead inc death,2020-09-19,04,quantile,0.1,68.6666666666667,mean
2020-08-31,2020-08-31,3 wk ahead inc death,2020-09-19,04,quantile,0.15,81.6166666666667,mean
2020-08-31,2020-08-31,3 wk ahead inc death,2020-09-19,04,quantile,0.2,94.3333333333333,mean
2020-08-31,2020-08-31,3 wk ahead inc death,2020-09-19,04,quantile,0.25,105.333333333333,mean
2020-08-31,2020-08-31,3 wk ahead inc death,2020-09-19,04,quantile,0.3,115.333333333333,mean
2020-08-31,2020-08-31,3 wk ahead inc death,2020-09-19,04,quantile,0.35,127.883333333333,mean
2020-08-31,2020-08-31,3 wk ahead inc death,2020-09-19,04,quantile,0.4,137.666666666667,mean
2020-08-31,2020-08-31,3 wk ahead inc death,2020-09-19,04,quantile,0.45,149.033333333333,mean
2020-08-31,2020-08-31,3 wk ahead inc death,2020-09-19,04,quantile,0.5,160.333333333333,mean
2020-08-31,2020-08-31,3 wk ahead inc death,2020-09-19,04,quantile,0.55,173.333333333333,mean
2020-08-31,2020-08-31,3 wk ahead inc death,2020-09-19,04,quantile,0.6,186.466666666667,mean
2020-08-31,2020-08-31,3 wk ahead inc death,2020-09-19,04,quantile,0.65,200.116666666667,mean
2020-08-31,2020-08-31,3 wk ahead inc death,2020-09-19,04,quantile,0.7,217.433333333333,mean
2020-08-31,2020-08-31,3 wk ahead inc death,2020-09-19,04,quantile,0.75,235.416666666667,mean
2020-08-31,2020-08-31,3 wk ahead inc death,2020-09-19,04,quantile,0.8,257.466666666667,mean
2020-08-31,2020-08-31,3 wk ahead inc death,2020-09-19,04,quantile,0.85,285.816666666667,mean
2020-08-31,2020-08-31,3 wk ahead inc death,2020-09-19,04,quantile,0.9,325.666666666667,mean
2020-08-31,2020-08-31,3 wk ahead inc death,2020-09-19,04,quantile,0.95,384.7,mean
2020-08-31,2020-08-31,3 wk ahead inc death,2020-09-19,04,quantile,0.975,441.35,mean
2020-08-31,2020-08-31,3 wk ahead inc death,2020-09-19,04,quantile,0.99,482.02,mean
2020-08-31,2020-08-31,4 wk ahead inc death,2020-09-26,04,point,,160.166666666667,mean
2020-08-31,2020-08-31,4 wk ahead inc death,2020-09-26,04,quantile,0.01,14.32,mean
2020-08-31,2020-08-31,4 wk ahead inc death,2020-09-26,04,quantile,0.025,25.9583333333333,mean
2020-08-31,2020-08-31,4 wk ahead inc death,2020-09-26,04,quantile,0.05,37.95,mean
2020-08-31,2020-08-31,4 wk ahead inc death,2020-09-26,04,quantile,0.1,58,mean
2020-08-31,2020-08-31,4 wk ahead inc death,2020-09-26,04,quantile,0.15,70.5666666666667,mean
2020-08-31,2020-08-31,4 wk ahead inc death,2020-09-26,04,quantile,0.2,87.2,mean
2020-08-31,2020-08-31,4 wk ahead inc death,2020-09-26,04,quantile,0.25,99.9166666666667,mean
2020-08-31,2020-08-31,4 wk ahead inc death,2020-09-26,04,quantile,0.3,111.666666666667,mean
2020-08-31,2020-08-31,4 wk ahead inc death,2020-09-26,04,quantile,0.35,124.333333333333,mean
2020-08-31,2020-08-31,4 wk ahead inc death,2020-09-26,04,quantile,0.4,137.2,mean
2020-08-31,2020-08-31,4 wk ahead inc death,2020-09-26,04,quantile,0.45,148.666666666667,mean
2020-08-31,2020-08-31,4 wk ahead inc death,2020-09-26,04,quantile,0.5,160.166666666667,mean
2020-08-31,2020-08-31,4 wk ahead inc death,2020-09-26,04,quantile,0.55,172.333333333333,mean
2020-08-31,2020-08-31,4 wk ahead inc death,2020-09-26,04,quantile,0.6,187.8,mean
2020-08-31,2020-08-31,4 wk ahead inc death,2020-09-26,04,quantile,0.65,201.45,mean
2020-08-31,2020-08-31,4 wk ahead inc death,2020-09-26,04,quantile,0.7,216.533333333333,mean
2020-08-31,2020-08-31,4 wk ahead inc death,2020-09-26,04,quantile,0.75,235.75,mean
2020-08-31,2020-08-31,4 wk ahead inc death,2020-09-26,04,quantile,0.8,259.066666666667,mean
2020-08-31,2020-08-31,4 wk ahead inc death,2020-09-26,04,quantile,0.85,288.333333333333,mean
2020-08-31,2020-08-31,4 wk ahead inc death,2020-09-26,04,quantile,0.9,331.4,mean
2020-08-31,2020-08-31,4 wk ahead inc death,2020-09-26,04,quantile,0.95,406.7,mean
2020-08-31,2020-08-31,4 wk ahead inc death,2020-09-26,04,quantile,0.975,463.141666666667,mean
2020-08-31,2020-08-31,4 wk ahead inc death,2020-09-26,04,quantile,0.99,540.706666666667,mean
2020-08-31,2020-08-31,1 wk ahead inc death,2020-09-05,05,point,,98,mean
2020-08-31,2020-08-31,1 wk ahead inc death,2020-09-05,05,quantile,0.01,62,mean
2020-08-31,2020-08-31,1 wk ahead inc death,2020-09-05,05,quantile,0.025,65.325,mean
2020-08-31,2020-08-31,1 wk ahead inc death,2020-09-05,05,quantile,0.05,69.3166666666667,mean
2020-08-31,2020-08-31,1 wk ahead inc death,2020-09-05,05,quantile,0.1,75,mean
2020-08-31,2020-08-31,1 wk ahead inc death,2020-09-05,05,quantile,0.15,79.3333333333333,mean
2020-08-31,2020-08-31,1 wk ahead inc death,2020-09-05,05,quantile,0.2,82.6666666666667,mean
2020-08-31,2020-08-31,1 wk ahead inc death,2020-09-05,05,quantile,0.25,85.3333333333333,mean
2020-08-31,2020-08-31,1 wk ahead inc death,2020-09-05,05,quantile,0.3,88.2333333333333,mean
2020-08-31,2020-08-31,1 wk ahead inc death,2020-09-05,05,quantile,0.35,90.8833333333333,mean
2020-08-31,2020-08-31,1 wk ahead inc death,2020-09-05,05,quantile,0.4,93,mean
2020-08-31,2020-08-31,1 wk ahead inc death,2020-09-05,05,quantile,0.45,95.3333333333333,mean
2020-08-31,2020-08-31,1 wk ahead inc death,2020-09-05,05,quantile,0.5,98,mean
2020-08-31,2020-08-31,1 wk ahead inc death,2020-09-05,05,quantile,0.55,101,mean
2020-08-31,2020-08-31,1 wk ahead inc death,2020-09-05,05,quantile,0.6,103.666666666667,mean
2020-08-31,2020-08-31,1 wk ahead inc death,2020-09-05,05,quantile,0.65,106.666666666667,mean
2020-08-31,2020-08-31,1 wk ahead inc death,2020-09-05,05,quantile,0.7,109.333333333333,mean
2020-08-31,2020-08-31,1 wk ahead inc death,2020-09-05,05,quantile,0.75,113.333333333333,mean
2020-08-31,2020-08-31,1 wk ahead inc death,2020-09-05,05,quantile,0.8,117.333333333333,mean
2020-08-31,2020-08-31,1 wk ahead inc death,2020-09-05,05,quantile,0.85,121.333333333333,mean
2020-08-31,2020-08-31,1 wk ahead inc death,2020-09-05,05,quantile,0.9,127,mean
2020-08-31,2020-08-31,1 wk ahead inc death,2020-09-05,05,quantile,0.95,135.666666666667,mean
2020-08-31,2020-08-31,1 wk ahead inc death,2020-09-05,05,quantile,0.975,142.008333333333,mean
2020-08-31,2020-08-31,1 wk ahead inc death,2020-09-05,05,quantile,0.99,149.666666666667,mean
2020-08-31,2020-08-31,2 wk ahead inc death,2020-09-12,05,point,,104.333333333333,mean
2020-08-31,2020-08-31,2 wk ahead inc death,2020-09-12,05,quantile,0.01,52.9966666666667,mean
2020-08-31,2020-08-31,2 wk ahead inc death,2020-09-12,05,quantile,0.025,59.325,mean
2020-08-31,2020-08-31,2 wk ahead inc death,2020-09-12,05,quantile,0.05,64.3333333333333,mean
2020-08-31,2020-08-31,2 wk ahead inc death,2020-09-12,05,quantile,0.1,70.6666666666667,mean
2020-08-31,2020-08-31,2 wk ahead inc death,2020-09-12,05,quantile,0.15,76,mean
2020-08-31,2020-08-31,2 wk ahead inc death,2020-09-12,05,quantile,0.2,80.6,mean
2020-08-31,2020-08-31,2 wk ahead inc death,2020-09-12,05,quantile,0.25,85.25,mean
2020-08-31,2020-08-31,2 wk ahead inc death,2020-09-12,05,quantile,0.3,89,mean
2020-08-31,2020-08-31,2 wk ahead inc death,2020-09-12,05,quantile,0.35,93.3333333333333,mean
2020-08-31,2020-08-31,2 wk ahead inc death,2020-09-12,05,quantile,0.4,96.6666666666667,mean
2020-08-31,2020-08-31,2 wk ahead inc death,2020-09-12,05,quantile,0.45,100.666666666667,mean
2020-08-31,2020-08-31,2 wk ahead inc death,2020-09-12,05,quantile,0.5,104.333333333333,mean
2020-08-31,2020-08-31,2 wk ahead inc death,2020-09-12,05,quantile,0.55,108.666666666667,mean
2020-08-31,2020-08-31,2 wk ahead inc death,2020-09-12,05,quantile,0.6,113.666666666667,mean
2020-08-31,2020-08-31,2 wk ahead inc death,2020-09-12,05,quantile,0.65,118,mean
2020-08-31,2020-08-31,2 wk ahead inc death,2020-09-12,05,quantile,0.7,124,mean
2020-08-31,2020-08-31,2 wk ahead inc death,2020-09-12,05,quantile,0.75,129.333333333333,mean
2020-08-31,2020-08-31,2 wk ahead inc death,2020-09-12,05,quantile,0.8,136.333333333333,mean
2020-08-31,2020-08-31,2 wk ahead inc death,2020-09-12,05,quantile,0.85,144.666666666667,mean
2020-08-31,2020-08-31,2 wk ahead inc death,2020-09-12,05,quantile,0.9,157,mean
2020-08-31,2020-08-31,2 wk ahead inc death,2020-09-12,05,quantile,0.95,176.333333333333,mean
2020-08-31,2020-08-31,2 wk ahead inc death,2020-09-12,05,quantile,0.975,191.008333333333,mean
2020-08-31,2020-08-31,2 wk ahead inc death,2020-09-12,05,quantile,0.99,203.003333333333,mean
2020-08-31,2020-08-31,3 wk ahead inc death,2020-09-19,05,point,,118.333333333333,mean
2020-08-31,2020-08-31,3 wk ahead inc death,2020-09-19,05,quantile,0.01,53.3233333333333,mean
2020-08-31,2020-08-31,3 wk ahead inc death,2020-09-19,05,quantile,0.025,57.6583333333333,mean
2020-08-31,2020-08-31,3 wk ahead inc death,2020-09-19,05,quantile,0.05,64.6666666666667,mean
2020-08-31,2020-08-31,3 wk ahead inc death,2020-09-19,05,quantile,0.1,74,mean
2020-08-31,2020-08-31,3 wk ahead inc death,2020-09-19,05,quantile,0.15,79,mean
2020-08-31,2020-08-31,3 wk ahead inc death,2020-09-19,05,quantile,0.2,84.6666666666667,mean
2020-08-31,2020-08-31,3 wk ahead inc death,2020-09-19,05,quantile,0.25,90.6666666666667,mean
2020-08-31,2020-08-31,3 wk ahead inc death,2020-09-19,05,quantile,0.3,96.6666666666667,mean
2020-08-31,2020-08-31,3 wk ahead inc death,2020-09-19,05,quantile,0.35,101.333333333333,mean
2020-08-31,2020-08-31,3 wk ahead inc death,2020-09-19,05,quantile,0.4,106,mean
2020-08-31,2020-08-31,3 wk ahead inc death,2020-09-19,05,quantile,0.45,111.666666666667,mean
2020-08-31,2020-08-31,3 wk ahead inc death,2020-09-19,05,quantile,0.5,118.333333333333,mean
2020-08-31,2020-08-31,3 wk ahead inc death,2020-09-19,05,quantile,0.55,125,mean
2020-08-31,2020-08-31,3 wk ahead inc death,2020-09-19,05,quantile,0.6,131.333333333333,mean
2020-08-31,2020-08-31,3 wk ahead inc death,2020-09-19,05,quantile,0.65,138.783333333333,mean
2020-08-31,2020-08-31,3 wk ahead inc death,2020-09-19,05,quantile,0.7,147.433333333333,mean
2020-08-31,2020-08-31,3 wk ahead inc death,2020-09-19,05,quantile,0.75,158,mean
2020-08-31,2020-08-31,3 wk ahead inc death,2020-09-19,05,quantile,0.8,171.666666666667,mean
2020-08-31,2020-08-31,3 wk ahead inc death,2020-09-19,05,quantile,0.85,185.666666666667,mean
2020-08-31,2020-08-31,3 wk ahead inc death,2020-09-19,05,quantile,0.9,207.366666666667,mean
2020-08-31,2020-08-31,3 wk ahead inc death,2020-09-19,05,quantile,0.95,247,mean
2020-08-31,2020-08-31,3 wk ahead inc death,2020-09-19,05,quantile,0.975,273.691666666667,mean
2020-08-31,2020-08-31,3 wk ahead inc death,2020-09-19,05,quantile,0.99,294,mean
2020-08-31,2020-08-31,4 wk ahead inc death,2020-09-26,05,point,,130.666666666667,mean
2020-08-31,2020-08-31,4 wk ahead inc death,2020-09-26,05,quantile,0.01,48.9933333333334,mean
2020-08-31,2020-08-31,4 wk ahead inc death,2020-09-26,05,quantile,0.025,55,mean
2020-08-31,2020-08-31,4 wk ahead inc death,2020-09-26,05,quantile,0.05,62.3333333333333,mean
2020-08-31,2020-08-31,4 wk ahead inc death,2020-09-26,05,quantile,0.1,72.6666666666667,mean
2020-08-31,2020-08-31,4 wk ahead inc death,2020-09-26,05,quantile,0.15,81,mean
2020-08-31,2020-08-31,4 wk ahead inc death,2020-09-26,05,quantile,0.2,87.6666666666667,mean
2020-08-31,2020-08-31,4 wk ahead inc death,2020-09-26,05,quantile,0.25,94,mean
2020-08-31,2020-08-31,4 wk ahead inc death,2020-09-26,05,quantile,0.3,101.666666666667,mean
2020-08-31,2020-08-31,4 wk ahead inc death,2020-09-26,05,quantile,0.35,108.333333333333,mean
2020-08-31,2020-08-31,4 wk ahead inc death,2020-09-26,05,quantile,0.4,115.666666666667,mean
2020-08-31,2020-08-31,4 wk ahead inc death,2020-09-26,05,quantile,0.45,123,mean
2020-08-31,2020-08-31,4 wk ahead inc death,2020-09-26,05,quantile,0.5,130.666666666667,mean
2020-08-31,2020-08-31,4 wk ahead inc death,2020-09-26,05,quantile,0.55,138.666666666667,mean
2020-08-31,2020-08-31,4 wk ahead inc death,2020-09-26,05,quantile,0.6,150.666666666667,mean
2020-08-31,2020-08-31,4 wk ahead inc death,2020-09-26,05,quantile,0.65,162,mean
2020-08-31,2020-08-31,4 wk ahead inc death,2020-09-26,05,quantile,0.7,174,mean
2020-08-31,2020-08-31,4 wk ahead inc death,2020-09-26,05,quantile,0.75,190,mean
2020-08-31,2020-08-31,4 wk ahead inc death,2020-09-26,05,quantile,0.8,211.4,mean
2020-08-31,2020-08-31,4 wk ahead inc death,2020-09-26,05,quantile,0.85,239.716666666667,mean
2020-08-31,2020-08-31,4 wk ahead inc death,2020-09-26,05,quantile,0.9,282.333333333333,mean
2020-08-31,2020-08-31,4 wk ahead inc death,2020-09-26,05,quantile,0.95,342.35,mean
2020-08-31,2020-08-31,4 wk ahead inc death,2020-09-26,05,quantile,0.975,385.675,mean
2020-08-31,2020-08-31,4 wk ahead inc death,2020-09-26,05,quantile,0.99,426.006666666667,mean
2020-08-31,2020-08-31,1 wk ahead inc death,2020-09-05,06,point,,770.666666666667,mean
2020-08-31,2020-08-31,1 wk ahead inc death,2020-09-05,06,quantile,0.01,461.26,mean
2020-08-31,2020-08-31,1 wk ahead inc death,2020-09-05,06,quantile,0.025,493.966666666667,mean
2020-08-31,2020-08-31,1 wk ahead inc death,2020-09-05,06,quantile,0.05,522.316666666667,mean
2020-08-31,2020-08-31,1 wk ahead inc death,2020-09-05,06,quantile,0.1,565.966666666667,mean
2020-08-31,2020-08-31,1 wk ahead inc death,2020-09-05,06,quantile,0.15,601.616666666667,mean
2020-08-31,2020-08-31,1 wk ahead inc death,2020-09-05,06,quantile,0.2,630.266666666667,mean
2020-08-31,2020-08-31,1 wk ahead inc death,2020-09-05,06,quantile,0.25,655.833333333333,mean
2020-08-31,2020-08-31,1 wk ahead inc death,2020-09-05,06,quantile,0.3,678.366666666667,mean
2020-08-31,2020-08-31,1 wk ahead inc death,2020-09-05,06,quantile,0.35,702.433333333333,mean
2020-08-31,2020-08-31,1 wk ahead inc death,2020-09-05,06,quantile,0.4,726.2,mean
2020-08-31,2020-08-31,1 wk ahead inc death,2020-09-05,06,quantile,0.45,749.7,mean
2020-08-31,2020-08-31,1 wk ahead inc death,2020-09-05,06,quantile,0.5,770.666666666667,mean
2020-08-31,2020-08-31,1 wk ahead inc death,2020-09-05,06,quantile,0.55,791,mean
2020-08-31,2020-08-31,1 wk ahead inc death,2020-09-05,06,quantile,0.6,813.266666666667,mean
2020-08-31,2020-08-31,1 wk ahead inc death,2020-09-05,06,quantile,0.65,836.45,mean
2020-08-31,2020-08-31,1 wk ahead inc death,2020-09-05,06,quantile,0.7,865.833333333333,mean
2020-08-31,2020-08-31,1 wk ahead inc death,2020-09-05,06,quantile,0.75,891.416666666667,mean
2020-08-31,2020-08-31,1 wk ahead inc death,2020-09-05,06,quantile,0.8,925.933333333333,mean
2020-08-31,2020-08-31,1 wk ahead inc death,2020-09-05,06,quantile,0.85,961.383333333333,mean
2020-08-31,2020-08-31,1 wk ahead inc death,2020-09-05,06,quantile,0.9,1011.36666666667,mean
2020-08-31,2020-08-31,1 wk ahead inc death,2020-09-05,06,quantile,0.95,1077.4,mean
2020-08-31,2020-08-31,1 wk ahead inc death,2020-09-05,06,quantile,0.975,1132.775,mean
2020-08-31,2020-08-31,1 wk ahead inc death,2020-09-05,06,quantile,0.99,1195.74333333333,mean
2020-08-31,2020-08-31,2 wk ahead inc death,2020-09-12,06,point,,765.5,mean
2020-08-31,2020-08-31,2 wk ahead inc death,2020-09-12,06,quantile,0.01,370.97,mean
2020-08-31,2020-08-31,2 wk ahead inc death,2020-09-12,06,quantile,0.025,414.983333333333,mean
2020-08-31,2020-08-31,2 wk ahead inc death,2020-09-12,06,quantile,0.05,448.316666666667,mean
2020-08-31,2020-08-31,2 wk ahead inc death,2020-09-12,06,quantile,0.1,500.166666666667,mean
2020-08-31,2020-08-31,2 wk ahead inc death,2020-09-12,06,quantile,0.15,546,mean
2020-08-31,2020-08-31,2 wk ahead inc death,2020-09-12,06,quantile,0.2,584,mean
2020-08-31,2020-08-31,2 wk ahead inc death,2020-09-12,06,quantile,0.25,620,mean
2020-08-31,2020-08-31,2 wk ahead inc death,2020-09-12,06,quantile,0.3,649.566666666667,mean
2020-08-31,2020-08-31,2 wk ahead inc death,2020-09-12,06,quantile,0.35,678.766666666667,mean
2020-08-31,2020-08-31,2 wk ahead inc death,2020-09-12,06,quantile,0.4,703.866666666667,mean
2020-08-31,2020-08-31,2 wk ahead inc death,2020-09-12,06,quantile,0.45,736.7,mean
2020-08-31,2020-08-31,2 wk ahead inc death,2020-09-12,06,quantile,0.5,765.5,mean
2020-08-31,2020-08-31,2 wk ahead inc death,2020-09-12,06,quantile,0.55,794.816666666667,mean
2020-08-31,2020-08-31,2 wk ahead inc death,2020-09-12,06,quantile,0.6,826.8,mean
2020-08-31,2020-08-31,2 wk ahead inc death,2020-09-12,06,quantile,0.65,861.783333333333,mean
2020-08-31,2020-08-31,2 wk ahead inc death,2020-09-12,06,quantile,0.7,898.866666666667,mean
2020-08-31,2020-08-31,2 wk ahead inc death,2020-09-12,06,quantile,0.75,936.916666666667,mean
2020-08-31,2020-08-31,2 wk ahead inc death,2020-09-12,06,quantile,0.8,978,mean
2020-08-31,2020-08-31,2 wk ahead inc death,2020-09-12,06,quantile,0.85,1026.01666666667,mean
2020-08-31,2020-08-31,2 wk ahead inc death,2020-09-12,06,quantile,0.9,1098,mean
2020-08-31,2020-08-31,2 wk ahead inc death,2020-09-12,06,quantile,0.95,1184.38333333333,mean
2020-08-31,2020-08-31,2 wk ahead inc death,2020-09-12,06,quantile,0.975,1253.79166666667,mean
2020-08-31,2020-08-31,2 wk ahead inc death,2020-09-12,06,quantile,0.99,1324.39333333333,mean
2020-08-31,2020-08-31,3 wk ahead inc death,2020-09-19,06,point,,741,mean
2020-08-31,2020-08-31,3 wk ahead inc death,2020-09-19,06,quantile,0.01,298.286666666667,mean
2020-08-31,2020-08-31,3 wk ahead inc death,2020-09-19,06,quantile,0.025,333.6,mean
2020-08-31,2020-08-31,3 wk ahead inc death,2020-09-19,06,quantile,0.05,380.8,mean
2020-08-31,2020-08-31,3 wk ahead inc death,2020-09-19,06,quantile,0.1,435.933333333333,mean
2020-08-31,2020-08-31,3 wk ahead inc death,2020-09-19,06,quantile,0.15,486.616666666667,mean
2020-08-31,2020-08-31,3 wk ahead inc death,2020-09-19,06,quantile,0.2,530.533333333333,mean
2020-08-31,2020-08-31,3 wk ahead inc death,2020-09-19,06,quantile,0.25,569.583333333333,mean
2020-08-31,2020-08-31,3 wk ahead inc death,2020-09-19,06,quantile,0.3,605.666666666667,mean
2020-08-31,2020-08-31,3 wk ahead inc death,2020-09-19,06,quantile,0.35,637.433333333333,mean
2020-08-31,2020-08-31,3 wk ahead inc death,2020-09-19,06,quantile,0.4,673.533333333333,mean
2020-08-31,2020-08-31,3 wk ahead inc death,2020-09-19,06,quantile,0.45,708.033333333333,mean
2020-08-31,2020-08-31,3 wk ahead inc death,2020-09-19,06,quantile,0.5,741,mean
2020-08-31,2020-08-31,3 wk ahead inc death,2020-09-19,06,quantile,0.55,775.633333333333,mean
2020-08-31,2020-08-31,3 wk ahead inc death,2020-09-19,06,quantile,0.6,803.933333333333,mean
2020-08-31,2020-08-31,3 wk ahead inc death,2020-09-19,06,quantile,0.65,843.233333333333,mean
2020-08-31,2020-08-31,3 wk ahead inc death,2020-09-19,06,quantile,0.7,882.333333333333,mean
2020-08-31,2020-08-31,3 wk ahead inc death,2020-09-19,06,quantile,0.75,919.666666666667,mean
2020-08-31,2020-08-31,3 wk ahead inc death,2020-09-19,06,quantile,0.8,965,mean
2020-08-31,2020-08-31,3 wk ahead inc death,2020-09-19,06,quantile,0.85,1019.35,mean
2020-08-31,2020-08-31,3 wk ahead inc death,2020-09-19,06,quantile,0.9,1090.46666666667,mean
2020-08-31,2020-08-31,3 wk ahead inc death,2020-09-19,06,quantile,0.95,1209.8,mean
2020-08-31,2020-08-31,3 wk ahead inc death,2020-09-19,06,quantile,0.975,1308.04166666667,mean
2020-08-31,2020-08-31,3 wk ahead inc death,2020-09-19,06,quantile,0.99,1394.37333333333,mean
2020-08-31,2020-08-31,4 wk ahead inc death,2020-09-26,06,point,,699.666666666667,mean
2020-08-31,2020-08-31,4 wk ahead inc death,2020-09-26,06,quantile,0.01,229.316666666667,mean
2020-08-31,2020-08-31,4 wk ahead inc death,2020-09-26,06,quantile,0.025,267.95,mean
2020-08-31,2020-08-31,4 wk ahead inc death,2020-09-26,06,quantile,0.05,316.316666666667,mean
2020-08-31,2020-08-31,4 wk ahead inc death,2020-09-26,06,quantile,0.1,387.966666666667,mean
2020-08-31,2020-08-31,4 wk ahead inc death,2020-09-26,06,quantile,0.15,435.283333333333,mean
2020-08-31,2020-08-31,4 wk ahead inc death,2020-09-26,06,quantile,0.2,477.933333333333,mean
2020-08-31,2020-08-31,4 wk ahead inc death,2020-09-26,06,quantile,0.25,521.833333333333,mean
2020-08-31,2020-08-31,4 wk ahead inc death,2020-09-26,06,quantile,0.3,554.666666666667,mean
2020-08-31,2020-08-31,4 wk ahead inc death,2020-09-26,06,quantile,0.35,591.883333333333,mean
2020-08-31,2020-08-31,4 wk ahead inc death,2020-09-26,06,quantile,0.4,626.666666666667,mean
2020-08-31,2020-08-31,4 wk ahead inc death,2020-09-26,06,quantile,0.45,665.7,mean
2020-08-31,2020-08-31,4 wk ahead inc death,2020-09-26,06,quantile,0.5,699.666666666667,mean
2020-08-31,2020-08-31,4 wk ahead inc death,2020-09-26,06,quantile,0.55,737.483333333333,mean
2020-08-31,2020-08-31,4 wk ahead inc death,2020-09-26,06,quantile,0.6,773.466666666667,mean
2020-08-31,2020-08-31,4 wk ahead inc death,2020-09-26,06,quantile,0.65,817.35,mean
2020-08-31,2020-08-31,4 wk ahead inc death,2020-09-26,06,quantile,0.7,867.766666666667,mean
2020-08-31,2020-08-31,4 wk ahead inc death,2020-09-26,06,quantile,0.75,917.416666666667,mean
2020-08-31,2020-08-31,4 wk ahead inc death,2020-09-26,06,quantile,0.8,982.4,mean
2020-08-31,2020-08-31,4 wk ahead inc death,2020-09-26,06,quantile,0.85,1055.81666666667,mean
2020-08-31,2020-08-31,4 wk ahead inc death,2020-09-26,06,quantile,0.9,1143.06666666667,mean
2020-08-31,2020-08-31,4 wk ahead inc death,2020-09-26,06,quantile,0.95,1277.38333333333,mean
2020-08-31,2020-08-31,4 wk ahead inc death,2020-09-26,06,quantile,0.975,1386.15833333333,mean
2020-08-31,2020-08-31,4 wk ahead inc death,2020-09-26,06,quantile,0.99,1501.03666666667,mean
2020-08-31,2020-08-31,1 wk ahead inc death,2020-09-05,08,point,,23,mean
2020-08-31,2020-08-31,1 wk ahead inc death,2020-09-05,08,quantile,0.01,7.99666666666667,mean
2020-08-31,2020-08-31,1 wk ahead inc death,2020-09-05,08,quantile,0.025,9.33333333333333,mean
2020-08-31,2020-08-31,1 wk ahead inc death,2020-09-05,08,quantile,0.05,10.6666666666667,mean
2020-08-31,2020-08-31,1 wk ahead inc death,2020-09-05,08,quantile,0.1,12.3333333333333,mean
2020-08-31,2020-08-31,1 wk ahead inc death,2020-09-05,08,quantile,0.15,14.3333333333333,mean
2020-08-31,2020-08-31,1 wk ahead inc death,2020-09-05,08,quantile,0.2,15.3333333333333,mean
2020-08-31,2020-08-31,1 wk ahead inc death,2020-09-05,08,quantile,0.25,16.6666666666667,mean
2020-08-31,2020-08-31,1 wk ahead inc death,2020-09-05,08,quantile,0.3,17.9,mean
2020-08-31,2020-08-31,1 wk ahead inc death,2020-09-05,08,quantile,0.35,19.3333333333333,mean
2020-08-31,2020-08-31,1 wk ahead inc death,2020-09-05,08,quantile,0.4,20.3333333333333,mean
2020-08-31,2020-08-31,1 wk ahead inc death,2020-09-05,08,quantile,0.45,21.6666666666667,mean
2020-08-31,2020-08-31,1 wk ahead inc death,2020-09-05,08,quantile,0.5,23,mean
2020-08-31,2020-08-31,1 wk ahead inc death,2020-09-05,08,quantile,0.55,24,mean
2020-08-31,2020-08-31,1 wk ahead inc death,2020-09-05,08,quantile,0.6,25.3333333333333,mean
2020-08-31,2020-08-31,1 wk ahead inc death,2020-09-05,08,quantile,0.65,26.3333333333333,mean
2020-08-31,2020-08-31,1 wk ahead inc death,2020-09-05,08,quantile,0.7,28,mean
2020-08-31,2020-08-31,1 wk ahead inc death,2020-09-05,08,quantile,0.75,29.6666666666667,mean
2020-08-31,2020-08-31,1 wk ahead inc death,2020-09-05,08,quantile,0.8,31.6666666666667,mean
2020-08-31,2020-08-31,1 wk ahead inc death,2020-09-05,08,quantile,0.85,33.7166666666667,mean
2020-08-31,2020-08-31,1 wk ahead inc death,2020-09-05,08,quantile,0.9,36.6666666666667,mean
2020-08-31,2020-08-31,1 wk ahead inc death,2020-09-05,08,quantile,0.95,40.3333333333333,mean
2020-08-31,2020-08-31,1 wk ahead inc death,2020-09-05,08,quantile,0.975,44.3333333333333,mean
2020-08-31,2020-08-31,1 wk ahead inc death,2020-09-05,08,quantile,0.99,50.34,mean
2020-08-31,2020-08-31,2 wk ahead inc death,2020-09-12,08,point,,25.3333333333333,mean
2020-08-31,2020-08-31,2 wk ahead inc death,2020-09-12,08,quantile,0.01,6,mean
2020-08-31,2020-08-31,2 wk ahead inc death,2020-09-12,08,quantile,0.025,7.65833333333333,mean
2020-08-31,2020-08-31,2 wk ahead inc death,2020-09-12,08,quantile,0.05,9.66666666666667,mean
2020-08-31,2020-08-31,2 wk ahead inc death,2020-09-12,08,quantile,0.1,12.6666666666667,mean
2020-08-31,2020-08-31,2 wk ahead inc death,2020-09-12,08,quantile,0.15,14.3333333333333,mean
2020-08-31,2020-08-31,2 wk ahead inc death,2020-09-12,08,quantile,0.2,16.6,mean
2020-08-31,2020-08-31,2 wk ahead inc death,2020-09-12,08,quantile,0.25,18,mean
2020-08-31,2020-08-31,2 wk ahead inc death,2020-09-12,08,quantile,0.3,19.3333333333333,mean
2020-08-31,2020-08-31,2 wk ahead inc death,2020-09-12,08,quantile,0.35,21,mean
2020-08-31,2020-08-31,2 wk ahead inc death,2020-09-12,08,quantile,0.4,22,mean
2020-08-31,2020-08-31,2 wk ahead inc death,2020-09-12,08,quantile,0.45,23.6666666666667,mean
2020-08-31,2020-08-31,2 wk ahead inc death,2020-09-12,08,quantile,0.5,25.3333333333333,mean
2020-08-31,2020-08-31,2 wk ahead inc death,2020-09-12,08,quantile,0.55,26.3333333333333,mean
2020-08-31,2020-08-31,2 wk ahead inc death,2020-09-12,08,quantile,0.6,28.3333333333333,mean
2020-08-31,2020-08-31,2 wk ahead inc death,2020-09-12,08,quantile,0.65,30,mean
2020-08-31,2020-08-31,2 wk ahead inc death,2020-09-12,08,quantile,0.7,31.6666666666667,mean
2020-08-31,2020-08-31,2 wk ahead inc death,2020-09-12,08,quantile,0.75,33.6666666666667,mean
2020-08-31,2020-08-31,2 wk ahead inc death,2020-09-12,08,quantile,0.8,36.3333333333333,mean
2020-08-31,2020-08-31,2 wk ahead inc death,2020-09-12,08,quantile,0.85,39,mean
2020-08-31,2020-08-31,2 wk ahead inc death,2020-09-12,08,quantile,0.9,42.6666666666667,mean
2020-08-31,2020-08-31,2 wk ahead inc death,2020-09-12,08,quantile,0.95,48.3333333333333,mean
2020-08-31,2020-08-31,2 wk ahead inc death,2020-09-12,08,quantile,0.975,52.6666666666667,mean
2020-08-31,2020-08-31,2 wk ahead inc death,2020-09-12,08,quantile,0.99,58.67,mean
2020-08-31,2020-08-31,3 wk ahead inc death,2020-09-19,08,point,,26.3333333333333,mean
2020-08-31,2020-08-31,3 wk ahead inc death,2020-09-19,08,quantile,0.01,4.66666666666667,mean
2020-08-31,2020-08-31,3 wk ahead inc death,2020-09-19,08,quantile,0.025,6.66666666666667,mean
2020-08-31,2020-08-31,3 wk ahead inc death,2020-09-19,08,quantile,0.05,9.33333333333333,mean
2020-08-31,2020-08-31,3 wk ahead inc death,2020-09-19,08,quantile,0.1,12.3333333333333,mean
2020-08-31,2020-08-31,3 wk ahead inc death,2020-09-19,08,quantile,0.15,14.3333333333333,mean
2020-08-31,2020-08-31,3 wk ahead inc death,2020-09-19,08,quantile,0.2,16,mean
2020-08-31,2020-08-31,3 wk ahead inc death,2020-09-19,08,quantile,0.25,18,mean
2020-08-31,2020-08-31,3 wk ahead inc death,2020-09-19,08,quantile,0.3,19.6666666666667,mean
2020-08-31,2020-08-31,3 wk ahead inc death,2020-09-19,08,quantile,0.35,21.3333333333333,mean
2020-08-31,2020-08-31,3 wk ahead inc death,2020-09-19,08,quantile,0.4,22.6666666666667,mean
2020-08-31,2020-08-31,3 wk ahead inc death,2020-09-19,08,quantile,0.45,24.3333333333333,mean
2020-08-31,2020-08-31,3 wk ahead inc death,2020-09-19,08,quantile,0.5,26.3333333333333,mean
2020-08-31,2020-08-31,3 wk ahead inc death,2020-09-19,08,quantile,0.55,28,mean
2020-08-31,2020-08-31,3 wk ahead inc death,2020-09-19,08,quantile,0.6,29.6666666666667,mean
2020-08-31,2020-08-31,3 wk ahead inc death,2020-09-19,08,quantile,0.65,31.6666666666667,mean
2020-08-31,2020-08-31,3 wk ahead inc death,2020-09-19,08,quantile,0.7,34.3333333333333,mean
2020-08-31,2020-08-31,3 wk ahead inc death,2020-09-19,08,quantile,0.75,36.6666666666667,mean
2020-08-31,2020-08-31,3 wk ahead inc death,2020-09-19,08,quantile,0.8,39.6666666666667,mean
2020-08-31,2020-08-31,3 wk ahead inc death,2020-09-19,08,quantile,0.85,44,mean
2020-08-31,2020-08-31,3 wk ahead inc death,2020-09-19,08,quantile,0.9,49.0333333333334,mean
2020-08-31,2020-08-31,3 wk ahead inc death,2020-09-19,08,quantile,0.95,57.6666666666667,mean
2020-08-31,2020-08-31,3 wk ahead inc death,2020-09-19,08,quantile,0.975,62.6833333333333,mean
2020-08-31,2020-08-31,3 wk ahead inc death,2020-09-19,08,quantile,0.99,68.6666666666667,mean
2020-08-31,2020-08-31,4 wk ahead inc death,2020-09-26,08,point,,26.8333333333333,mean
2020-08-31,2020-08-31,4 wk ahead inc death,2020-09-26,08,quantile,0.01,4.99666666666667,mean
2020-08-31,2020-08-31,4 wk ahead inc death,2020-09-26,08,quantile,0.025,7.325,mean
2020-08-31,2020-08-31,4 wk ahead inc death,2020-09-26,08,quantile,0.05,9.31666666666667,mean
2020-08-31,2020-08-31,4 wk ahead inc death,2020-09-26,08,quantile,0.1,12,mean
2020-08-31,2020-08-31,4 wk ahead inc death,2020-09-26,08,quantile,0.15,14.3333333333333,mean
2020-08-31,2020-08-31,4 wk ahead inc death,2020-09-26,08,quantile,0.2,16.5333333333333,mean
2020-08-31,2020-08-31,4 wk ahead inc death,2020-09-26,08,quantile,0.25,18,mean
2020-08-31,2020-08-31,4 wk ahead inc death,2020-09-26,08,quantile,0.3,20,mean
2020-08-31,2020-08-31,4 wk ahead inc death,2020-09-26,08,quantile,0.35,21.6666666666667,mean
2020-08-31,2020-08-31,4 wk ahead inc death,2020-09-26,08,quantile,0.4,23.2,mean
2020-08-31,2020-08-31,4 wk ahead inc death,2020-09-26,08,quantile,0.45,25,mean
2020-08-31,2020-08-31,4 wk ahead inc death,2020-09-26,08,quantile,0.5,26.8333333333333,mean
2020-08-31,2020-08-31,4 wk ahead inc death,2020-09-26,08,quantile,0.55,28.3333333333333,mean
2020-08-31,2020-08-31,4 wk ahead inc death,2020-09-26,08,quantile,0.6,30.6666666666667,mean
2020-08-31,2020-08-31,4 wk ahead inc death,2020-09-26,08,quantile,0.65,33.6666666666667,mean
2020-08-31,2020-08-31,4 wk ahead inc death,2020-09-26,08,quantile,0.7,36,mean
2020-08-31,2020-08-31,4 wk ahead inc death,2020-09-26,08,quantile,0.75,39,mean
2020-08-31,2020-08-31,4 wk ahead inc death,2020-09-26,08,quantile,0.8,42.3333333333333,mean
2020-08-31,2020-08-31,4 wk ahead inc death,2020-09-26,08,quantile,0.85,47.3333333333333,mean
2020-08-31,2020-08-31,4 wk ahead inc death,2020-09-26,08,quantile,0.9,53.3333333333333,mean
2020-08-31,2020-08-31,4 wk ahead inc death,2020-09-26,08,quantile,0.95,64,mean
2020-08-31,2020-08-31,4 wk ahead inc death,2020-09-26,08,quantile,0.975,72.6833333333333,mean
2020-08-31,2020-08-31,4 wk ahead inc death,2020-09-26,08,quantile,0.99,83.67,mean
2020-08-31,2020-08-31,1 wk ahead inc death,2020-09-05,09,point,,5,mean
2020-08-31,2020-08-31,1 wk ahead inc death,2020-09-05,09,quantile,0.01,0,mean
2020-08-31,2020-08-31,1 wk ahead inc death,2020-09-05,09,quantile,0.025,0.333333333333333,mean
2020-08-31,2020-08-31,1 wk ahead inc death,2020-09-05,09,quantile,0.05,1,mean
2020-08-31,2020-08-31,1 wk ahead inc death,2020-09-05,09,quantile,0.1,1.33333333333333,mean
2020-08-31,2020-08-31,1 wk ahead inc death,2020-09-05,09,quantile,0.15,2,mean
2020-08-31,2020-08-31,1 wk ahead inc death,2020-09-05,09,quantile,0.2,2,mean
2020-08-31,2020-08-31,1 wk ahead inc death,2020-09-05,09,quantile,0.25,3,mean
2020-08-31,2020-08-31,1 wk ahead inc death,2020-09-05,09,quantile,0.3,3.33333333333333,mean
2020-08-31,2020-08-31,1 wk ahead inc death,2020-09-05,09,quantile,0.35,3.33333333333333,mean
2020-08-31,2020-08-31,1 wk ahead inc death,2020-09-05,09,quantile,0.4,4,mean
2020-08-31,2020-08-31,1 wk ahead inc death,2020-09-05,09,quantile,0.45,4.66666666666667,mean
2020-08-31,2020-08-31,1 wk ahead inc death,2020-09-05,09,quantile,0.5,5,mean
2020-08-31,2020-08-31,1 wk ahead inc death,2020-09-05,09,quantile,0.55,5.33333333333333,mean
2020-08-31,2020-08-31,1 wk ahead inc death,2020-09-05,09,quantile,0.6,5.66666666666667,mean
2020-08-31,2020-08-31,1 wk ahead inc death,2020-09-05,09,quantile,0.65,6.33333333333333,mean
2020-08-31,2020-08-31,1 wk ahead inc death,2020-09-05,09,quantile,0.7,6.66666666666667,mean
2020-08-31,2020-08-31,1 wk ahead inc death,2020-09-05,09,quantile,0.75,7.66666666666667,mean
2020-08-31,2020-08-31,1 wk ahead inc death,2020-09-05,09,quantile,0.8,8,mean
2020-08-31,2020-08-31,1 wk ahead inc death,2020-09-05,09,quantile,0.85,9,mean
2020-08-31,2020-08-31,1 wk ahead inc death,2020-09-05,09,quantile,0.9,10.6666666666667,mean
2020-08-31,2020-08-31,1 wk ahead inc death,2020-09-05,09,quantile,0.95,12.6666666666667,mean
2020-08-31,2020-08-31,1 wk ahead inc death,2020-09-05,09,quantile,0.975,14.3333333333333,mean
2020-08-31,2020-08-31,1 wk ahead inc death,2020-09-05,09,quantile,0.99,17.67,mean
2020-08-31,2020-08-31,2 wk ahead inc death,2020-09-12,09,point,,8,mean
2020-08-31,2020-08-31,2 wk ahead inc death,2020-09-12,09,quantile,0.01,0,mean
2020-08-31,2020-08-31,2 wk ahead inc death,2020-09-12,09,quantile,0.025,0.991666666666667,mean
2020-08-31,2020-08-31,2 wk ahead inc death,2020-09-12,09,quantile,0.05,1.66666666666667,mean
2020-08-31,2020-08-31,2 wk ahead inc death,2020-09-12,09,quantile,0.1,2.33333333333333,mean
2020-08-31,2020-08-31,2 wk ahead inc death,2020-09-12,09,quantile,0.15,3.66666666666667,mean
2020-08-31,2020-08-31,2 wk ahead inc death,2020-09-12,09,quantile,0.2,4.33333333333333,mean
2020-08-31,2020-08-31,2 wk ahead inc death,2020-09-12,09,quantile,0.25,4.66666666666667,mean
2020-08-31,2020-08-31,2 wk ahead inc death,2020-09-12,09,quantile,0.3,5.33333333333333,mean
2020-08-31,2020-08-31,2 wk ahead inc death,2020-09-12,09,quantile,0.35,6,mean
2020-08-31,2020-08-31,2 wk ahead inc death,2020-09-12,09,quantile,0.4,6.66666666666667,mean
2020-08-31,2020-08-31,2 wk ahead inc death,2020-09-12,09,quantile,0.45,7.33333333333333,mean
2020-08-31,2020-08-31,2 wk ahead inc death,2020-09-12,09,quantile,0.5,8,mean
2020-08-31,2020-08-31,2 wk ahead inc death,2020-09-12,09,quantile,0.55,8.33333333333333,mean
2020-08-31,2020-08-31,2 wk ahead inc death,2020-09-12,09,quantile,0.6,9.33333333333333,mean
2020-08-31,2020-08-31,2 wk ahead inc death,2020-09-12,09,quantile,0.65,10,mean
2020-08-31,2020-08-31,2 wk ahead inc death,2020-09-12,09,quantile,0.7,11,mean
2020-08-31,2020-08-31,2 wk ahead inc death,2020-09-12,09,quantile,0.75,12.3333333333333,mean
2020-08-31,2020-08-31,2 wk ahead inc death,2020-09-12,09,quantile,0.8,13.0666666666667,mean
2020-08-31,2020-08-31,2 wk ahead inc death,2020-09-12,09,quantile,0.85,14.3333333333333,mean
2020-08-31,2020-08-31,2 wk ahead inc death,2020-09-12,09,quantile,0.9,16.6666666666667,mean
2020-08-31,2020-08-31,2 wk ahead inc death,2020-09-12,09,quantile,0.95,19.35,mean
2020-08-31,2020-08-31,2 wk ahead inc death,2020-09-12,09,quantile,0.975,22.6666666666667,mean
2020-08-31,2020-08-31,2 wk ahead inc death,2020-09-12,09,quantile,0.99,25.34,mean
2020-08-31,2020-08-31,3 wk ahead inc death,2020-09-19,09,point,,8.66666666666667,mean
2020-08-31,2020-08-31,3 wk ahead inc death,2020-09-19,09,quantile,0.01,0.333333333333333,mean
2020-08-31,2020-08-31,3 wk ahead inc death,2020-09-19,09,quantile,0.025,1,mean
2020-08-31,2020-08-31,3 wk ahead inc death,2020-09-19,09,quantile,0.05,2,mean
2020-08-31,2020-08-31,3 wk ahead inc death,2020-09-19,09,quantile,0.1,3.33333333333333,mean
2020-08-31,2020-08-31,3 wk ahead inc death,2020-09-19,09,quantile,0.15,4,mean
2020-08-31,2020-08-31,3 wk ahead inc death,2020-09-19,09,quantile,0.2,5,mean
2020-08-31,2020-08-31,3 wk ahead inc death,2020-09-19,09,quantile,0.25,5.33333333333333,mean
2020-08-31,2020-08-31,3 wk ahead inc death,2020-09-19,09,quantile,0.3,6.33333333333333,mean
2020-08-31,2020-08-31,3 wk ahead inc death,2020-09-19,09,quantile,0.35,7,mean
2020-08-31,2020-08-31,3 wk ahead inc death,2020-09-19,09,quantile,0.4,7.66666666666667,mean
2020-08-31,2020-08-31,3 wk ahead inc death,2020-09-19,09,quantile,0.45,8.33333333333333,mean
2020-08-31,2020-08-31,3 wk ahead inc death,2020-09-19,09,quantile,0.5,8.66666666666667,mean
2020-08-31,2020-08-31,3 wk ahead inc death,2020-09-19,09,quantile,0.55,10,mean
2020-08-31,2020-08-31,3 wk ahead inc death,2020-09-19,09,quantile,0.6,10.6666666666667,mean
2020-08-31,2020-08-31,3 wk ahead inc death,2020-09-19,09,quantile,0.65,11.3333333333333,mean
2020-08-31,2020-08-31,3 wk ahead inc death,2020-09-19,09,quantile,0.7,12.4333333333334,mean
2020-08-31,2020-08-31,3 wk ahead inc death,2020-09-19,09,quantile,0.75,13.6666666666667,mean
2020-08-31,2020-08-31,3 wk ahead inc death,2020-09-19,09,quantile,0.8,14.6666666666667,mean
2020-08-31,2020-08-31,3 wk ahead inc death,2020-09-19,09,quantile,0.85,16.6666666666667,mean
2020-08-31,2020-08-31,3 wk ahead inc death,2020-09-19,09,quantile,0.9,19,mean
2020-08-31,2020-08-31,3 wk ahead inc death,2020-09-19,09,quantile,0.95,23,mean
2020-08-31,2020-08-31,3 wk ahead inc death,2020-09-19,09,quantile,0.975,28.3416666666667,mean
2020-08-31,2020-08-31,3 wk ahead inc death,2020-09-19,09,quantile,0.99,41.3433333333333,mean
2020-08-31,2020-08-31,4 wk ahead inc death,2020-09-26,09,point,,10.3333333333333,mean
2020-08-31,2020-08-31,4 wk ahead inc death,2020-09-26,09,quantile,0.01,0.666666666666667,mean
2020-08-31,2020-08-31,4 wk ahead inc death,2020-09-26,09,quantile,0.025,1.33333333333333,mean
2020-08-31,2020-08-31,4 wk ahead inc death,2020-09-26,09,quantile,0.05,2.33333333333333,mean
2020-08-31,2020-08-31,4 wk ahead inc death,2020-09-26,09,quantile,0.1,3.66666666666667,mean
2020-08-31,2020-08-31,4 wk ahead inc death,2020-09-26,09,quantile,0.15,4.61666666666667,mean
2020-08-31,2020-08-31,4 wk ahead inc death,2020-09-26,09,quantile,0.2,5.33333333333333,mean
2020-08-31,2020-08-31,4 wk ahead inc death,2020-09-26,09,quantile,0.25,6.33333333333333,mean
2020-08-31,2020-08-31,4 wk ahead inc death,2020-09-26,09,quantile,0.3,7,mean
2020-08-31,2020-08-31,4 wk ahead inc death,2020-09-26,09,quantile,0.35,7.33333333333333,mean
2020-08-31,2020-08-31,4 wk ahead inc death,2020-09-26,09,quantile,0.4,8.66666666666667,mean
2020-08-31,2020-08-31,4 wk ahead inc death,2020-09-26,09,quantile,0.45,9.66666666666667,mean
2020-08-31,2020-08-31,4 wk ahead inc death,2020-09-26,09,quantile,0.5,10.3333333333333,mean
2020-08-31,2020-08-31,4 wk ahead inc death,2020-09-26,09,quantile,0.55,11.15,mean
2020-08-31,2020-08-31,4 wk ahead inc death,2020-09-26,09,quantile,0.6,12.1333333333334,mean
2020-08-31,2020-08-31,4 wk ahead inc death,2020-09-26,09,quantile,0.65,13.3333333333333,mean
2020-08-31,2020-08-31,4 wk ahead inc death,2020-09-26,09,quantile,0.7,14.6666666666667,mean
2020-08-31,2020-08-31,4 wk ahead inc death,2020-09-26,09,quantile,0.75,16.3333333333333,mean
2020-08-31,2020-08-31,4 wk ahead inc death,2020-09-26,09,quantile,0.8,18.3333333333333,mean
2020-08-31,2020-08-31,4 wk ahead inc death,2020-09-26,09,quantile,0.85,20.7166666666667,mean
2020-08-31,2020-08-31,4 wk ahead inc death,2020-09-26,09,quantile,0.9,24.3333333333333,mean
2020-08-31,2020-08-31,4 wk ahead inc death,2020-09-26,09,quantile,0.95,32.05,mean
2020-08-31,2020-08-31,4 wk ahead inc death,2020-09-26,09,quantile,0.975,46.025,mean
2020-08-31,2020-08-31,4 wk ahead inc death,2020-09-26,09,quantile,0.99,79.7866666666667,mean
2020-08-31,2020-08-31,1 wk ahead inc death,2020-09-05,10,point,,12,mean
2020-08-31,2020-08-31,1 wk ahead inc death,2020-09-05,10,quantile,0.01,1,mean
2020-08-31,2020-08-31,1 wk ahead inc death,2020-09-05,10,quantile,0.025,1.66666666666667,mean
2020-08-31,2020-08-31,1 wk ahead inc death,2020-09-05,10,quantile,0.05,2.33333333333333,mean
2020-08-31,2020-08-31,1 wk ahead inc death,2020-09-05,10,quantile,0.1,4.66666666666667,mean
2020-08-31,2020-08-31,1 wk ahead inc death,2020-09-05,10,quantile,0.15,5.66666666666667,mean
2020-08-31,2020-08-31,1 wk ahead inc death,2020-09-05,10,quantile,0.2,6.33333333333333,mean
2020-08-31,2020-08-31,1 wk ahead inc death,2020-09-05,10,quantile,0.25,7.33333333333333,mean
2020-08-31,2020-08-31,1 wk ahead inc death,2020-09-05,10,quantile,0.3,8.33333333333333,mean
2020-08-31,2020-08-31,1 wk ahead inc death,2020-09-05,10,quantile,0.35,9,mean
2020-08-31,2020-08-31,1 wk ahead inc death,2020-09-05,10,quantile,0.4,10,mean
2020-08-31,2020-08-31,1 wk ahead inc death,2020-09-05,10,quantile,0.45,11.3333333333333,mean
2020-08-31,2020-08-31,1 wk ahead inc death,2020-09-05,10,quantile,0.5,12,mean
2020-08-31,2020-08-31,1 wk ahead inc death,2020-09-05,10,quantile,0.55,12.6666666666667,mean
2020-08-31,2020-08-31,1 wk ahead inc death,2020-09-05,10,quantile,0.6,13.6666666666667,mean
2020-08-31,2020-08-31,1 wk ahead inc death,2020-09-05,10,quantile,0.65,14.7833333333334,mean
2020-08-31,2020-08-31,1 wk ahead inc death,2020-09-05,10,quantile,0.7,16.6666666666667,mean
2020-08-31,2020-08-31,1 wk ahead inc death,2020-09-05,10,quantile,0.75,17.6666666666667,mean
2020-08-31,2020-08-31,1 wk ahead inc death,2020-09-05,10,quantile,0.8,19.6666666666667,mean
2020-08-31,2020-08-31,1 wk ahead inc death,2020-09-05,10,quantile,0.85,21.6666666666667,mean
2020-08-31,2020-08-31,1 wk ahead inc death,2020-09-05,10,quantile,0.9,24.3666666666667,mean
2020-08-31,2020-08-31,1 wk ahead inc death,2020-09-05,10,quantile,0.95,28,mean
2020-08-31,2020-08-31,1 wk ahead inc death,2020-09-05,10,quantile,0.975,31.675,mean
2020-08-31,2020-08-31,1 wk ahead inc death,2020-09-05,10,quantile,0.99,36,mean
2020-08-31,2020-08-31,2 wk ahead inc death,2020-09-12,10,point,,19,mean
2020-08-31,2020-08-31,2 wk ahead inc death,2020-09-12,10,quantile,0.01,1.33333333333333,mean
2020-08-31,2020-08-31,2 wk ahead inc death,2020-09-12,10,quantile,0.025,3.325,mean
2020-08-31,2020-08-31,2 wk ahead inc death,2020-09-12,10,quantile,0.05,5,mean
2020-08-31,2020-08-31,2 wk ahead inc death,2020-09-12,10,quantile,0.1,6.66666666666667,mean
2020-08-31,2020-08-31,2 wk ahead inc death,2020-09-12,10,quantile,0.15,8.61666666666667,mean
2020-08-31,2020-08-31,2 wk ahead inc death,2020-09-12,10,quantile,0.2,10,mean
2020-08-31,2020-08-31,2 wk ahead inc death,2020-09-12,10,quantile,0.25,11.6666666666667,mean
2020-08-31,2020-08-31,2 wk ahead inc death,2020-09-12,10,quantile,0.3,12.6666666666667,mean
2020-08-31,2020-08-31,2 wk ahead inc death,2020-09-12,10,quantile,0.35,14.3333333333333,mean
2020-08-31,2020-08-31,2 wk ahead inc death,2020-09-12,10,quantile,0.4,15.6666666666667,mean
2020-08-31,2020-08-31,2 wk ahead inc death,2020-09-12,10,quantile,0.45,17.3333333333333,mean
2020-08-31,2020-08-31,2 wk ahead inc death,2020-09-12,10,quantile,0.5,19,mean
2020-08-31,2020-08-31,2 wk ahead inc death,2020-09-12,10,quantile,0.55,20,mean
2020-08-31,2020-08-31,2 wk ahead inc death,2020-09-12,10,quantile,0.6,21.6666666666667,mean
2020-08-31,2020-08-31,2 wk ahead inc death,2020-09-12,10,quantile,0.65,23.45,mean
2020-08-31,2020-08-31,2 wk ahead inc death,2020-09-12,10,quantile,0.7,25,mean
2020-08-31,2020-08-31,2 wk ahead inc death,2020-09-12,10,quantile,0.75,27.4166666666667,mean
2020-08-31,2020-08-31,2 wk ahead inc death,2020-09-12,10,quantile,0.8,29.6666666666667,mean
2020-08-31,2020-08-31,2 wk ahead inc death,2020-09-12,10,quantile,0.85,32,mean
2020-08-31,2020-08-31,2 wk ahead inc death,2020-09-12,10,quantile,0.9,36.3333333333333,mean
2020-08-31,2020-08-31,2 wk ahead inc death,2020-09-12,10,quantile,0.95,41.3333333333333,mean
2020-08-31,2020-08-31,2 wk ahead inc death,2020-09-12,10,quantile,0.975,46.3416666666667,mean
2020-08-31,2020-08-31,2 wk ahead inc death,2020-09-12,10,quantile,0.99,52.3366666666667,mean
2020-08-31,2020-08-31,3 wk ahead inc death,2020-09-19,10,point,,21.6666666666667,mean
2020-08-31,2020-08-31,3 wk ahead inc death,2020-09-19,10,quantile,0.01,0.996666666666667,mean
2020-08-31,2020-08-31,3 wk ahead inc death,2020-09-19,10,quantile,0.025,3,mean
2020-08-31,2020-08-31,3 wk ahead inc death,2020-09-19,10,quantile,0.05,5,mean
2020-08-31,2020-08-31,3 wk ahead inc death,2020-09-19,10,quantile,0.1,7.66666666666667,mean
2020-08-31,2020-08-31,3 wk ahead inc death,2020-09-19,10,quantile,0.15,9.66666666666667,mean
2020-08-31,2020-08-31,3 wk ahead inc death,2020-09-19,10,quantile,0.2,12,mean
2020-08-31,2020-08-31,3 wk ahead inc death,2020-09-19,10,quantile,0.25,13.3333333333333,mean
2020-08-31,2020-08-31,3 wk ahead inc death,2020-09-19,10,quantile,0.3,15,mean
2020-08-31,2020-08-31,3 wk ahead inc death,2020-09-19,10,quantile,0.35,16.6666666666667,mean
2020-08-31,2020-08-31,3 wk ahead inc death,2020-09-19,10,quantile,0.4,18.3333333333333,mean
2020-08-31,2020-08-31,3 wk ahead inc death,2020-09-19,10,quantile,0.45,19.6666666666667,mean
2020-08-31,2020-08-31,3 wk ahead inc death,2020-09-19,10,quantile,0.5,21.6666666666667,mean
2020-08-31,2020-08-31,3 wk ahead inc death,2020-09-19,10,quantile,0.55,22.6666666666667,mean
2020-08-31,2020-08-31,3 wk ahead inc death,2020-09-19,10,quantile,0.6,24.6666666666667,mean
2020-08-31,2020-08-31,3 wk ahead inc death,2020-09-19,10,quantile,0.65,26.6666666666667,mean
2020-08-31,2020-08-31,3 wk ahead inc death,2020-09-19,10,quantile,0.7,28.4333333333334,mean
2020-08-31,2020-08-31,3 wk ahead inc death,2020-09-19,10,quantile,0.75,31,mean
2020-08-31,2020-08-31,3 wk ahead inc death,2020-09-19,10,quantile,0.8,33.7333333333334,mean
2020-08-31,2020-08-31,3 wk ahead inc death,2020-09-19,10,quantile,0.85,36.6666666666667,mean
2020-08-31,2020-08-31,3 wk ahead inc death,2020-09-19,10,quantile,0.9,41.3666666666667,mean
2020-08-31,2020-08-31,3 wk ahead inc death,2020-09-19,10,quantile,0.95,50.0333333333333,mean
2020-08-31,2020-08-31,3 wk ahead inc death,2020-09-19,10,quantile,0.975,57.3333333333333,mean
2020-08-31,2020-08-31,3 wk ahead inc death,2020-09-19,10,quantile,0.99,66.67,mean
2020-08-31,2020-08-31,4 wk ahead inc death,2020-09-26,10,point,,23.3333333333333,mean
2020-08-31,2020-08-31,4 wk ahead inc death,2020-09-26,10,quantile,0.01,1.33333333333333,mean
2020-08-31,2020-08-31,4 wk ahead inc death,2020-09-26,10,quantile,0.025,3.325,mean
2020-08-31,2020-08-31,4 wk ahead inc death,2020-09-26,10,quantile,0.05,5.33333333333333,mean
2020-08-31,2020-08-31,4 wk ahead inc death,2020-09-26,10,quantile,0.1,8.33333333333333,mean
2020-08-31,2020-08-31,4 wk ahead inc death,2020-09-26,10,quantile,0.15,10.95,mean
2020-08-31,2020-08-31,4 wk ahead inc death,2020-09-26,10,quantile,0.2,13.3333333333333,mean
2020-08-31,2020-08-31,4 wk ahead inc death,2020-09-26,10,quantile,0.25,15.3333333333333,mean
2020-08-31,2020-08-31,4 wk ahead inc death,2020-09-26,10,quantile,0.3,16.6666666666667,mean
2020-08-31,2020-08-31,4 wk ahead inc death,2020-09-26,10,quantile,0.35,18.3333333333333,mean
2020-08-31,2020-08-31,4 wk ahead inc death,2020-09-26,10,quantile,0.4,19.6666666666667,mean
2020-08-31,2020-08-31,4 wk ahead inc death,2020-09-26,10,quantile,0.45,21.6666666666667,mean
2020-08-31,2020-08-31,4 wk ahead inc death,2020-09-26,10,quantile,0.5,23.3333333333333,mean
2020-08-31,2020-08-31,4 wk ahead inc death,2020-09-26,10,quantile,0.55,25,mean
2020-08-31,2020-08-31,4 wk ahead inc death,2020-09-26,10,quantile,0.6,26.3333333333333,mean
2020-08-31,2020-08-31,4 wk ahead inc death,2020-09-26,10,quantile,0.65,28.6666666666667,mean
2020-08-31,2020-08-31,4 wk ahead inc death,2020-09-26,10,quantile,0.7,31.3333333333333,mean
2020-08-31,2020-08-31,4 wk ahead inc death,2020-09-26,10,quantile,0.75,34.3333333333333,mean
2020-08-31,2020-08-31,4 wk ahead inc death,2020-09-26,10,quantile,0.8,37.6666666666667,mean
2020-08-31,2020-08-31,4 wk ahead inc death,2020-09-26,10,quantile,0.85,42.3333333333333,mean
2020-08-31,2020-08-31,4 wk ahead inc death,2020-09-26,10,quantile,0.9,47.6666666666667,mean
2020-08-31,2020-08-31,4 wk ahead inc death,2020-09-26,10,quantile,0.95,56.6666666666667,mean
2020-08-31,2020-08-31,4 wk ahead inc death,2020-09-26,10,quantile,0.975,67,mean
2020-08-31,2020-08-31,4 wk ahead inc death,2020-09-26,10,quantile,0.99,79.03,mean
2020-08-31,2020-08-31,1 wk ahead inc death,2020-09-05,11,point,,5.33333333333333,mean
2020-08-31,2020-08-31,1 wk ahead inc death,2020-09-05,11,quantile,0.01,2,mean
2020-08-31,2020-08-31,1 wk ahead inc death,2020-09-05,11,quantile,0.025,2,mean
2020-08-31,2020-08-31,1 wk ahead inc death,2020-09-05,11,quantile,0.05,2,mean
2020-08-31,2020-08-31,1 wk ahead inc death,2020-09-05,11,quantile,0.1,2.66666666666667,mean
2020-08-31,2020-08-31,1 wk ahead inc death,2020-09-05,11,quantile,0.15,3,mean
2020-08-31,2020-08-31,1 wk ahead inc death,2020-09-05,11,quantile,0.2,3.66666666666667,mean
2020-08-31,2020-08-31,1 wk ahead inc death,2020-09-05,11,quantile,0.25,3.66666666666667,mean
2020-08-31,2020-08-31,1 wk ahead inc death,2020-09-05,11,quantile,0.3,3.9,mean
2020-08-31,2020-08-31,1 wk ahead inc death,2020-09-05,11,quantile,0.35,4.66666666666667,mean
2020-08-31,2020-08-31,1 wk ahead inc death,2020-09-05,11,quantile,0.4,4.66666666666667,mean
2020-08-31,2020-08-31,1 wk ahead inc death,2020-09-05,11,quantile,0.45,4.66666666666667,mean
2020-08-31,2020-08-31,1 wk ahead inc death,2020-09-05,11,quantile,0.5,5.33333333333333,mean
2020-08-31,2020-08-31,1 wk ahead inc death,2020-09-05,11,quantile,0.55,5.66666666666667,mean
2020-08-31,2020-08-31,1 wk ahead inc death,2020-09-05,11,quantile,0.6,6,mean
2020-08-31,2020-08-31,1 wk ahead inc death,2020-09-05,11,quantile,0.65,6,mean
2020-08-31,2020-08-31,1 wk ahead inc death,2020-09-05,11,quantile,0.7,7,mean
2020-08-31,2020-08-31,1 wk ahead inc death,2020-09-05,11,quantile,0.75,7,mean
2020-08-31,2020-08-31,1 wk ahead inc death,2020-09-05,11,quantile,0.8,7.66666666666667,mean
2020-08-31,2020-08-31,1 wk ahead inc death,2020-09-05,11,quantile,0.85,8.33333333333333,mean
2020-08-31,2020-08-31,1 wk ahead inc death,2020-09-05,11,quantile,0.9,9,mean
2020-08-31,2020-08-31,1 wk ahead inc death,2020-09-05,11,quantile,0.95,10,mean
2020-08-31,2020-08-31,1 wk ahead inc death,2020-09-05,11,quantile,0.975,11.0083333333333,mean
2020-08-31,2020-08-31,1 wk ahead inc death,2020-09-05,11,quantile,0.99,13,mean
2020-08-31,2020-08-31,2 wk ahead inc death,2020-09-12,11,point,,4.66666666666667,mean
2020-08-31,2020-08-31,2 wk ahead inc death,2020-09-12,11,quantile,0.01,0.333333333333333,mean
2020-08-31,2020-08-31,2 wk ahead inc death,2020-09-12,11,quantile,0.025,1,mean
2020-08-31,2020-08-31,2 wk ahead inc death,2020-09-12,11,quantile,0.05,1.66666666666667,mean
2020-08-31,2020-08-31,2 wk ahead inc death,2020-09-12,11,quantile,0.1,1.66666666666667,mean
2020-08-31,2020-08-31,2 wk ahead inc death,2020-09-12,11,quantile,0.15,2.33333333333333,mean
2020-08-31,2020-08-31,2 wk ahead inc death,2020-09-12,11,quantile,0.2,2.66666666666667,mean
2020-08-31,2020-08-31,2 wk ahead inc death,2020-09-12,11,quantile,0.25,3.33333333333333,mean
2020-08-31,2020-08-31,2 wk ahead inc death,2020-09-12,11,quantile,0.3,3.33333333333333,mean
2020-08-31,2020-08-31,2 wk ahead inc death,2020-09-12,11,quantile,0.35,3.66666666666667,mean
2020-08-31,2020-08-31,2 wk ahead inc death,2020-09-12,11,quantile,0.4,4,mean
2020-08-31,2020-08-31,2 wk ahead inc death,2020-09-12,11,quantile,0.45,4.66666666666667,mean
2020-08-31,2020-08-31,2 wk ahead inc death,2020-09-12,11,quantile,0.5,4.66666666666667,mean
2020-08-31,2020-08-31,2 wk ahead inc death,2020-09-12,11,quantile,0.55,5.33333333333333,mean
2020-08-31,2020-08-31,2 wk ahead inc death,2020-09-12,11,quantile,0.6,5.66666666666667,mean
2020-08-31,2020-08-31,2 wk ahead inc death,2020-09-12,11,quantile,0.65,6.33333333333333,mean
2020-08-31,2020-08-31,2 wk ahead inc death,2020-09-12,11,quantile,0.7,6.66666666666667,mean
2020-08-31,2020-08-31,2 wk ahead inc death,2020-09-12,11,quantile,0.75,7.33333333333333,mean
2020-08-31,2020-08-31,2 wk ahead inc death,2020-09-12,11,quantile,0.8,7.66666666666667,mean
2020-08-31,2020-08-31,2 wk ahead inc death,2020-09-12,11,quantile,0.85,8.33333333333333,mean
2020-08-31,2020-08-31,2 wk ahead inc death,2020-09-12,11,quantile,0.9,9.33333333333333,mean
2020-08-31,2020-08-31,2 wk ahead inc death,2020-09-12,11,quantile,0.95,10.6666666666667,mean
2020-08-31,2020-08-31,2 wk ahead inc death,2020-09-12,11,quantile,0.975,12,mean
2020-08-31,2020-08-31,2 wk ahead inc death,2020-09-12,11,quantile,0.99,13.3333333333333,mean
2020-08-31,2020-08-31,3 wk ahead inc death,2020-09-19,11,point,,5,mean
2020-08-31,2020-08-31,3 wk ahead inc death,2020-09-19,11,quantile,0.01,0.333333333333333,mean
2020-08-31,2020-08-31,3 wk ahead inc death,2020-09-19,11,quantile,0.025,0.666666666666667,mean
2020-08-31,2020-08-31,3 wk ahead inc death,2020-09-19,11,quantile,0.05,1.33333333333333,mean
2020-08-31,2020-08-31,3 wk ahead inc death,2020-09-19,11,quantile,0.1,2,mean
2020-08-31,2020-08-31,3 wk ahead inc death,2020-09-19,11,quantile,0.15,2.66666666666667,mean
2020-08-31,2020-08-31,3 wk ahead inc death,2020-09-19,11,quantile,0.2,2.66666666666667,mean
2020-08-31,2020-08-31,3 wk ahead inc death,2020-09-19,11,quantile,0.25,3,mean
2020-08-31,2020-08-31,3 wk ahead inc death,2020-09-19,11,quantile,0.3,3.66666666666667,mean
2020-08-31,2020-08-31,3 wk ahead inc death,2020-09-19,11,quantile,0.35,4,mean
2020-08-31,2020-08-31,3 wk ahead inc death,2020-09-19,11,quantile,0.4,4,mean
2020-08-31,2020-08-31,3 wk ahead inc death,2020-09-19,11,quantile,0.45,4.66666666666667,mean
2020-08-31,2020-08-31,3 wk ahead inc death,2020-09-19,11,quantile,0.5,5,mean
2020-08-31,2020-08-31,3 wk ahead inc death,2020-09-19,11,quantile,0.55,5.66666666666667,mean
2020-08-31,2020-08-31,3 wk ahead inc death,2020-09-19,11,quantile,0.6,5.66666666666667,mean
2020-08-31,2020-08-31,3 wk ahead inc death,2020-09-19,11,quantile,0.65,6.33333333333333,mean
2020-08-31,2020-08-31,3 wk ahead inc death,2020-09-19,11,quantile,0.7,6.66666666666667,mean
2020-08-31,2020-08-31,3 wk ahead inc death,2020-09-19,11,quantile,0.75,7.66666666666667,mean
2020-08-31,2020-08-31,3 wk ahead inc death,2020-09-19,11,quantile,0.8,8.06666666666667,mean
2020-08-31,2020-08-31,3 wk ahead inc death,2020-09-19,11,quantile,0.85,9,mean
2020-08-31,2020-08-31,3 wk ahead inc death,2020-09-19,11,quantile,0.9,10,mean
2020-08-31,2020-08-31,3 wk ahead inc death,2020-09-19,11,quantile,0.95,12,mean
2020-08-31,2020-08-31,3 wk ahead inc death,2020-09-19,11,quantile,0.975,13.675,mean
2020-08-31,2020-08-31,3 wk ahead inc death,2020-09-19,11,quantile,0.99,15.67,mean
2020-08-31,2020-08-31,4 wk ahead inc death,2020-09-26,11,point,,5,mean
2020-08-31,2020-08-31,4 wk ahead inc death,2020-09-26,11,quantile,0.01,0.333333333333333,mean
2020-08-31,2020-08-31,4 wk ahead inc death,2020-09-26,11,quantile,0.025,0.666666666666667,mean
2020-08-31,2020-08-31,4 wk ahead inc death,2020-09-26,11,quantile,0.05,0.983333333333334,mean
2020-08-31,2020-08-31,4 wk ahead inc death,2020-09-26,11,quantile,0.1,1.66666666666667,mean
2020-08-31,2020-08-31,4 wk ahead inc death,2020-09-26,11,quantile,0.15,2,mean
2020-08-31,2020-08-31,4 wk ahead inc death,2020-09-26,11,quantile,0.2,2.66666666666667,mean
2020-08-31,2020-08-31,4 wk ahead inc death,2020-09-26,11,quantile,0.25,3,mean
2020-08-31,2020-08-31,4 wk ahead inc death,2020-09-26,11,quantile,0.3,3.66666666666667,mean
2020-08-31,2020-08-31,4 wk ahead inc death,2020-09-26,11,quantile,0.35,3.66666666666667,mean
2020-08-31,2020-08-31,4 wk ahead inc death,2020-09-26,11,quantile,0.4,4.33333333333333,mean
2020-08-31,2020-08-31,4 wk ahead inc death,2020-09-26,11,quantile,0.45,4.66666666666667,mean
2020-08-31,2020-08-31,4 wk ahead inc death,2020-09-26,11,quantile,0.5,5,mean
2020-08-31,2020-08-31,4 wk ahead inc death,2020-09-26,11,quantile,0.55,5.66666666666667,mean
2020-08-31,2020-08-31,4 wk ahead inc death,2020-09-26,11,quantile,0.6,6,mean
2020-08-31,2020-08-31,4 wk ahead inc death,2020-09-26,11,quantile,0.65,7,mean
2020-08-31,2020-08-31,4 wk ahead inc death,2020-09-26,11,quantile,0.7,7,mean
2020-08-31,2020-08-31,4 wk ahead inc death,2020-09-26,11,quantile,0.75,8,mean
2020-08-31,2020-08-31,4 wk ahead inc death,2020-09-26,11,quantile,0.8,8.66666666666667,mean
2020-08-31,2020-08-31,4 wk ahead inc death,2020-09-26,11,quantile,0.85,9.66666666666667,mean
2020-08-31,2020-08-31,4 wk ahead inc death,2020-09-26,11,quantile,0.9,11,mean
2020-08-31,2020-08-31,4 wk ahead inc death,2020-09-26,11,quantile,0.95,13.35,mean
2020-08-31,2020-08-31,4 wk ahead inc death,2020-09-26,11,quantile,0.975,16,mean
2020-08-31,2020-08-31,4 wk ahead inc death,2020-09-26,11,quantile,0.99,18.6733333333333,mean
2020-08-31,2020-08-31,1 wk ahead inc death,2020-09-05,12,point,,579,mean
2020-08-31,2020-08-31,1 wk ahead inc death,2020-09-05,12,quantile,0.01,378.983333333333,mean
2020-08-31,2020-08-31,1 wk ahead inc death,2020-09-05,12,quantile,0.025,404.65,mean
2020-08-31,2020-08-31,1 wk ahead inc death,2020-09-05,12,quantile,0.05,423.666666666667,mean
2020-08-31,2020-08-31,1 wk ahead inc death,2020-09-05,12,quantile,0.1,452.566666666667,mean
2020-08-31,2020-08-31,1 wk ahead inc death,2020-09-05,12,quantile,0.15,474.233333333333,mean
2020-08-31,2020-08-31,1 wk ahead inc death,2020-09-05,12,quantile,0.2,493.666666666667,mean
2020-08-31,2020-08-31,1 wk ahead inc death,2020-09-05,12,quantile,0.25,507.583333333333,mean
2020-08-31,2020-08-31,1 wk ahead inc death,2020-09-05,12,quantile,0.3,522.233333333333,mean
2020-08-31,2020-08-31,1 wk ahead inc death,2020-09-05,12,quantile,0.35,537,mean
2020-08-31,2020-08-31,1 wk ahead inc death,2020-09-05,12,quantile,0.4,551.533333333333,mean
2020-08-31,2020-08-31,1 wk ahead inc death,2020-09-05,12,quantile,0.45,565.333333333333,mean
2020-08-31,2020-08-31,1 wk ahead inc death,2020-09-05,12,quantile,0.5,579,mean
2020-08-31,2020-08-31,1 wk ahead inc death,2020-09-05,12,quantile,0.55,593.15,mean
2020-08-31,2020-08-31,1 wk ahead inc death,2020-09-05,12,quantile,0.6,607,mean
2020-08-31,2020-08-31,1 wk ahead inc death,2020-09-05,12,quantile,0.65,621.116666666667,mean
2020-08-31,2020-08-31,1 wk ahead inc death,2020-09-05,12,quantile,0.7,636.333333333333,mean
2020-08-31,2020-08-31,1 wk ahead inc death,2020-09-05,12,quantile,0.75,653.583333333333,mean
2020-08-31,2020-08-31,1 wk ahead inc death,2020-09-05,12,quantile,0.8,672,mean
2020-08-31,2020-08-31,1 wk ahead inc death,2020-09-05,12,quantile,0.85,696.433333333333,mean
2020-08-31,2020-08-31,1 wk ahead inc death,2020-09-05,12,quantile,0.9,723.333333333333,mean
2020-08-31,2020-08-31,1 wk ahead inc death,2020-09-05,12,quantile,0.95,770.483333333333,mean
2020-08-31,2020-08-31,1 wk ahead inc death,2020-09-05,12,quantile,0.975,809.725,mean
2020-08-31,2020-08-31,1 wk ahead inc death,2020-09-05,12,quantile,0.99,845.416666666667,mean
2020-08-31,2020-08-31,2 wk ahead inc death,2020-09-12,12,point,,505,mean
2020-08-31,2020-08-31,2 wk ahead inc death,2020-09-12,12,quantile,0.01,261.98,mean
2020-08-31,2020-08-31,2 wk ahead inc death,2020-09-12,12,quantile,0.025,291.283333333333,mean
2020-08-31,2020-08-31,2 wk ahead inc death,2020-09-12,12,quantile,0.05,312.233333333333,mean
2020-08-31,2020-08-31,2 wk ahead inc death,2020-09-12,12,quantile,0.1,347.666666666667,mean
2020-08-31,2020-08-31,2 wk ahead inc death,2020-09-12,12,quantile,0.15,372.283333333333,mean
2020-08-31,2020-08-31,2 wk ahead inc death,2020-09-12,12,quantile,0.2,394.6,mean
2020-08-31,2020-08-31,2 wk ahead inc death,2020-09-12,12,quantile,0.25,413.25,mean
2020-08-31,2020-08-31,2 wk ahead inc death,2020-09-12,12,quantile,0.3,431.233333333333,mean
2020-08-31,2020-08-31,2 wk ahead inc death,2020-09-12,12,quantile,0.35,450.333333333333,mean
2020-08-31,2020-08-31,2 wk ahead inc death,2020-09-12,12,quantile,0.4,467.333333333333,mean
2020-08-31,2020-08-31,2 wk ahead inc death,2020-09-12,12,quantile,0.45,486,mean
2020-08-31,2020-08-31,2 wk ahead inc death,2020-09-12,12,quantile,0.5,505,mean
2020-08-31,2020-08-31,2 wk ahead inc death,2020-09-12,12,quantile,0.55,523.666666666667,mean
2020-08-31,2020-08-31,2 wk ahead inc death,2020-09-12,12,quantile,0.6,539.666666666667,mean
2020-08-31,2020-08-31,2 wk ahead inc death,2020-09-12,12,quantile,0.65,559.783333333333,mean
2020-08-31,2020-08-31,2 wk ahead inc death,2020-09-12,12,quantile,0.7,579.666666666667,mean
2020-08-31,2020-08-31,2 wk ahead inc death,2020-09-12,12,quantile,0.75,601.833333333333,mean
2020-08-31,2020-08-31,2 wk ahead inc death,2020-09-12,12,quantile,0.8,631.466666666667,mean
2020-08-31,2020-08-31,2 wk ahead inc death,2020-09-12,12,quantile,0.85,666.816666666667,mean
2020-08-31,2020-08-31,2 wk ahead inc death,2020-09-12,12,quantile,0.9,706.366666666667,mean
2020-08-31,2020-08-31,2 wk ahead inc death,2020-09-12,12,quantile,0.95,765.716666666667,mean
2020-08-31,2020-08-31,2 wk ahead inc death,2020-09-12,12,quantile,0.975,811.683333333333,mean
2020-08-31,2020-08-31,2 wk ahead inc death,2020-09-12,12,quantile,0.99,867.686666666667,mean
2020-08-31,2020-08-31,3 wk ahead inc death,2020-09-19,12,point,,417.166666666667,mean
2020-08-31,2020-08-31,3 wk ahead inc death,2020-09-19,12,quantile,0.01,160.65,mean
2020-08-31,2020-08-31,3 wk ahead inc death,2020-09-19,12,quantile,0.025,186.641666666667,mean
2020-08-31,2020-08-31,3 wk ahead inc death,2020-09-19,12,quantile,0.05,217.9,mean
2020-08-31,2020-08-31,3 wk ahead inc death,2020-09-19,12,quantile,0.1,250.266666666667,mean
2020-08-31,2020-08-31,3 wk ahead inc death,2020-09-19,12,quantile,0.15,278.566666666667,mean
2020-08-31,2020-08-31,3 wk ahead inc death,2020-09-19,12,quantile,0.2,298.266666666667,mean
2020-08-31,2020-08-31,3 wk ahead inc death,2020-09-19,12,quantile,0.25,318.25,mean
2020-08-31,2020-08-31,3 wk ahead inc death,2020-09-19,12,quantile,0.3,339.233333333333,mean
2020-08-31,2020-08-31,3 wk ahead inc death,2020-09-19,12,quantile,0.35,358.216666666667,mean
2020-08-31,2020-08-31,3 wk ahead inc death,2020-09-19,12,quantile,0.4,377.533333333333,mean
2020-08-31,2020-08-31,3 wk ahead inc death,2020-09-19,12,quantile,0.45,399.666666666667,mean
2020-08-31,2020-08-31,3 wk ahead inc death,2020-09-19,12,quantile,0.5,417.166666666667,mean
2020-08-31,2020-08-31,3 wk ahead inc death,2020-09-19,12,quantile,0.55,438.15,mean
2020-08-31,2020-08-31,3 wk ahead inc death,2020-09-19,12,quantile,0.6,460.466666666667,mean
2020-08-31,2020-08-31,3 wk ahead inc death,2020-09-19,12,quantile,0.65,482,mean
2020-08-31,2020-08-31,3 wk ahead inc death,2020-09-19,12,quantile,0.7,508,mean
2020-08-31,2020-08-31,3 wk ahead inc death,2020-09-19,12,quantile,0.75,537.5,mean
2020-08-31,2020-08-31,3 wk ahead inc death,2020-09-19,12,quantile,0.8,569,mean
2020-08-31,2020-08-31,3 wk ahead inc death,2020-09-19,12,quantile,0.85,607.816666666667,mean
2020-08-31,2020-08-31,3 wk ahead inc death,2020-09-19,12,quantile,0.9,660.7,mean
2020-08-31,2020-08-31,3 wk ahead inc death,2020-09-19,12,quantile,0.95,726.733333333334,mean
2020-08-31,2020-08-31,3 wk ahead inc death,2020-09-19,12,quantile,0.975,773.35,mean
2020-08-31,2020-08-31,3 wk ahead inc death,2020-09-19,12,quantile,0.99,853.413333333334,mean
2020-08-31,2020-08-31,4 wk ahead inc death,2020-09-26,12,point,,358.833333333333,mean
2020-08-31,2020-08-31,4 wk ahead inc death,2020-09-26,12,quantile,0.01,113.316666666667,mean
2020-08-31,2020-08-31,4 wk ahead inc death,2020-09-26,12,quantile,0.025,137.283333333333,mean
2020-08-31,2020-08-31,4 wk ahead inc death,2020-09-26,12,quantile,0.05,157.983333333333,mean
2020-08-31,2020-08-31,4 wk ahead inc death,2020-09-26,12,quantile,0.1,194.666666666667,mean
2020-08-31,2020-08-31,4 wk ahead inc death,2020-09-26,12,quantile,0.15,219.9,mean
2020-08-31,2020-08-31,4 wk ahead inc death,2020-09-26,12,quantile,0.2,243.933333333333,mean
2020-08-31,2020-08-31,4 wk ahead inc death,2020-09-26,12,quantile,0.25,264.25,mean
2020-08-31,2020-08-31,4 wk ahead inc death,2020-09-26,12,quantile,0.3,281.666666666667,mean
2020-08-31,2020-08-31,4 wk ahead inc death,2020-09-26,12,quantile,0.35,302.216666666667,mean
2020-08-31,2020-08-31,4 wk ahead inc death,2020-09-26,12,quantile,0.4,322.2,mean
2020-08-31,2020-08-31,4 wk ahead inc death,2020-09-26,12,quantile,0.45,339.85,mean
2020-08-31,2020-08-31,4 wk ahead inc death,2020-09-26,12,quantile,0.5,358.833333333333,mean
2020-08-31,2020-08-31,4 wk ahead inc death,2020-09-26,12,quantile,0.55,376.966666666667,mean
2020-08-31,2020-08-31,4 wk ahead inc death,2020-09-26,12,quantile,0.6,401.133333333333,mean
2020-08-31,2020-08-31,4 wk ahead inc death,2020-09-26,12,quantile,0.65,426.566666666667,mean
2020-08-31,2020-08-31,4 wk ahead inc death,2020-09-26,12,quantile,0.7,454.866666666667,mean
2020-08-31,2020-08-31,4 wk ahead inc death,2020-09-26,12,quantile,0.75,488.833333333333,mean
2020-08-31,2020-08-31,4 wk ahead inc death,2020-09-26,12,quantile,0.8,525.466666666667,mean
2020-08-31,2020-08-31,4 wk ahead inc death,2020-09-26,12,quantile,0.85,576.1,mean
2020-08-31,2020-08-31,4 wk ahead inc death,2020-09-26,12,quantile,0.9,642.733333333334,mean
2020-08-31,2020-08-31,4 wk ahead inc death,2020-09-26,12,quantile,0.95,731.7,mean
2020-08-31,2020-08-31,4 wk ahead inc death,2020-09-26,12,quantile,0.975,796.341666666667,mean
2020-08-31,2020-08-31,4 wk ahead inc death,2020-09-26,12,quantile,0.99,876.39,mean
2020-08-31,2020-08-31,1 wk ahead inc death,2020-09-05,13,point,,450.5,mean
2020-08-31,2020-08-31,1 wk ahead inc death,2020-09-05,13,quantile,0.01,249.323333333333,mean
2020-08-31,2020-08-31,1 wk ahead inc death,2020-09-05,13,quantile,0.025,270.316666666667,mean
2020-08-31,2020-08-31,1 wk ahead inc death,2020-09-05,13,quantile,0.05,290.333333333333,mean
2020-08-31,2020-08-31,1 wk ahead inc death,2020-09-05,13,quantile,0.1,318,mean
2020-08-31,2020-08-31,1 wk ahead inc death,2020-09-05,13,quantile,0.15,339.666666666667,mean
2020-08-31,2020-08-31,1 wk ahead inc death,2020-09-05,13,quantile,0.2,358.666666666667,mean
2020-08-31,2020-08-31,1 wk ahead inc death,2020-09-05,13,quantile,0.25,376.25,mean
2020-08-31,2020-08-31,1 wk ahead inc death,2020-09-05,13,quantile,0.3,391.666666666667,mean
2020-08-31,2020-08-31,1 wk ahead inc death,2020-09-05,13,quantile,0.35,406.55,mean
2020-08-31,2020-08-31,1 wk ahead inc death,2020-09-05,13,quantile,0.4,421.333333333333,mean
2020-08-31,2020-08-31,1 wk ahead inc death,2020-09-05,13,quantile,0.45,435.516666666667,mean
2020-08-31,2020-08-31,1 wk ahead inc death,2020-09-05,13,quantile,0.5,450.5,mean
2020-08-31,2020-08-31,1 wk ahead inc death,2020-09-05,13,quantile,0.55,464.333333333333,mean
2020-08-31,2020-08-31,1 wk ahead inc death,2020-09-05,13,quantile,0.6,479.666666666667,mean
2020-08-31,2020-08-31,1 wk ahead inc death,2020-09-05,13,quantile,0.65,497,mean
2020-08-31,2020-08-31,1 wk ahead inc death,2020-09-05,13,quantile,0.7,515.433333333333,mean
2020-08-31,2020-08-31,1 wk ahead inc death,2020-09-05,13,quantile,0.75,537,mean
2020-08-31,2020-08-31,1 wk ahead inc death,2020-09-05,13,quantile,0.8,561,mean
2020-08-31,2020-08-31,1 wk ahead inc death,2020-09-05,13,quantile,0.85,585.666666666667,mean
2020-08-31,2020-08-31,1 wk ahead inc death,2020-09-05,13,quantile,0.9,617.033333333333,mean
2020-08-31,2020-08-31,1 wk ahead inc death,2020-09-05,13,quantile,0.95,660.7,mean
2020-08-31,2020-08-31,1 wk ahead inc death,2020-09-05,13,quantile,0.975,691.058333333333,mean
2020-08-31,2020-08-31,1 wk ahead inc death,2020-09-05,13,quantile,0.99,726.69,mean
2020-08-31,2020-08-31,2 wk ahead inc death,2020-09-12,13,point,,474.5,mean
2020-08-31,2020-08-31,2 wk ahead inc death,2020-09-12,13,quantile,0.01,206.32,mean
2020-08-31,2020-08-31,2 wk ahead inc death,2020-09-12,13,quantile,0.025,228.983333333333,mean
2020-08-31,2020-08-31,2 wk ahead inc death,2020-09-12,13,quantile,0.05,251.316666666667,mean
2020-08-31,2020-08-31,2 wk ahead inc death,2020-09-12,13,quantile,0.1,290.333333333333,mean
2020-08-31,2020-08-31,2 wk ahead inc death,2020-09-12,13,quantile,0.15,318.333333333333,mean
2020-08-31,2020-08-31,2 wk ahead inc death,2020-09-12,13,quantile,0.2,346.333333333333,mean
2020-08-31,2020-08-31,2 wk ahead inc death,2020-09-12,13,quantile,0.25,369.333333333333,mean
2020-08-31,2020-08-31,2 wk ahead inc death,2020-09-12,13,quantile,0.3,389.666666666667,mean
2020-08-31,2020-08-31,2 wk ahead inc death,2020-09-12,13,quantile,0.35,411.883333333333,mean
2020-08-31,2020-08-31,2 wk ahead inc death,2020-09-12,13,quantile,0.4,430,mean
2020-08-31,2020-08-31,2 wk ahead inc death,2020-09-12,13,quantile,0.45,452.333333333333,mean
2020-08-31,2020-08-31,2 wk ahead inc death,2020-09-12,13,quantile,0.5,474.5,mean
2020-08-31,2020-08-31,2 wk ahead inc death,2020-09-12,13,quantile,0.55,495.816666666667,mean
2020-08-31,2020-08-31,2 wk ahead inc death,2020-09-12,13,quantile,0.6,518.8,mean
2020-08-31,2020-08-31,2 wk ahead inc death,2020-09-12,13,quantile,0.65,545.333333333334,mean
2020-08-31,2020-08-31,2 wk ahead inc death,2020-09-12,13,quantile,0.7,569.533333333333,mean
2020-08-31,2020-08-31,2 wk ahead inc death,2020-09-12,13,quantile,0.75,597.75,mean
2020-08-31,2020-08-31,2 wk ahead inc death,2020-09-12,13,quantile,0.8,631.466666666667,mean
2020-08-31,2020-08-31,2 wk ahead inc death,2020-09-12,13,quantile,0.85,674.533333333334,mean
2020-08-31,2020-08-31,2 wk ahead inc death,2020-09-12,13,quantile,0.9,728,mean
2020-08-31,2020-08-31,2 wk ahead inc death,2020-09-12,13,quantile,0.95,793.683333333333,mean
2020-08-31,2020-08-31,2 wk ahead inc death,2020-09-12,13,quantile,0.975,840.383333333333,mean
2020-08-31,2020-08-31,2 wk ahead inc death,2020-09-12,13,quantile,0.99,888.726666666667,mean
2020-08-31,2020-08-31,3 wk ahead inc death,2020-09-19,13,point,,477,mean
2020-08-31,2020-08-31,3 wk ahead inc death,2020-09-19,13,quantile,0.01,163.643333333333,mean
2020-08-31,2020-08-31,3 wk ahead inc death,2020-09-19,13,quantile,0.025,189.316666666667,mean
2020-08-31,2020-08-31,3 wk ahead inc death,2020-09-19,13,quantile,0.05,216.55,mean
2020-08-31,2020-08-31,3 wk ahead inc death,2020-09-19,13,quantile,0.1,255.3,mean
2020-08-31,2020-08-31,3 wk ahead inc death,2020-09-19,13,quantile,0.15,286.566666666667,mean
2020-08-31,2020-08-31,3 wk ahead inc death,2020-09-19,13,quantile,0.2,315.333333333333,mean
2020-08-31,2020-08-31,3 wk ahead inc death,2020-09-19,13,quantile,0.25,341.916666666667,mean
2020-08-31,2020-08-31,3 wk ahead inc death,2020-09-19,13,quantile,0.3,368.233333333333,mean
2020-08-31,2020-08-31,3 wk ahead inc death,2020-09-19,13,quantile,0.35,396.883333333333,mean
2020-08-31,2020-08-31,3 wk ahead inc death,2020-09-19,13,quantile,0.4,425.333333333333,mean
2020-08-31,2020-08-31,3 wk ahead inc death,2020-09-19,13,quantile,0.45,451.333333333333,mean
2020-08-31,2020-08-31,3 wk ahead inc death,2020-09-19,13,quantile,0.5,477,mean
2020-08-31,2020-08-31,3 wk ahead inc death,2020-09-19,13,quantile,0.55,512.333333333333,mean
2020-08-31,2020-08-31,3 wk ahead inc death,2020-09-19,13,quantile,0.6,545.8,mean
2020-08-31,2020-08-31,3 wk ahead inc death,2020-09-19,13,quantile,0.65,577.116666666667,mean
2020-08-31,2020-08-31,3 wk ahead inc death,2020-09-19,13,quantile,0.7,611.1,mean
2020-08-31,2020-08-31,3 wk ahead inc death,2020-09-19,13,quantile,0.75,652.416666666667,mean
2020-08-31,2020-08-31,3 wk ahead inc death,2020-09-19,13,quantile,0.8,694.066666666667,mean
2020-08-31,2020-08-31,3 wk ahead inc death,2020-09-19,13,quantile,0.85,757.716666666667,mean
2020-08-31,2020-08-31,3 wk ahead inc death,2020-09-19,13,quantile,0.9,835.033333333333,mean
2020-08-31,2020-08-31,3 wk ahead inc death,2020-09-19,13,quantile,0.95,927.716666666667,mean
2020-08-31,2020-08-31,3 wk ahead inc death,2020-09-19,13,quantile,0.975,1011,mean
2020-08-31,2020-08-31,3 wk ahead inc death,2020-09-19,13,quantile,0.99,1100.34666666667,mean
2020-08-31,2020-08-31,4 wk ahead inc death,2020-09-26,13,point,,485.666666666667,mean
2020-08-31,2020-08-31,4 wk ahead inc death,2020-09-26,13,quantile,0.01,126.983333333333,mean
2020-08-31,2020-08-31,4 wk ahead inc death,2020-09-26,13,quantile,0.025,154.308333333333,mean
2020-08-31,2020-08-31,4 wk ahead inc death,2020-09-26,13,quantile,0.05,179.333333333333,mean
2020-08-31,2020-08-31,4 wk ahead inc death,2020-09-26,13,quantile,0.1,218.966666666667,mean
2020-08-31,2020-08-31,4 wk ahead inc death,2020-09-26,13,quantile,0.15,253.616666666667,mean
2020-08-31,2020-08-31,4 wk ahead inc death,2020-09-26,13,quantile,0.2,285,mean
2020-08-31,2020-08-31,4 wk ahead inc death,2020-09-26,13,quantile,0.25,317.833333333333,mean
2020-08-31,2020-08-31,4 wk ahead inc death,2020-09-26,13,quantile,0.3,352,mean
2020-08-31,2020-08-31,4 wk ahead inc death,2020-09-26,13,quantile,0.35,385.55,mean
2020-08-31,2020-08-31,4 wk ahead inc death,2020-09-26,13,quantile,0.4,422.4,mean
2020-08-31,2020-08-31,4 wk ahead inc death,2020-09-26,13,quantile,0.45,452.666666666667,mean
2020-08-31,2020-08-31,4 wk ahead inc death,2020-09-26,13,quantile,0.5,485.666666666667,mean
2020-08-31,2020-08-31,4 wk ahead inc death,2020-09-26,13,quantile,0.55,530.483333333333,mean
2020-08-31,2020-08-31,4 wk ahead inc death,2020-09-26,13,quantile,0.6,575.666666666667,mean
2020-08-31,2020-08-31,4 wk ahead inc death,2020-09-26,13,quantile,0.65,620,mean
2020-08-31,2020-08-31,4 wk ahead inc death,2020-09-26,13,quantile,0.7,665.866666666667,mean
2020-08-31,2020-08-31,4 wk ahead inc death,2020-09-26,13,quantile,0.75,721.75,mean
2020-08-31,2020-08-31,4 wk ahead inc death,2020-09-26,13,quantile,0.8,784.666666666667,mean
2020-08-31,2020-08-31,4 wk ahead inc death,2020-09-26,13,quantile,0.85,863.05,mean
2020-08-31,2020-08-31,4 wk ahead inc death,2020-09-26,13,quantile,0.9,977.466666666667,mean
2020-08-31,2020-08-31,4 wk ahead inc death,2020-09-26,13,quantile,0.95,1136,mean
2020-08-31,2020-08-31,4 wk ahead inc death,2020-09-26,13,quantile,0.975,1259,mean
2020-08-31,2020-08-31,4 wk ahead inc death,2020-09-26,13,quantile,0.99,1339.09666666667,mean
2020-08-31,2020-08-31,1 wk ahead inc death,2020-09-05,15,point,,27.8333333333333,mean
2020-08-31,2020-08-31,1 wk ahead inc death,2020-09-05,15,quantile,0.01,13.6633333333333,mean
2020-08-31,2020-08-31,1 wk ahead inc death,2020-09-05,15,quantile,0.025,15,mean
2020-08-31,2020-08-31,1 wk ahead inc death,2020-09-05,15,quantile,0.05,16.3333333333333,mean
2020-08-31,2020-08-31,1 wk ahead inc death,2020-09-05,15,quantile,0.1,18,mean
2020-08-31,2020-08-31,1 wk ahead inc death,2020-09-05,15,quantile,0.15,19.3333333333333,mean
2020-08-31,2020-08-31,1 wk ahead inc death,2020-09-05,15,quantile,0.2,20.6666666666667,mean
2020-08-31,2020-08-31,1 wk ahead inc death,2020-09-05,15,quantile,0.25,21.6666666666667,mean
2020-08-31,2020-08-31,1 wk ahead inc death,2020-09-05,15,quantile,0.3,23,mean
2020-08-31,2020-08-31,1 wk ahead inc death,2020-09-05,15,quantile,0.35,24.6666666666667,mean
2020-08-31,2020-08-31,1 wk ahead inc death,2020-09-05,15,quantile,0.4,25.3333333333333,mean
2020-08-31,2020-08-31,1 wk ahead inc death,2020-09-05,15,quantile,0.45,26.6666666666667,mean
2020-08-31,2020-08-31,1 wk ahead inc death,2020-09-05,15,quantile,0.5,27.8333333333333,mean
2020-08-31,2020-08-31,1 wk ahead inc death,2020-09-05,15,quantile,0.55,29.3333333333333,mean
2020-08-31,2020-08-31,1 wk ahead inc death,2020-09-05,15,quantile,0.6,30.6666666666667,mean
2020-08-31,2020-08-31,1 wk ahead inc death,2020-09-05,15,quantile,0.65,32.3333333333333,mean
2020-08-31,2020-08-31,1 wk ahead inc death,2020-09-05,15,quantile,0.7,33.6666666666667,mean
2020-08-31,2020-08-31,1 wk ahead inc death,2020-09-05,15,quantile,0.75,36.0000000000001,mean
2020-08-31,2020-08-31,1 wk ahead inc death,2020-09-05,15,quantile,0.8,38.6666666666667,mean
2020-08-31,2020-08-31,1 wk ahead inc death,2020-09-05,15,quantile,0.85,41,mean
2020-08-31,2020-08-31,1 wk ahead inc death,2020-09-05,15,quantile,0.9,44.6666666666667,mean
2020-08-31,2020-08-31,1 wk ahead inc death,2020-09-05,15,quantile,0.95,51.35,mean
2020-08-31,2020-08-31,1 wk ahead inc death,2020-09-05,15,quantile,0.975,56.3333333333333,mean
2020-08-31,2020-08-31,1 wk ahead inc death,2020-09-05,15,quantile,0.99,61.6733333333333,mean
2020-08-31,2020-08-31,2 wk ahead inc death,2020-09-12,15,point,,36.3333333333333,mean
2020-08-31,2020-08-31,2 wk ahead inc death,2020-09-12,15,quantile,0.01,11.6666666666667,mean
2020-08-31,2020-08-31,2 wk ahead inc death,2020-09-12,15,quantile,0.025,13,mean
2020-08-31,2020-08-31,2 wk ahead inc death,2020-09-12,15,quantile,0.05,15,mean
2020-08-31,2020-08-31,2 wk ahead inc death,2020-09-12,15,quantile,0.1,18,mean
2020-08-31,2020-08-31,2 wk ahead inc death,2020-09-12,15,quantile,0.15,19.6666666666667,mean
2020-08-31,2020-08-31,2 wk ahead inc death,2020-09-12,15,quantile,0.2,22.6666666666667,mean
2020-08-31,2020-08-31,2 wk ahead inc death,2020-09-12,15,quantile,0.25,24.3333333333333,mean
2020-08-31,2020-08-31,2 wk ahead inc death,2020-09-12,15,quantile,0.3,26.3333333333333,mean
2020-08-31,2020-08-31,2 wk ahead inc death,2020-09-12,15,quantile,0.35,28.6666666666667,mean
2020-08-31,2020-08-31,2 wk ahead inc death,2020-09-12,15,quantile,0.4,31,mean
2020-08-31,2020-08-31,2 wk ahead inc death,2020-09-12,15,quantile,0.45,33.3333333333333,mean
2020-08-31,2020-08-31,2 wk ahead inc death,2020-09-12,15,quantile,0.5,36.3333333333333,mean
2020-08-31,2020-08-31,2 wk ahead inc death,2020-09-12,15,quantile,0.55,39,mean
2020-08-31,2020-08-31,2 wk ahead inc death,2020-09-12,15,quantile,0.6,42,mean
2020-08-31,2020-08-31,2 wk ahead inc death,2020-09-12,15,quantile,0.65,45.6666666666667,mean
2020-08-31,2020-08-31,2 wk ahead inc death,2020-09-12,15,quantile,0.7,49.6666666666667,mean
2020-08-31,2020-08-31,2 wk ahead inc death,2020-09-12,15,quantile,0.75,55.3333333333333,mean
2020-08-31,2020-08-31,2 wk ahead inc death,2020-09-12,15,quantile,0.8,62.3333333333333,mean
2020-08-31,2020-08-31,2 wk ahead inc death,2020-09-12,15,quantile,0.85,71.3333333333333,mean
2020-08-31,2020-08-31,2 wk ahead inc death,2020-09-12,15,quantile,0.9,84.3333333333333,mean
2020-08-31,2020-08-31,2 wk ahead inc death,2020-09-12,15,quantile,0.95,108.35,mean
2020-08-31,2020-08-31,2 wk ahead inc death,2020-09-12,15,quantile,0.975,122.666666666667,mean
2020-08-31,2020-08-31,2 wk ahead inc death,2020-09-12,15,quantile,0.99,139.006666666667,mean
2020-08-31,2020-08-31,3 wk ahead inc death,2020-09-19,15,point,,48,mean
2020-08-31,2020-08-31,3 wk ahead inc death,2020-09-19,15,quantile,0.01,10.6666666666667,mean
2020-08-31,2020-08-31,3 wk ahead inc death,2020-09-19,15,quantile,0.025,13.325,mean
2020-08-31,2020-08-31,3 wk ahead inc death,2020-09-19,15,quantile,0.05,16,mean
2020-08-31,2020-08-31,3 wk ahead inc death,2020-09-19,15,quantile,0.1,19.3333333333333,mean
2020-08-31,2020-08-31,3 wk ahead inc death,2020-09-19,15,quantile,0.15,22.6666666666667,mean
2020-08-31,2020-08-31,3 wk ahead inc death,2020-09-19,15,quantile,0.2,25.3333333333333,mean
2020-08-31,2020-08-31,3 wk ahead inc death,2020-09-19,15,quantile,0.25,28.6666666666667,mean
2020-08-31,2020-08-31,3 wk ahead inc death,2020-09-19,15,quantile,0.3,32.3333333333333,mean
2020-08-31,2020-08-31,3 wk ahead inc death,2020-09-19,15,quantile,0.35,35.3333333333333,mean
2020-08-31,2020-08-31,3 wk ahead inc death,2020-09-19,15,quantile,0.4,39.3333333333333,mean
2020-08-31,2020-08-31,3 wk ahead inc death,2020-09-19,15,quantile,0.45,43.6666666666667,mean
2020-08-31,2020-08-31,3 wk ahead inc death,2020-09-19,15,quantile,0.5,48,mean
2020-08-31,2020-08-31,3 wk ahead inc death,2020-09-19,15,quantile,0.55,53,mean
2020-08-31,2020-08-31,3 wk ahead inc death,2020-09-19,15,quantile,0.6,59.1333333333334,mean
2020-08-31,2020-08-31,3 wk ahead inc death,2020-09-19,15,quantile,0.65,67.3333333333333,mean
2020-08-31,2020-08-31,3 wk ahead inc death,2020-09-19,15,quantile,0.7,76,mean
2020-08-31,2020-08-31,3 wk ahead inc death,2020-09-19,15,quantile,0.75,90,mean
2020-08-31,2020-08-31,3 wk ahead inc death,2020-09-19,15,quantile,0.8,108,mean
2020-08-31,2020-08-31,3 wk ahead inc death,2020-09-19,15,quantile,0.85,133.333333333333,mean
2020-08-31,2020-08-31,3 wk ahead inc death,2020-09-19,15,quantile,0.9,177.666666666667,mean
2020-08-31,2020-08-31,3 wk ahead inc death,2020-09-19,15,quantile,0.95,245,mean
2020-08-31,2020-08-31,3 wk ahead inc death,2020-09-19,15,quantile,0.975,293,mean
2020-08-31,2020-08-31,3 wk ahead inc death,2020-09-19,15,quantile,0.99,338.34,mean
2020-08-31,2020-08-31,4 wk ahead inc death,2020-09-26,15,point,,66.6666666666667,mean
2020-08-31,2020-08-31,4 wk ahead inc death,2020-09-26,15,quantile,0.01,10.6666666666667,mean
2020-08-31,2020-08-31,4 wk ahead inc death,2020-09-26,15,quantile,0.025,13.3333333333333,mean
2020-08-31,2020-08-31,4 wk ahead inc death,2020-09-26,15,quantile,0.05,15.6666666666667,mean
2020-08-31,2020-08-31,4 wk ahead inc death,2020-09-26,15,quantile,0.1,20.9666666666667,mean
2020-08-31,2020-08-31,4 wk ahead inc death,2020-09-26,15,quantile,0.15,24.6666666666667,mean
2020-08-31,2020-08-31,4 wk ahead inc death,2020-09-26,15,quantile,0.2,28.3333333333333,mean
2020-08-31,2020-08-31,4 wk ahead inc death,2020-09-26,15,quantile,0.25,32.3333333333333,mean
2020-08-31,2020-08-31,4 wk ahead inc death,2020-09-26,15,quantile,0.3,37.3333333333333,mean
2020-08-31,2020-08-31,4 wk ahead inc death,2020-09-26,15,quantile,0.35,42.6666666666667,mean
2020-08-31,2020-08-31,4 wk ahead inc death,2020-09-26,15,quantile,0.4,47.6666666666667,mean
2020-08-31,2020-08-31,4 wk ahead inc death,2020-09-26,15,quantile,0.45,57,mean
2020-08-31,2020-08-31,4 wk ahead inc death,2020-09-26,15,quantile,0.5,66.6666666666667,mean
2020-08-31,2020-08-31,4 wk ahead inc death,2020-09-26,15,quantile,0.55,76.8166666666667,mean
2020-08-31,2020-08-31,4 wk ahead inc death,2020-09-26,15,quantile,0.6,89.3333333333333,mean
2020-08-31,2020-08-31,4 wk ahead inc death,2020-09-26,15,quantile,0.65,104,mean
2020-08-31,2020-08-31,4 wk ahead inc death,2020-09-26,15,quantile,0.7,125,mean
2020-08-31,2020-08-31,4 wk ahead inc death,2020-09-26,15,quantile,0.75,149.083333333333,mean
2020-08-31,2020-08-31,4 wk ahead inc death,2020-09-26,15,quantile,0.8,178.333333333333,mean
2020-08-31,2020-08-31,4 wk ahead inc death,2020-09-26,15,quantile,0.85,230,mean
2020-08-31,2020-08-31,4 wk ahead inc death,2020-09-26,15,quantile,0.9,298.333333333334,mean
2020-08-31,2020-08-31,4 wk ahead inc death,2020-09-26,15,quantile,0.95,385.016666666667,mean
2020-08-31,2020-08-31,4 wk ahead inc death,2020-09-26,15,quantile,0.975,440.016666666667,mean
2020-08-31,2020-08-31,4 wk ahead inc death,2020-09-26,15,quantile,0.99,492.353333333333,mean
2020-08-31,2020-08-31,1 wk ahead inc death,2020-09-05,16,point,,35.3333333333333,mean
2020-08-31,2020-08-31,1 wk ahead inc death,2020-09-05,16,quantile,0.01,16.6633333333333,mean
2020-08-31,2020-08-31,1 wk ahead inc death,2020-09-05,16,quantile,0.025,18.3333333333333,mean
2020-08-31,2020-08-31,1 wk ahead inc death,2020-09-05,16,quantile,0.05,20,mean
2020-08-31,2020-08-31,1 wk ahead inc death,2020-09-05,16,quantile,0.1,22.6666666666667,mean
2020-08-31,2020-08-31,1 wk ahead inc death,2020-09-05,16,quantile,0.15,24.6666666666667,mean
2020-08-31,2020-08-31,1 wk ahead inc death,2020-09-05,16,quantile,0.2,26.6666666666667,mean
2020-08-31,2020-08-31,1 wk ahead inc death,2020-09-05,16,quantile,0.25,27.6666666666667,mean
2020-08-31,2020-08-31,1 wk ahead inc death,2020-09-05,16,quantile,0.3,29.2333333333333,mean
2020-08-31,2020-08-31,1 wk ahead inc death,2020-09-05,16,quantile,0.35,31,mean
2020-08-31,2020-08-31,1 wk ahead inc death,2020-09-05,16,quantile,0.4,32.3333333333333,mean
2020-08-31,2020-08-31,1 wk ahead inc death,2020-09-05,16,quantile,0.45,33.6666666666667,mean
2020-08-31,2020-08-31,1 wk ahead inc death,2020-09-05,16,quantile,0.5,35.3333333333333,mean
2020-08-31,2020-08-31,1 wk ahead inc death,2020-09-05,16,quantile,0.55,36.6666666666667,mean
2020-08-31,2020-08-31,1 wk ahead inc death,2020-09-05,16,quantile,0.6,38.3333333333333,mean
2020-08-31,2020-08-31,1 wk ahead inc death,2020-09-05,16,quantile,0.65,40,mean
2020-08-31,2020-08-31,1 wk ahead inc death,2020-09-05,16,quantile,0.7,42,mean
2020-08-31,2020-08-31,1 wk ahead inc death,2020-09-05,16,quantile,0.75,44,mean
2020-08-31,2020-08-31,1 wk ahead inc death,2020-09-05,16,quantile,0.8,46.6666666666667,mean
2020-08-31,2020-08-31,1 wk ahead inc death,2020-09-05,16,quantile,0.85,49.3333333333333,mean
2020-08-31,2020-08-31,1 wk ahead inc death,2020-09-05,16,quantile,0.9,53,mean
2020-08-31,2020-08-31,1 wk ahead inc death,2020-09-05,16,quantile,0.95,57.3333333333333,mean
2020-08-31,2020-08-31,1 wk ahead inc death,2020-09-05,16,quantile,0.975,62.0166666666667,mean
2020-08-31,2020-08-31,1 wk ahead inc death,2020-09-05,16,quantile,0.99,68.0033333333333,mean
2020-08-31,2020-08-31,2 wk ahead inc death,2020-09-12,16,point,,37.3333333333333,mean
2020-08-31,2020-08-31,2 wk ahead inc death,2020-09-12,16,quantile,0.01,12.6666666666667,mean
2020-08-31,2020-08-31,2 wk ahead inc death,2020-09-12,16,quantile,0.025,14.6666666666667,mean
2020-08-31,2020-08-31,2 wk ahead inc death,2020-09-12,16,quantile,0.05,17.3333333333333,mean
2020-08-31,2020-08-31,2 wk ahead inc death,2020-09-12,16,quantile,0.1,20,mean
2020-08-31,2020-08-31,2 wk ahead inc death,2020-09-12,16,quantile,0.15,22.6666666666667,mean
2020-08-31,2020-08-31,2 wk ahead inc death,2020-09-12,16,quantile,0.2,25,mean
2020-08-31,2020-08-31,2 wk ahead inc death,2020-09-12,16,quantile,0.25,27.3333333333333,mean
2020-08-31,2020-08-31,2 wk ahead inc death,2020-09-12,16,quantile,0.3,29.3333333333333,mean
2020-08-31,2020-08-31,2 wk ahead inc death,2020-09-12,16,quantile,0.35,31,mean
2020-08-31,2020-08-31,2 wk ahead inc death,2020-09-12,16,quantile,0.4,33.3333333333333,mean
2020-08-31,2020-08-31,2 wk ahead inc death,2020-09-12,16,quantile,0.45,35,mean
2020-08-31,2020-08-31,2 wk ahead inc death,2020-09-12,16,quantile,0.5,37.3333333333333,mean
2020-08-31,2020-08-31,2 wk ahead inc death,2020-09-12,16,quantile,0.55,39.4833333333333,mean
2020-08-31,2020-08-31,2 wk ahead inc death,2020-09-12,16,quantile,0.6,42,mean
2020-08-31,2020-08-31,2 wk ahead inc death,2020-09-12,16,quantile,0.65,44.6666666666667,mean
2020-08-31,2020-08-31,2 wk ahead inc death,2020-09-12,16,quantile,0.7,47.3333333333333,mean
2020-08-31,2020-08-31,2 wk ahead inc death,2020-09-12,16,quantile,0.75,51,mean
2020-08-31,2020-08-31,2 wk ahead inc death,2020-09-12,16,quantile,0.8,55.1333333333334,mean
2020-08-31,2020-08-31,2 wk ahead inc death,2020-09-12,16,quantile,0.85,61.0000000000001,mean
2020-08-31,2020-08-31,2 wk ahead inc death,2020-09-12,16,quantile,0.9,67.6666666666667,mean
2020-08-31,2020-08-31,2 wk ahead inc death,2020-09-12,16,quantile,0.95,79,mean
2020-08-31,2020-08-31,2 wk ahead inc death,2020-09-12,16,quantile,0.975,86.6666666666667,mean
2020-08-31,2020-08-31,2 wk ahead inc death,2020-09-12,16,quantile,0.99,94.6733333333333,mean
2020-08-31,2020-08-31,3 wk ahead inc death,2020-09-19,16,point,,35.5,mean
2020-08-31,2020-08-31,3 wk ahead inc death,2020-09-19,16,quantile,0.01,8.66666666666667,mean
2020-08-31,2020-08-31,3 wk ahead inc death,2020-09-19,16,quantile,0.025,11,mean
2020-08-31,2020-08-31,3 wk ahead inc death,2020-09-19,16,quantile,0.05,13.3333333333333,mean
2020-08-31,2020-08-31,3 wk ahead inc death,2020-09-19,16,quantile,0.1,16.3333333333333,mean
2020-08-31,2020-08-31,3 wk ahead inc death,2020-09-19,16,quantile,0.15,18.6666666666667,mean
2020-08-31,2020-08-31,3 wk ahead inc death,2020-09-19,16,quantile,0.2,21.2666666666667,mean
2020-08-31,2020-08-31,3 wk ahead inc death,2020-09-19,16,quantile,0.25,23.6666666666667,mean
2020-08-31,2020-08-31,3 wk ahead inc death,2020-09-19,16,quantile,0.3,25.6666666666667,mean
2020-08-31,2020-08-31,3 wk ahead inc death,2020-09-19,16,quantile,0.35,28.3333333333333,mean
2020-08-31,2020-08-31,3 wk ahead inc death,2020-09-19,16,quantile,0.4,30.3333333333333,mean
2020-08-31,2020-08-31,3 wk ahead inc death,2020-09-19,16,quantile,0.45,33,mean
2020-08-31,2020-08-31,3 wk ahead inc death,2020-09-19,16,quantile,0.5,35.5,mean
2020-08-31,2020-08-31,3 wk ahead inc death,2020-09-19,16,quantile,0.55,38.6666666666667,mean
2020-08-31,2020-08-31,3 wk ahead inc death,2020-09-19,16,quantile,0.6,42.6666666666667,mean
2020-08-31,2020-08-31,3 wk ahead inc death,2020-09-19,16,quantile,0.65,47,mean
2020-08-31,2020-08-31,3 wk ahead inc death,2020-09-19,16,quantile,0.7,51,mean
2020-08-31,2020-08-31,3 wk ahead inc death,2020-09-19,16,quantile,0.75,56.6666666666667,mean
2020-08-31,2020-08-31,3 wk ahead inc death,2020-09-19,16,quantile,0.8,65.3333333333333,mean
2020-08-31,2020-08-31,3 wk ahead inc death,2020-09-19,16,quantile,0.85,74.3333333333333,mean
2020-08-31,2020-08-31,3 wk ahead inc death,2020-09-19,16,quantile,0.9,88.3333333333333,mean
2020-08-31,2020-08-31,3 wk ahead inc death,2020-09-19,16,quantile,0.95,113.683333333333,mean
2020-08-31,2020-08-31,3 wk ahead inc death,2020-09-19,16,quantile,0.975,134.341666666667,mean
2020-08-31,2020-08-31,3 wk ahead inc death,2020-09-19,16,quantile,0.99,157.67,mean
2020-08-31,2020-08-31,4 wk ahead inc death,2020-09-26,16,point,,36,mean
2020-08-31,2020-08-31,4 wk ahead inc death,2020-09-26,16,quantile,0.01,5.99666666666667,mean
2020-08-31,2020-08-31,4 wk ahead inc death,2020-09-26,16,quantile,0.025,8,mean
2020-08-31,2020-08-31,4 wk ahead inc death,2020-09-26,16,quantile,0.05,10.3333333333333,mean
2020-08-31,2020-08-31,4 wk ahead inc death,2020-09-26,16,quantile,0.1,14,mean
2020-08-31,2020-08-31,4 wk ahead inc death,2020-09-26,16,quantile,0.15,16.6666666666667,mean
2020-08-31,2020-08-31,4 wk ahead inc death,2020-09-26,16,quantile,0.2,18.6666666666667,mean
2020-08-31,2020-08-31,4 wk ahead inc death,2020-09-26,16,quantile,0.25,21.3333333333333,mean
2020-08-31,2020-08-31,4 wk ahead inc death,2020-09-26,16,quantile,0.3,24,mean
2020-08-31,2020-08-31,4 wk ahead inc death,2020-09-26,16,quantile,0.35,26.6666666666667,mean
2020-08-31,2020-08-31,4 wk ahead inc death,2020-09-26,16,quantile,0.4,29.6666666666667,mean
2020-08-31,2020-08-31,4 wk ahead inc death,2020-09-26,16,quantile,0.45,32.85,mean
2020-08-31,2020-08-31,4 wk ahead inc death,2020-09-26,16,quantile,0.5,36,mean
2020-08-31,2020-08-31,4 wk ahead inc death,2020-09-26,16,quantile,0.55,40.3333333333333,mean
2020-08-31,2020-08-31,4 wk ahead inc death,2020-09-26,16,quantile,0.6,45.3333333333333,mean
2020-08-31,2020-08-31,4 wk ahead inc death,2020-09-26,16,quantile,0.65,51,mean
2020-08-31,2020-08-31,4 wk ahead inc death,2020-09-26,16,quantile,0.7,58.3333333333333,mean
2020-08-31,2020-08-31,4 wk ahead inc death,2020-09-26,16,quantile,0.75,68,mean
2020-08-31,2020-08-31,4 wk ahead inc death,2020-09-26,16,quantile,0.8,81.3333333333333,mean
2020-08-31,2020-08-31,4 wk ahead inc death,2020-09-26,16,quantile,0.85,100.383333333333,mean
2020-08-31,2020-08-31,4 wk ahead inc death,2020-09-26,16,quantile,0.9,127,mean
2020-08-31,2020-08-31,4 wk ahead inc death,2020-09-26,16,quantile,0.95,186.35,mean
2020-08-31,2020-08-31,4 wk ahead inc death,2020-09-26,16,quantile,0.975,232.016666666667,mean
2020-08-31,2020-08-31,4 wk ahead inc death,2020-09-26,16,quantile,0.99,283.673333333333,mean
2020-08-31,2020-08-31,1 wk ahead inc death,2020-09-05,17,point,,126,mean
2020-08-31,2020-08-31,1 wk ahead inc death,2020-09-05,17,quantile,0.01,75.9966666666667,mean
2020-08-31,2020-08-31,1 wk ahead inc death,2020-09-05,17,quantile,0.025,82.3333333333333,mean
2020-08-31,2020-08-31,1 wk ahead inc death,2020-09-05,17,quantile,0.05,88.3166666666667,mean
2020-08-31,2020-08-31,1 wk ahead inc death,2020-09-05,17,quantile,0.1,94.6666666666667,mean
2020-08-31,2020-08-31,1 wk ahead inc death,2020-09-05,17,quantile,0.15,100,mean
2020-08-31,2020-08-31,1 wk ahead inc death,2020-09-05,17,quantile,0.2,104.666666666667,mean
2020-08-31,2020-08-31,1 wk ahead inc death,2020-09-05,17,quantile,0.25,108.333333333333,mean
2020-08-31,2020-08-31,1 wk ahead inc death,2020-09-05,17,quantile,0.3,112,mean
2020-08-31,2020-08-31,1 wk ahead inc death,2020-09-05,17,quantile,0.35,115.333333333333,mean
2020-08-31,2020-08-31,1 wk ahead inc death,2020-09-05,17,quantile,0.4,119,mean
2020-08-31,2020-08-31,1 wk ahead inc death,2020-09-05,17,quantile,0.45,122.666666666667,mean
2020-08-31,2020-08-31,1 wk ahead inc death,2020-09-05,17,quantile,0.5,126,mean
2020-08-31,2020-08-31,1 wk ahead inc death,2020-09-05,17,quantile,0.55,129.333333333333,mean
2020-08-31,2020-08-31,1 wk ahead inc death,2020-09-05,17,quantile,0.6,133,mean
2020-08-31,2020-08-31,1 wk ahead inc death,2020-09-05,17,quantile,0.65,137,mean
2020-08-31,2020-08-31,1 wk ahead inc death,2020-09-05,17,quantile,0.7,140.766666666667,mean
2020-08-31,2020-08-31,1 wk ahead inc death,2020-09-05,17,quantile,0.75,145,mean
2020-08-31,2020-08-31,1 wk ahead inc death,2020-09-05,17,quantile,0.8,150,mean
2020-08-31,2020-08-31,1 wk ahead inc death,2020-09-05,17,quantile,0.85,156.666666666667,mean
2020-08-31,2020-08-31,1 wk ahead inc death,2020-09-05,17,quantile,0.9,163.333333333333,mean
2020-08-31,2020-08-31,1 wk ahead inc death,2020-09-05,17,quantile,0.95,174.033333333333,mean
2020-08-31,2020-08-31,1 wk ahead inc death,2020-09-05,17,quantile,0.975,183.666666666667,mean
2020-08-31,2020-08-31,1 wk ahead inc death,2020-09-05,17,quantile,0.99,194.343333333333,mean
2020-08-31,2020-08-31,2 wk ahead inc death,2020-09-12,17,point,,134.333333333333,mean
2020-08-31,2020-08-31,2 wk ahead inc death,2020-09-12,17,quantile,0.01,68.6633333333333,mean
2020-08-31,2020-08-31,2 wk ahead inc death,2020-09-12,17,quantile,0.025,75.9916666666667,mean
2020-08-31,2020-08-31,2 wk ahead inc death,2020-09-12,17,quantile,0.05,82.9833333333333,mean
2020-08-31,2020-08-31,2 wk ahead inc death,2020-09-12,17,quantile,0.1,91.3333333333333,mean
2020-08-31,2020-08-31,2 wk ahead inc death,2020-09-12,17,quantile,0.15,98.6166666666667,mean
2020-08-31,2020-08-31,2 wk ahead inc death,2020-09-12,17,quantile,0.2,104.666666666667,mean
2020-08-31,2020-08-31,2 wk ahead inc death,2020-09-12,17,quantile,0.25,110.333333333333,mean
2020-08-31,2020-08-31,2 wk ahead inc death,2020-09-12,17,quantile,0.3,115.333333333333,mean
2020-08-31,2020-08-31,2 wk ahead inc death,2020-09-12,17,quantile,0.35,120,mean
2020-08-31,2020-08-31,2 wk ahead inc death,2020-09-12,17,quantile,0.4,125,mean
2020-08-31,2020-08-31,2 wk ahead inc death,2020-09-12,17,quantile,0.45,130,mean
2020-08-31,2020-08-31,2 wk ahead inc death,2020-09-12,17,quantile,0.5,134.333333333333,mean
2020-08-31,2020-08-31,2 wk ahead inc death,2020-09-12,17,quantile,0.55,139.333333333333,mean
2020-08-31,2020-08-31,2 wk ahead inc death,2020-09-12,17,quantile,0.6,144.666666666667,mean
2020-08-31,2020-08-31,2 wk ahead inc death,2020-09-12,17,quantile,0.65,150,mean
2020-08-31,2020-08-31,2 wk ahead inc death,2020-09-12,17,quantile,0.7,156.333333333333,mean
2020-08-31,2020-08-31,2 wk ahead inc death,2020-09-12,17,quantile,0.75,162.416666666667,mean
2020-08-31,2020-08-31,2 wk ahead inc death,2020-09-12,17,quantile,0.8,170,mean
2020-08-31,2020-08-31,2 wk ahead inc death,2020-09-12,17,quantile,0.85,177.716666666667,mean
2020-08-31,2020-08-31,2 wk ahead inc death,2020-09-12,17,quantile,0.9,188.333333333333,mean
2020-08-31,2020-08-31,2 wk ahead inc death,2020-09-12,17,quantile,0.95,204.366666666667,mean
2020-08-31,2020-08-31,2 wk ahead inc death,2020-09-12,17,quantile,0.975,217,mean
2020-08-31,2020-08-31,2 wk ahead inc death,2020-09-12,17,quantile,0.99,232.343333333333,mean
2020-08-31,2020-08-31,3 wk ahead inc death,2020-09-19,17,point,,137,mean
2020-08-31,2020-08-31,3 wk ahead inc death,2020-09-19,17,quantile,0.01,60.33,mean
2020-08-31,2020-08-31,3 wk ahead inc death,2020-09-19,17,quantile,0.025,68.9916666666667,mean
2020-08-31,2020-08-31,3 wk ahead inc death,2020-09-19,17,quantile,0.05,76,mean
2020-08-31,2020-08-31,3 wk ahead inc death,2020-09-19,17,quantile,0.1,87.3,mean
2020-08-31,2020-08-31,3 wk ahead inc death,2020-09-19,17,quantile,0.15,95.3333333333333,mean
2020-08-31,2020-08-31,3 wk ahead inc death,2020-09-19,17,quantile,0.2,101.866666666667,mean
2020-08-31,2020-08-31,3 wk ahead inc death,2020-09-19,17,quantile,0.25,108,mean
2020-08-31,2020-08-31,3 wk ahead inc death,2020-09-19,17,quantile,0.3,114.333333333333,mean
2020-08-31,2020-08-31,3 wk ahead inc death,2020-09-19,17,quantile,0.35,120.333333333333,mean
2020-08-31,2020-08-31,3 wk ahead inc death,2020-09-19,17,quantile,0.4,125.666666666667,mean
2020-08-31,2020-08-31,3 wk ahead inc death,2020-09-19,17,quantile,0.45,132,mean
2020-08-31,2020-08-31,3 wk ahead inc death,2020-09-19,17,quantile,0.5,137,mean
2020-08-31,2020-08-31,3 wk ahead inc death,2020-09-19,17,quantile,0.55,143.666666666667,mean
2020-08-31,2020-08-31,3 wk ahead inc death,2020-09-19,17,quantile,0.6,151,mean
2020-08-31,2020-08-31,3 wk ahead inc death,2020-09-19,17,quantile,0.65,157.333333333333,mean
2020-08-31,2020-08-31,3 wk ahead inc death,2020-09-19,17,quantile,0.7,166,mean
2020-08-31,2020-08-31,3 wk ahead inc death,2020-09-19,17,quantile,0.75,174.666666666667,mean
2020-08-31,2020-08-31,3 wk ahead inc death,2020-09-19,17,quantile,0.8,183.066666666667,mean
2020-08-31,2020-08-31,3 wk ahead inc death,2020-09-19,17,quantile,0.85,196.716666666667,mean
2020-08-31,2020-08-31,3 wk ahead inc death,2020-09-19,17,quantile,0.9,210.366666666667,mean
2020-08-31,2020-08-31,3 wk ahead inc death,2020-09-19,17,quantile,0.95,230.683333333333,mean
2020-08-31,2020-08-31,3 wk ahead inc death,2020-09-19,17,quantile,0.975,248.35,mean
2020-08-31,2020-08-31,3 wk ahead inc death,2020-09-19,17,quantile,0.99,261.34,mean
2020-08-31,2020-08-31,4 wk ahead inc death,2020-09-26,17,point,,139.666666666667,mean
2020-08-31,2020-08-31,4 wk ahead inc death,2020-09-26,17,quantile,0.01,50.99,mean
2020-08-31,2020-08-31,4 wk ahead inc death,2020-09-26,17,quantile,0.025,61.6416666666667,mean
2020-08-31,2020-08-31,4 wk ahead inc death,2020-09-26,17,quantile,0.05,69.3333333333333,mean
2020-08-31,2020-08-31,4 wk ahead inc death,2020-09-26,17,quantile,0.1,79.6666666666667,mean
2020-08-31,2020-08-31,4 wk ahead inc death,2020-09-26,17,quantile,0.15,89.3333333333333,mean
2020-08-31,2020-08-31,4 wk ahead inc death,2020-09-26,17,quantile,0.2,98,mean
2020-08-31,2020-08-31,4 wk ahead inc death,2020-09-26,17,quantile,0.25,104.666666666667,mean
2020-08-31,2020-08-31,4 wk ahead inc death,2020-09-26,17,quantile,0.3,111.666666666667,mean
2020-08-31,2020-08-31,4 wk ahead inc death,2020-09-26,17,quantile,0.35,118.666666666667,mean
2020-08-31,2020-08-31,4 wk ahead inc death,2020-09-26,17,quantile,0.4,125.666666666667,mean
2020-08-31,2020-08-31,4 wk ahead inc death,2020-09-26,17,quantile,0.45,132.85,mean
2020-08-31,2020-08-31,4 wk ahead inc death,2020-09-26,17,quantile,0.5,139.666666666667,mean
2020-08-31,2020-08-31,4 wk ahead inc death,2020-09-26,17,quantile,0.55,147.333333333333,mean
2020-08-31,2020-08-31,4 wk ahead inc death,2020-09-26,17,quantile,0.6,155,mean
2020-08-31,2020-08-31,4 wk ahead inc death,2020-09-26,17,quantile,0.65,163.333333333333,mean
2020-08-31,2020-08-31,4 wk ahead inc death,2020-09-26,17,quantile,0.7,172.433333333333,mean
2020-08-31,2020-08-31,4 wk ahead inc death,2020-09-26,17,quantile,0.75,183.333333333333,mean
2020-08-31,2020-08-31,4 wk ahead inc death,2020-09-26,17,quantile,0.8,195.133333333333,mean
2020-08-31,2020-08-31,4 wk ahead inc death,2020-09-26,17,quantile,0.85,211.716666666667,mean
2020-08-31,2020-08-31,4 wk ahead inc death,2020-09-26,17,quantile,0.9,235.333333333333,mean
2020-08-31,2020-08-31,4 wk ahead inc death,2020-09-26,17,quantile,0.95,268.683333333333,mean
2020-08-31,2020-08-31,4 wk ahead inc death,2020-09-26,17,quantile,0.975,289.025,mean
2020-08-31,2020-08-31,4 wk ahead inc death,2020-09-26,17,quantile,0.99,324.686666666667,mean
2020-08-31,2020-08-31,1 wk ahead inc death,2020-09-05,18,point,,74.3333333333333,mean
2020-08-31,2020-08-31,1 wk ahead inc death,2020-09-05,18,quantile,0.01,42.66,mean
2020-08-31,2020-08-31,1 wk ahead inc death,2020-09-05,18,quantile,0.025,46.3333333333333,mean
2020-08-31,2020-08-31,1 wk ahead inc death,2020-09-05,18,quantile,0.05,49,mean
2020-08-31,2020-08-31,1 wk ahead inc death,2020-09-05,18,quantile,0.1,54,mean
2020-08-31,2020-08-31,1 wk ahead inc death,2020-09-05,18,quantile,0.15,58,mean
2020-08-31,2020-08-31,1 wk ahead inc death,2020-09-05,18,quantile,0.2,60,mean
2020-08-31,2020-08-31,1 wk ahead inc death,2020-09-05,18,quantile,0.25,63,mean
2020-08-31,2020-08-31,1 wk ahead inc death,2020-09-05,18,quantile,0.3,65.6666666666667,mean
2020-08-31,2020-08-31,1 wk ahead inc death,2020-09-05,18,quantile,0.35,67.6666666666667,mean
2020-08-31,2020-08-31,1 wk ahead inc death,2020-09-05,18,quantile,0.4,69.6666666666667,mean
2020-08-31,2020-08-31,1 wk ahead inc death,2020-09-05,18,quantile,0.45,72.3333333333333,mean
2020-08-31,2020-08-31,1 wk ahead inc death,2020-09-05,18,quantile,0.5,74.3333333333333,mean
2020-08-31,2020-08-31,1 wk ahead inc death,2020-09-05,18,quantile,0.55,76.6666666666667,mean
2020-08-31,2020-08-31,1 wk ahead inc death,2020-09-05,18,quantile,0.6,79,mean
2020-08-31,2020-08-31,1 wk ahead inc death,2020-09-05,18,quantile,0.65,81,mean
2020-08-31,2020-08-31,1 wk ahead inc death,2020-09-05,18,quantile,0.7,83.6666666666667,mean
2020-08-31,2020-08-31,1 wk ahead inc death,2020-09-05,18,quantile,0.75,86.3333333333333,mean
2020-08-31,2020-08-31,1 wk ahead inc death,2020-09-05,18,quantile,0.8,90,mean
2020-08-31,2020-08-31,1 wk ahead inc death,2020-09-05,18,quantile,0.85,93.3333333333333,mean
2020-08-31,2020-08-31,1 wk ahead inc death,2020-09-05,18,quantile,0.9,97.3333333333333,mean
2020-08-31,2020-08-31,1 wk ahead inc death,2020-09-05,18,quantile,0.95,104,mean
2020-08-31,2020-08-31,1 wk ahead inc death,2020-09-05,18,quantile,0.975,110.341666666667,mean
2020-08-31,2020-08-31,1 wk ahead inc death,2020-09-05,18,quantile,0.99,116.673333333333,mean
2020-08-31,2020-08-31,2 wk ahead inc death,2020-09-12,18,point,,79.8333333333333,mean
2020-08-31,2020-08-31,2 wk ahead inc death,2020-09-12,18,quantile,0.01,38.3266666666667,mean
2020-08-31,2020-08-31,2 wk ahead inc death,2020-09-12,18,quantile,0.025,42.9916666666667,mean
2020-08-31,2020-08-31,2 wk ahead inc death,2020-09-12,18,quantile,0.05,47,mean
2020-08-31,2020-08-31,2 wk ahead inc death,2020-09-12,18,quantile,0.1,53.3333333333333,mean
2020-08-31,2020-08-31,2 wk ahead inc death,2020-09-12,18,quantile,0.15,57.6166666666667,mean
2020-08-31,2020-08-31,2 wk ahead inc death,2020-09-12,18,quantile,0.2,61.3333333333333,mean
2020-08-31,2020-08-31,2 wk ahead inc death,2020-09-12,18,quantile,0.25,65,mean
2020-08-31,2020-08-31,2 wk ahead inc death,2020-09-12,18,quantile,0.3,68,mean
2020-08-31,2020-08-31,2 wk ahead inc death,2020-09-12,18,quantile,0.35,71.6666666666667,mean
2020-08-31,2020-08-31,2 wk ahead inc death,2020-09-12,18,quantile,0.4,74.3333333333333,mean
2020-08-31,2020-08-31,2 wk ahead inc death,2020-09-12,18,quantile,0.45,77.3333333333333,mean
2020-08-31,2020-08-31,2 wk ahead inc death,2020-09-12,18,quantile,0.5,79.8333333333333,mean
2020-08-31,2020-08-31,2 wk ahead inc death,2020-09-12,18,quantile,0.55,83,mean
2020-08-31,2020-08-31,2 wk ahead inc death,2020-09-12,18,quantile,0.6,85.6666666666667,mean
2020-08-31,2020-08-31,2 wk ahead inc death,2020-09-12,18,quantile,0.65,89.3333333333333,mean
2020-08-31,2020-08-31,2 wk ahead inc death,2020-09-12,18,quantile,0.7,92.4333333333333,mean
2020-08-31,2020-08-31,2 wk ahead inc death,2020-09-12,18,quantile,0.75,95.75,mean
2020-08-31,2020-08-31,2 wk ahead inc death,2020-09-12,18,quantile,0.8,99.6666666666667,mean
2020-08-31,2020-08-31,2 wk ahead inc death,2020-09-12,18,quantile,0.85,104.666666666667,mean
2020-08-31,2020-08-31,2 wk ahead inc death,2020-09-12,18,quantile,0.9,110.7,mean
2020-08-31,2020-08-31,2 wk ahead inc death,2020-09-12,18,quantile,0.95,119.683333333333,mean
2020-08-31,2020-08-31,2 wk ahead inc death,2020-09-12,18,quantile,0.975,127.675,mean
2020-08-31,2020-08-31,2 wk ahead inc death,2020-09-12,18,quantile,0.99,135.673333333333,mean
2020-08-31,2020-08-31,3 wk ahead inc death,2020-09-19,18,point,,82,mean
2020-08-31,2020-08-31,3 wk ahead inc death,2020-09-19,18,quantile,0.01,30.66,mean
2020-08-31,2020-08-31,3 wk ahead inc death,2020-09-19,18,quantile,0.025,36.6583333333333,mean
2020-08-31,2020-08-31,3 wk ahead inc death,2020-09-19,18,quantile,0.05,41,mean
2020-08-31,2020-08-31,3 wk ahead inc death,2020-09-19,18,quantile,0.1,48.6666666666667,mean
2020-08-31,2020-08-31,3 wk ahead inc death,2020-09-19,18,quantile,0.15,54.3333333333333,mean
2020-08-31,2020-08-31,3 wk ahead inc death,2020-09-19,18,quantile,0.2,59,mean
2020-08-31,2020-08-31,3 wk ahead inc death,2020-09-19,18,quantile,0.25,64,mean
2020-08-31,2020-08-31,3 wk ahead inc death,2020-09-19,18,quantile,0.3,67.3333333333333,mean
2020-08-31,2020-08-31,3 wk ahead inc death,2020-09-19,18,quantile,0.35,71.3333333333333,mean
2020-08-31,2020-08-31,3 wk ahead inc death,2020-09-19,18,quantile,0.4,75.6666666666667,mean
2020-08-31,2020-08-31,3 wk ahead inc death,2020-09-19,18,quantile,0.45,78.6666666666667,mean
2020-08-31,2020-08-31,3 wk ahead inc death,2020-09-19,18,quantile,0.5,82,mean
2020-08-31,2020-08-31,3 wk ahead inc death,2020-09-19,18,quantile,0.55,85.6666666666667,mean
2020-08-31,2020-08-31,3 wk ahead inc death,2020-09-19,18,quantile,0.6,89,mean
2020-08-31,2020-08-31,3 wk ahead inc death,2020-09-19,18,quantile,0.65,92.6666666666667,mean
2020-08-31,2020-08-31,3 wk ahead inc death,2020-09-19,18,quantile,0.7,96.7666666666667,mean
2020-08-31,2020-08-31,3 wk ahead inc death,2020-09-19,18,quantile,0.75,101.666666666667,mean
2020-08-31,2020-08-31,3 wk ahead inc death,2020-09-19,18,quantile,0.8,107.333333333333,mean
2020-08-31,2020-08-31,3 wk ahead inc death,2020-09-19,18,quantile,0.85,113.716666666667,mean
2020-08-31,2020-08-31,3 wk ahead inc death,2020-09-19,18,quantile,0.9,122,mean
2020-08-31,2020-08-31,3 wk ahead inc death,2020-09-19,18,quantile,0.95,135.666666666667,mean
2020-08-31,2020-08-31,3 wk ahead inc death,2020-09-19,18,quantile,0.975,146.008333333333,mean
2020-08-31,2020-08-31,3 wk ahead inc death,2020-09-19,18,quantile,0.99,162.666666666667,mean
2020-08-31,2020-08-31,4 wk ahead inc death,2020-09-26,18,point,,85.6666666666667,mean
2020-08-31,2020-08-31,4 wk ahead inc death,2020-09-26,18,quantile,0.01,23.99,mean
2020-08-31,2020-08-31,4 wk ahead inc death,2020-09-26,18,quantile,0.025,31,mean
2020-08-31,2020-08-31,4 wk ahead inc death,2020-09-26,18,quantile,0.05,37,mean
2020-08-31,2020-08-31,4 wk ahead inc death,2020-09-26,18,quantile,0.1,45.3333333333333,mean
2020-08-31,2020-08-31,4 wk ahead inc death,2020-09-26,18,quantile,0.15,51.6666666666667,mean
2020-08-31,2020-08-31,4 wk ahead inc death,2020-09-26,18,quantile,0.2,58.2666666666667,mean
2020-08-31,2020-08-31,4 wk ahead inc death,2020-09-26,18,quantile,0.25,62.6666666666667,mean
2020-08-31,2020-08-31,4 wk ahead inc death,2020-09-26,18,quantile,0.3,68,mean
2020-08-31,2020-08-31,4 wk ahead inc death,2020-09-26,18,quantile,0.35,72.3333333333333,mean
2020-08-31,2020-08-31,4 wk ahead inc death,2020-09-26,18,quantile,0.4,77.3333333333333,mean
2020-08-31,2020-08-31,4 wk ahead inc death,2020-09-26,18,quantile,0.45,81.6666666666667,mean
2020-08-31,2020-08-31,4 wk ahead inc death,2020-09-26,18,quantile,0.5,85.6666666666667,mean
2020-08-31,2020-08-31,4 wk ahead inc death,2020-09-26,18,quantile,0.55,90.15,mean
2020-08-31,2020-08-31,4 wk ahead inc death,2020-09-26,18,quantile,0.6,94.3333333333333,mean
2020-08-31,2020-08-31,4 wk ahead inc death,2020-09-26,18,quantile,0.65,99,mean
2020-08-31,2020-08-31,4 wk ahead inc death,2020-09-26,18,quantile,0.7,104,mean
2020-08-31,2020-08-31,4 wk ahead inc death,2020-09-26,18,quantile,0.75,110.666666666667,mean
2020-08-31,2020-08-31,4 wk ahead inc death,2020-09-26,18,quantile,0.8,117.333333333333,mean
2020-08-31,2020-08-31,4 wk ahead inc death,2020-09-26,18,quantile,0.85,126.1,mean
2020-08-31,2020-08-31,4 wk ahead inc death,2020-09-26,18,quantile,0.9,137,mean
2020-08-31,2020-08-31,4 wk ahead inc death,2020-09-26,18,quantile,0.95,156.35,mean
2020-08-31,2020-08-31,4 wk ahead inc death,2020-09-26,18,quantile,0.975,178.666666666667,mean
2020-08-31,2020-08-31,4 wk ahead inc death,2020-09-26,18,quantile,0.99,203.746666666667,mean
2020-08-31,2020-08-31,1 wk ahead inc death,2020-09-05,19,point,,79.6666666666667,mean
2020-08-31,2020-08-31,1 wk ahead inc death,2020-09-05,19,quantile,0.01,44,mean
2020-08-31,2020-08-31,1 wk ahead inc death,2020-09-05,19,quantile,0.025,47.6583333333333,mean
2020-08-31,2020-08-31,1 wk ahead inc death,2020-09-05,19,quantile,0.05,51,mean
2020-08-31,2020-08-31,1 wk ahead inc death,2020-09-05,19,quantile,0.1,55.6666666666667,mean
2020-08-31,2020-08-31,1 wk ahead inc death,2020-09-05,19,quantile,0.15,59.3333333333333,mean
2020-08-31,2020-08-31,1 wk ahead inc death,2020-09-05,19,quantile,0.2,62.6666666666667,mean
2020-08-31,2020-08-31,1 wk ahead inc death,2020-09-05,19,quantile,0.25,66,mean
2020-08-31,2020-08-31,1 wk ahead inc death,2020-09-05,19,quantile,0.3,68.3333333333333,mean
2020-08-31,2020-08-31,1 wk ahead inc death,2020-09-05,19,quantile,0.35,71,mean
2020-08-31,2020-08-31,1 wk ahead inc death,2020-09-05,19,quantile,0.4,73.6666666666667,mean
2020-08-31,2020-08-31,1 wk ahead inc death,2020-09-05,19,quantile,0.45,76.3333333333333,mean
2020-08-31,2020-08-31,1 wk ahead inc death,2020-09-05,19,quantile,0.5,79.6666666666667,mean
2020-08-31,2020-08-31,1 wk ahead inc death,2020-09-05,19,quantile,0.55,82.15,mean
2020-08-31,2020-08-31,1 wk ahead inc death,2020-09-05,19,quantile,0.6,85.3333333333333,mean
2020-08-31,2020-08-31,1 wk ahead inc death,2020-09-05,19,quantile,0.65,87.6666666666667,mean
2020-08-31,2020-08-31,1 wk ahead inc death,2020-09-05,19,quantile,0.7,91.6666666666667,mean
2020-08-31,2020-08-31,1 wk ahead inc death,2020-09-05,19,quantile,0.75,95,mean
2020-08-31,2020-08-31,1 wk ahead inc death,2020-09-05,19,quantile,0.8,99.3333333333333,mean
2020-08-31,2020-08-31,1 wk ahead inc death,2020-09-05,19,quantile,0.85,104.716666666667,mean
2020-08-31,2020-08-31,1 wk ahead inc death,2020-09-05,19,quantile,0.9,111.333333333333,mean
2020-08-31,2020-08-31,1 wk ahead inc death,2020-09-05,19,quantile,0.95,122.333333333333,mean
2020-08-31,2020-08-31,1 wk ahead inc death,2020-09-05,19,quantile,0.975,130.675,mean
2020-08-31,2020-08-31,1 wk ahead inc death,2020-09-05,19,quantile,0.99,140.003333333333,mean
2020-08-31,2020-08-31,2 wk ahead inc death,2020-09-12,19,point,,92.3333333333333,mean
2020-08-31,2020-08-31,2 wk ahead inc death,2020-09-12,19,quantile,0.01,37.6633333333333,mean
2020-08-31,2020-08-31,2 wk ahead inc death,2020-09-12,19,quantile,0.025,43.3333333333333,mean
2020-08-31,2020-08-31,2 wk ahead inc death,2020-09-12,19,quantile,0.05,48.9666666666667,mean
2020-08-31,2020-08-31,2 wk ahead inc death,2020-09-12,19,quantile,0.1,56.6666666666667,mean
2020-08-31,2020-08-31,2 wk ahead inc death,2020-09-12,19,quantile,0.15,62.3333333333333,mean
2020-08-31,2020-08-31,2 wk ahead inc death,2020-09-12,19,quantile,0.2,66.6666666666667,mean
2020-08-31,2020-08-31,2 wk ahead inc death,2020-09-12,19,quantile,0.25,70.9166666666667,mean
2020-08-31,2020-08-31,2 wk ahead inc death,2020-09-12,19,quantile,0.3,76.3333333333333,mean
2020-08-31,2020-08-31,2 wk ahead inc death,2020-09-12,19,quantile,0.35,80,mean
2020-08-31,2020-08-31,2 wk ahead inc death,2020-09-12,19,quantile,0.4,84.3333333333333,mean
2020-08-31,2020-08-31,2 wk ahead inc death,2020-09-12,19,quantile,0.45,88.5166666666667,mean
2020-08-31,2020-08-31,2 wk ahead inc death,2020-09-12,19,quantile,0.5,92.3333333333333,mean
2020-08-31,2020-08-31,2 wk ahead inc death,2020-09-12,19,quantile,0.55,96.8166666666667,mean
2020-08-31,2020-08-31,2 wk ahead inc death,2020-09-12,19,quantile,0.6,101.933333333333,mean
2020-08-31,2020-08-31,2 wk ahead inc death,2020-09-12,19,quantile,0.65,107.666666666667,mean
2020-08-31,2020-08-31,2 wk ahead inc death,2020-09-12,19,quantile,0.7,113.1,mean
2020-08-31,2020-08-31,2 wk ahead inc death,2020-09-12,19,quantile,0.75,119.333333333333,mean
2020-08-31,2020-08-31,2 wk ahead inc death,2020-09-12,19,quantile,0.8,125.333333333333,mean
2020-08-31,2020-08-31,2 wk ahead inc death,2020-09-12,19,quantile,0.85,133.666666666667,mean
2020-08-31,2020-08-31,2 wk ahead inc death,2020-09-12,19,quantile,0.9,147.333333333333,mean
2020-08-31,2020-08-31,2 wk ahead inc death,2020-09-12,19,quantile,0.95,166.35,mean
2020-08-31,2020-08-31,2 wk ahead inc death,2020-09-12,19,quantile,0.975,182.008333333333,mean
2020-08-31,2020-08-31,2 wk ahead inc death,2020-09-12,19,quantile,0.99,201.366666666667,mean
2020-08-31,2020-08-31,3 wk ahead inc death,2020-09-19,19,point,,115.666666666667,mean
2020-08-31,2020-08-31,3 wk ahead inc death,2020-09-19,19,quantile,0.01,43.6666666666667,mean
2020-08-31,2020-08-31,3 wk ahead inc death,2020-09-19,19,quantile,0.025,48.9916666666667,mean
2020-08-31,2020-08-31,3 wk ahead inc death,2020-09-19,19,quantile,0.05,55.9833333333333,mean
2020-08-31,2020-08-31,3 wk ahead inc death,2020-09-19,19,quantile,0.1,66,mean
2020-08-31,2020-08-31,3 wk ahead inc death,2020-09-19,19,quantile,0.15,73.2833333333333,mean
2020-08-31,2020-08-31,3 wk ahead inc death,2020-09-19,19,quantile,0.2,79.6666666666667,mean
2020-08-31,2020-08-31,3 wk ahead inc death,2020-09-19,19,quantile,0.25,86.5833333333333,mean
2020-08-31,2020-08-31,3 wk ahead inc death,2020-09-19,19,quantile,0.3,92.2333333333333,mean
2020-08-31,2020-08-31,3 wk ahead inc death,2020-09-19,19,quantile,0.35,98.3333333333333,mean
2020-08-31,2020-08-31,3 wk ahead inc death,2020-09-19,19,quantile,0.4,103.333333333333,mean
2020-08-31,2020-08-31,3 wk ahead inc death,2020-09-19,19,quantile,0.45,109.333333333333,mean
2020-08-31,2020-08-31,3 wk ahead inc death,2020-09-19,19,quantile,0.5,115.666666666667,mean
2020-08-31,2020-08-31,3 wk ahead inc death,2020-09-19,19,quantile,0.55,122,mean
2020-08-31,2020-08-31,3 wk ahead inc death,2020-09-19,19,quantile,0.6,127.666666666667,mean
2020-08-31,2020-08-31,3 wk ahead inc death,2020-09-19,19,quantile,0.65,135.45,mean
2020-08-31,2020-08-31,3 wk ahead inc death,2020-09-19,19,quantile,0.7,143.766666666667,mean
2020-08-31,2020-08-31,3 wk ahead inc death,2020-09-19,19,quantile,0.75,153,mean
2020-08-31,2020-08-31,3 wk ahead inc death,2020-09-19,19,quantile,0.8,166.066666666667,mean
2020-08-31,2020-08-31,3 wk ahead inc death,2020-09-19,19,quantile,0.85,182.383333333333,mean
2020-08-31,2020-08-31,3 wk ahead inc death,2020-09-19,19,quantile,0.9,206,mean
2020-08-31,2020-08-31,3 wk ahead inc death,2020-09-19,19,quantile,0.95,248.05,mean
2020-08-31,2020-08-31,3 wk ahead inc death,2020-09-19,19,quantile,0.975,301.066666666667,mean
2020-08-31,2020-08-31,3 wk ahead inc death,2020-09-19,19,quantile,0.99,363.033333333333,mean
2020-08-31,2020-08-31,4 wk ahead inc death,2020-09-26,19,point,,146,mean
2020-08-31,2020-08-31,4 wk ahead inc death,2020-09-26,19,quantile,0.01,46.9933333333333,mean
2020-08-31,2020-08-31,4 wk ahead inc death,2020-09-26,19,quantile,0.025,55.325,mean
2020-08-31,2020-08-31,4 wk ahead inc death,2020-09-26,19,quantile,0.05,65,mean
2020-08-31,2020-08-31,4 wk ahead inc death,2020-09-26,19,quantile,0.1,76.9333333333333,mean
2020-08-31,2020-08-31,4 wk ahead inc death,2020-09-26,19,quantile,0.15,86.6666666666667,mean
2020-08-31,2020-08-31,4 wk ahead inc death,2020-09-26,19,quantile,0.2,95.3333333333333,mean
2020-08-31,2020-08-31,4 wk ahead inc death,2020-09-26,19,quantile,0.25,104.25,mean
2020-08-31,2020-08-31,4 wk ahead inc death,2020-09-26,19,quantile,0.3,112.333333333333,mean
2020-08-31,2020-08-31,4 wk ahead inc death,2020-09-26,19,quantile,0.35,120.666666666667,mean
2020-08-31,2020-08-31,4 wk ahead inc death,2020-09-26,19,quantile,0.4,129.066666666667,mean
2020-08-31,2020-08-31,4 wk ahead inc death,2020-09-26,19,quantile,0.45,137.183333333333,mean
2020-08-31,2020-08-31,4 wk ahead inc death,2020-09-26,19,quantile,0.5,146,mean
2020-08-31,2020-08-31,4 wk ahead inc death,2020-09-26,19,quantile,0.55,154.15,mean
2020-08-31,2020-08-31,4 wk ahead inc death,2020-09-26,19,quantile,0.6,164.6,mean
2020-08-31,2020-08-31,4 wk ahead inc death,2020-09-26,19,quantile,0.65,177,mean
2020-08-31,2020-08-31,4 wk ahead inc death,2020-09-26,19,quantile,0.7,189.333333333333,mean
2020-08-31,2020-08-31,4 wk ahead inc death,2020-09-26,19,quantile,0.75,208.083333333333,mean
2020-08-31,2020-08-31,4 wk ahead inc death,2020-09-26,19,quantile,0.8,231.133333333333,mean
2020-08-31,2020-08-31,4 wk ahead inc death,2020-09-26,19,quantile,0.85,265.433333333333,mean
2020-08-31,2020-08-31,4 wk ahead inc death,2020-09-26,19,quantile,0.9,306.233333333334,mean
2020-08-31,2020-08-31,4 wk ahead inc death,2020-09-26,19,quantile,0.95,393.166666666667,mean
2020-08-31,2020-08-31,4 wk ahead inc death,2020-09-26,19,quantile,0.975,494.275,mean
2020-08-31,2020-08-31,4 wk ahead inc death,2020-09-26,19,quantile,0.99,671.776666666667,mean
2020-08-31,2020-08-31,1 wk ahead inc death,2020-09-05,20,point,,20.6666666666667,mean
2020-08-31,2020-08-31,1 wk ahead inc death,2020-09-05,20,quantile,0.01,7.33333333333333,mean
2020-08-31,2020-08-31,1 wk ahead inc death,2020-09-05,20,quantile,0.025,8.66666666666667,mean
2020-08-31,2020-08-31,1 wk ahead inc death,2020-09-05,20,quantile,0.05,10,mean
2020-08-31,2020-08-31,1 wk ahead inc death,2020-09-05,20,quantile,0.1,11.6666666666667,mean
2020-08-31,2020-08-31,1 wk ahead inc death,2020-09-05,20,quantile,0.15,12.6666666666667,mean
2020-08-31,2020-08-31,1 wk ahead inc death,2020-09-05,20,quantile,0.2,14.3333333333333,mean
2020-08-31,2020-08-31,1 wk ahead inc death,2020-09-05,20,quantile,0.25,15.3333333333333,mean
2020-08-31,2020-08-31,1 wk ahead inc death,2020-09-05,20,quantile,0.3,16.3333333333333,mean
2020-08-31,2020-08-31,1 wk ahead inc death,2020-09-05,20,quantile,0.35,17.6666666666667,mean
2020-08-31,2020-08-31,1 wk ahead inc death,2020-09-05,20,quantile,0.4,18.6666666666667,mean
2020-08-31,2020-08-31,1 wk ahead inc death,2020-09-05,20,quantile,0.45,19.6666666666667,mean
2020-08-31,2020-08-31,1 wk ahead inc death,2020-09-05,20,quantile,0.5,20.6666666666667,mean
2020-08-31,2020-08-31,1 wk ahead inc death,2020-09-05,20,quantile,0.55,21.6666666666667,mean
2020-08-31,2020-08-31,1 wk ahead inc death,2020-09-05,20,quantile,0.6,23,mean
2020-08-31,2020-08-31,1 wk ahead inc death,2020-09-05,20,quantile,0.65,24.3333333333333,mean
2020-08-31,2020-08-31,1 wk ahead inc death,2020-09-05,20,quantile,0.7,25.6666666666667,mean
2020-08-31,2020-08-31,1 wk ahead inc death,2020-09-05,20,quantile,0.75,27,mean
2020-08-31,2020-08-31,1 wk ahead inc death,2020-09-05,20,quantile,0.8,28.6666666666667,mean
2020-08-31,2020-08-31,1 wk ahead inc death,2020-09-05,20,quantile,0.85,31,mean
2020-08-31,2020-08-31,1 wk ahead inc death,2020-09-05,20,quantile,0.9,33.7,mean
2020-08-31,2020-08-31,1 wk ahead inc death,2020-09-05,20,quantile,0.95,39,mean
2020-08-31,2020-08-31,1 wk ahead inc death,2020-09-05,20,quantile,0.975,43,mean
2020-08-31,2020-08-31,1 wk ahead inc death,2020-09-05,20,quantile,0.99,48.3333333333333,mean
2020-08-31,2020-08-31,2 wk ahead inc death,2020-09-12,20,point,,25.3333333333333,mean
2020-08-31,2020-08-31,2 wk ahead inc death,2020-09-12,20,quantile,0.01,6.66666666666667,mean
2020-08-31,2020-08-31,2 wk ahead inc death,2020-09-12,20,quantile,0.025,8.99166666666667,mean
2020-08-31,2020-08-31,2 wk ahead inc death,2020-09-12,20,quantile,0.05,11,mean
2020-08-31,2020-08-31,2 wk ahead inc death,2020-09-12,20,quantile,0.1,13.6333333333333,mean
2020-08-31,2020-08-31,2 wk ahead inc death,2020-09-12,20,quantile,0.15,15.3333333333333,mean
2020-08-31,2020-08-31,2 wk ahead inc death,2020-09-12,20,quantile,0.2,17,mean
2020-08-31,2020-08-31,2 wk ahead inc death,2020-09-12,20,quantile,0.25,18.3333333333333,mean
2020-08-31,2020-08-31,2 wk ahead inc death,2020-09-12,20,quantile,0.3,19.6666666666667,mean
2020-08-31,2020-08-31,2 wk ahead inc death,2020-09-12,20,quantile,0.35,21,mean
2020-08-31,2020-08-31,2 wk ahead inc death,2020-09-12,20,quantile,0.4,22.3333333333333,mean
2020-08-31,2020-08-31,2 wk ahead inc death,2020-09-12,20,quantile,0.45,24,mean
2020-08-31,2020-08-31,2 wk ahead inc death,2020-09-12,20,quantile,0.5,25.3333333333333,mean
2020-08-31,2020-08-31,2 wk ahead inc death,2020-09-12,20,quantile,0.55,26.6666666666667,mean
2020-08-31,2020-08-31,2 wk ahead inc death,2020-09-12,20,quantile,0.6,28,mean
2020-08-31,2020-08-31,2 wk ahead inc death,2020-09-12,20,quantile,0.65,30,mean
2020-08-31,2020-08-31,2 wk ahead inc death,2020-09-12,20,quantile,0.7,31.6666666666667,mean
2020-08-31,2020-08-31,2 wk ahead inc death,2020-09-12,20,quantile,0.75,33.6666666666667,mean
2020-08-31,2020-08-31,2 wk ahead inc death,2020-09-12,20,quantile,0.8,36,mean
2020-08-31,2020-08-31,2 wk ahead inc death,2020-09-12,20,quantile,0.85,38.3833333333334,mean
2020-08-31,2020-08-31,2 wk ahead inc death,2020-09-12,20,quantile,0.9,42.3333333333333,mean
2020-08-31,2020-08-31,2 wk ahead inc death,2020-09-12,20,quantile,0.95,47.6666666666667,mean
2020-08-31,2020-08-31,2 wk ahead inc death,2020-09-12,20,quantile,0.975,53.3416666666667,mean
2020-08-31,2020-08-31,2 wk ahead inc death,2020-09-12,20,quantile,0.99,57.67,mean
2020-08-31,2020-08-31,3 wk ahead inc death,2020-09-19,20,point,,27,mean
2020-08-31,2020-08-31,3 wk ahead inc death,2020-09-19,20,quantile,0.01,6.66333333333333,mean
2020-08-31,2020-08-31,3 wk ahead inc death,2020-09-19,20,quantile,0.025,8.33333333333333,mean
2020-08-31,2020-08-31,3 wk ahead inc death,2020-09-19,20,quantile,0.05,10.3166666666667,mean
2020-08-31,2020-08-31,3 wk ahead inc death,2020-09-19,20,quantile,0.1,12.6666666666667,mean
2020-08-31,2020-08-31,3 wk ahead inc death,2020-09-19,20,quantile,0.15,15,mean
2020-08-31,2020-08-31,3 wk ahead inc death,2020-09-19,20,quantile,0.2,17.2666666666667,mean
2020-08-31,2020-08-31,3 wk ahead inc death,2020-09-19,20,quantile,0.25,19,mean
2020-08-31,2020-08-31,3 wk ahead inc death,2020-09-19,20,quantile,0.3,20.3333333333333,mean
2020-08-31,2020-08-31,3 wk ahead inc death,2020-09-19,20,quantile,0.35,22.3333333333333,mean
2020-08-31,2020-08-31,3 wk ahead inc death,2020-09-19,20,quantile,0.4,23.7333333333333,mean
2020-08-31,2020-08-31,3 wk ahead inc death,2020-09-19,20,quantile,0.45,25.1833333333333,mean
2020-08-31,2020-08-31,3 wk ahead inc death,2020-09-19,20,quantile,0.5,27,mean
2020-08-31,2020-08-31,3 wk ahead inc death,2020-09-19,20,quantile,0.55,28.3333333333333,mean
2020-08-31,2020-08-31,3 wk ahead inc death,2020-09-19,20,quantile,0.6,30.3333333333333,mean
2020-08-31,2020-08-31,3 wk ahead inc death,2020-09-19,20,quantile,0.65,32,mean
2020-08-31,2020-08-31,3 wk ahead inc death,2020-09-19,20,quantile,0.7,34,mean
2020-08-31,2020-08-31,3 wk ahead inc death,2020-09-19,20,quantile,0.75,36.3333333333333,mean
2020-08-31,2020-08-31,3 wk ahead inc death,2020-09-19,20,quantile,0.8,39,mean
2020-08-31,2020-08-31,3 wk ahead inc death,2020-09-19,20,quantile,0.85,43,mean
2020-08-31,2020-08-31,3 wk ahead inc death,2020-09-19,20,quantile,0.9,47,mean
2020-08-31,2020-08-31,3 wk ahead inc death,2020-09-19,20,quantile,0.95,54,mean
2020-08-31,2020-08-31,3 wk ahead inc death,2020-09-19,20,quantile,0.975,60.6666666666667,mean
2020-08-31,2020-08-31,3 wk ahead inc death,2020-09-19,20,quantile,0.99,67.0066666666667,mean
2020-08-31,2020-08-31,4 wk ahead inc death,2020-09-26,20,point,,27,mean
2020-08-31,2020-08-31,4 wk ahead inc death,2020-09-26,20,quantile,0.01,4.66666666666667,mean
2020-08-31,2020-08-31,4 wk ahead inc death,2020-09-26,20,quantile,0.025,6.65833333333333,mean
2020-08-31,2020-08-31,4 wk ahead inc death,2020-09-26,20,quantile,0.05,9,mean
2020-08-31,2020-08-31,4 wk ahead inc death,2020-09-26,20,quantile,0.1,11.3333333333333,mean
2020-08-31,2020-08-31,4 wk ahead inc death,2020-09-26,20,quantile,0.15,14,mean
2020-08-31,2020-08-31,4 wk ahead inc death,2020-09-26,20,quantile,0.2,15.6666666666667,mean
2020-08-31,2020-08-31,4 wk ahead inc death,2020-09-26,20,quantile,0.25,17.5833333333333,mean
2020-08-31,2020-08-31,4 wk ahead inc death,2020-09-26,20,quantile,0.3,19.3333333333333,mean
2020-08-31,2020-08-31,4 wk ahead inc death,2020-09-26,20,quantile,0.35,21,mean
2020-08-31,2020-08-31,4 wk ahead inc death,2020-09-26,20,quantile,0.4,23,mean
2020-08-31,2020-08-31,4 wk ahead inc death,2020-09-26,20,quantile,0.45,25,mean
2020-08-31,2020-08-31,4 wk ahead inc death,2020-09-26,20,quantile,0.5,27,mean
2020-08-31,2020-08-31,4 wk ahead inc death,2020-09-26,20,quantile,0.55,28.6666666666667,mean
2020-08-31,2020-08-31,4 wk ahead inc death,2020-09-26,20,quantile,0.6,30.6666666666667,mean
2020-08-31,2020-08-31,4 wk ahead inc death,2020-09-26,20,quantile,0.65,33,mean
2020-08-31,2020-08-31,4 wk ahead inc death,2020-09-26,20,quantile,0.7,35,mean
2020-08-31,2020-08-31,4 wk ahead inc death,2020-09-26,20,quantile,0.75,38,mean
2020-08-31,2020-08-31,4 wk ahead inc death,2020-09-26,20,quantile,0.8,41.3333333333333,mean
2020-08-31,2020-08-31,4 wk ahead inc death,2020-09-26,20,quantile,0.85,44.6666666666667,mean
2020-08-31,2020-08-31,4 wk ahead inc death,2020-09-26,20,quantile,0.9,50.6666666666667,mean
2020-08-31,2020-08-31,4 wk ahead inc death,2020-09-26,20,quantile,0.95,57.6833333333333,mean
2020-08-31,2020-08-31,4 wk ahead inc death,2020-09-26,20,quantile,0.975,65.0166666666667,mean
2020-08-31,2020-08-31,4 wk ahead inc death,2020-09-26,20,quantile,0.99,74.0166666666667,mean
2020-08-31,2020-08-31,1 wk ahead inc death,2020-09-05,21,point,,51.3333333333333,mean
2020-08-31,2020-08-31,1 wk ahead inc death,2020-09-05,21,quantile,0.01,29.6666666666667,mean
2020-08-31,2020-08-31,1 wk ahead inc death,2020-09-05,21,quantile,0.025,32,mean
2020-08-31,2020-08-31,1 wk ahead inc death,2020-09-05,21,quantile,0.05,34.3166666666667,mean
2020-08-31,2020-08-31,1 wk ahead inc death,2020-09-05,21,quantile,0.1,37,mean
2020-08-31,2020-08-31,1 wk ahead inc death,2020-09-05,21,quantile,0.15,39.6666666666667,mean
2020-08-31,2020-08-31,1 wk ahead inc death,2020-09-05,21,quantile,0.2,41.3333333333333,mean
2020-08-31,2020-08-31,1 wk ahead inc death,2020-09-05,21,quantile,0.25,43.6666666666667,mean
2020-08-31,2020-08-31,1 wk ahead inc death,2020-09-05,21,quantile,0.3,45,mean
2020-08-31,2020-08-31,1 wk ahead inc death,2020-09-05,21,quantile,0.35,47,mean
2020-08-31,2020-08-31,1 wk ahead inc death,2020-09-05,21,quantile,0.4,48,mean
2020-08-31,2020-08-31,1 wk ahead inc death,2020-09-05,21,quantile,0.45,49.6666666666667,mean
2020-08-31,2020-08-31,1 wk ahead inc death,2020-09-05,21,quantile,0.5,51.3333333333333,mean
2020-08-31,2020-08-31,1 wk ahead inc death,2020-09-05,21,quantile,0.55,52.8166666666667,mean
2020-08-31,2020-08-31,1 wk ahead inc death,2020-09-05,21,quantile,0.6,54.6666666666667,mean
2020-08-31,2020-08-31,1 wk ahead inc death,2020-09-05,21,quantile,0.65,56.45,mean
2020-08-31,2020-08-31,1 wk ahead inc death,2020-09-05,21,quantile,0.7,59,mean
2020-08-31,2020-08-31,1 wk ahead inc death,2020-09-05,21,quantile,0.75,61,mean
2020-08-31,2020-08-31,1 wk ahead inc death,2020-09-05,21,quantile,0.8,63,mean
2020-08-31,2020-08-31,1 wk ahead inc death,2020-09-05,21,quantile,0.85,66.05,mean
2020-08-31,2020-08-31,1 wk ahead inc death,2020-09-05,21,quantile,0.9,70.3333333333333,mean
2020-08-31,2020-08-31,1 wk ahead inc death,2020-09-05,21,quantile,0.95,75.6833333333333,mean
2020-08-31,2020-08-31,1 wk ahead inc death,2020-09-05,21,quantile,0.975,80.675,mean
2020-08-31,2020-08-31,1 wk ahead inc death,2020-09-05,21,quantile,0.99,86.0033333333333,mean
2020-08-31,2020-08-31,2 wk ahead inc death,2020-09-12,21,point,,54,mean
2020-08-31,2020-08-31,2 wk ahead inc death,2020-09-12,21,quantile,0.01,25.66,mean
2020-08-31,2020-08-31,2 wk ahead inc death,2020-09-12,21,quantile,0.025,28.3333333333333,mean
2020-08-31,2020-08-31,2 wk ahead inc death,2020-09-12,21,quantile,0.05,31.3333333333333,mean
2020-08-31,2020-08-31,2 wk ahead inc death,2020-09-12,21,quantile,0.1,35.6666666666667,mean
2020-08-31,2020-08-31,2 wk ahead inc death,2020-09-12,21,quantile,0.15,38.6666666666667,mean
2020-08-31,2020-08-31,2 wk ahead inc death,2020-09-12,21,quantile,0.2,40.6666666666667,mean
2020-08-31,2020-08-31,2 wk ahead inc death,2020-09-12,21,quantile,0.25,43.3333333333333,mean
2020-08-31,2020-08-31,2 wk ahead inc death,2020-09-12,21,quantile,0.3,46,mean
2020-08-31,2020-08-31,2 wk ahead inc death,2020-09-12,21,quantile,0.35,47.3333333333333,mean
2020-08-31,2020-08-31,2 wk ahead inc death,2020-09-12,21,quantile,0.4,49.6666666666667,mean
2020-08-31,2020-08-31,2 wk ahead inc death,2020-09-12,21,quantile,0.45,51.6666666666667,mean
2020-08-31,2020-08-31,2 wk ahead inc death,2020-09-12,21,quantile,0.5,54,mean
2020-08-31,2020-08-31,2 wk ahead inc death,2020-09-12,21,quantile,0.55,56.3333333333333,mean
2020-08-31,2020-08-31,2 wk ahead inc death,2020-09-12,21,quantile,0.6,58.4666666666667,mean
2020-08-31,2020-08-31,2 wk ahead inc death,2020-09-12,21,quantile,0.65,61.1166666666668,mean
2020-08-31,2020-08-31,2 wk ahead inc death,2020-09-12,21,quantile,0.7,64,mean
2020-08-31,2020-08-31,2 wk ahead inc death,2020-09-12,21,quantile,0.75,67.6666666666667,mean
2020-08-31,2020-08-31,2 wk ahead inc death,2020-09-12,21,quantile,0.8,70.6666666666667,mean
2020-08-31,2020-08-31,2 wk ahead inc death,2020-09-12,21,quantile,0.85,75,mean
2020-08-31,2020-08-31,2 wk ahead inc death,2020-09-12,21,quantile,0.9,80.3666666666667,mean
2020-08-31,2020-08-31,2 wk ahead inc death,2020-09-12,21,quantile,0.95,88,mean
2020-08-31,2020-08-31,2 wk ahead inc death,2020-09-12,21,quantile,0.975,93.6833333333333,mean
2020-08-31,2020-08-31,2 wk ahead inc death,2020-09-12,21,quantile,0.99,102.01,mean
2020-08-31,2020-08-31,3 wk ahead inc death,2020-09-19,21,point,,57.6666666666667,mean
2020-08-31,2020-08-31,3 wk ahead inc death,2020-09-19,21,quantile,0.01,23.3333333333333,mean
2020-08-31,2020-08-31,3 wk ahead inc death,2020-09-19,21,quantile,0.025,26.3333333333333,mean
2020-08-31,2020-08-31,3 wk ahead inc death,2020-09-19,21,quantile,0.05,30.3333333333333,mean
2020-08-31,2020-08-31,3 wk ahead inc death,2020-09-19,21,quantile,0.1,35,mean
2020-08-31,2020-08-31,3 wk ahead inc death,2020-09-19,21,quantile,0.15,38.6666666666667,mean
2020-08-31,2020-08-31,3 wk ahead inc death,2020-09-19,21,quantile,0.2,42,mean
2020-08-31,2020-08-31,3 wk ahead inc death,2020-09-19,21,quantile,0.25,44.6666666666667,mean
2020-08-31,2020-08-31,3 wk ahead inc death,2020-09-19,21,quantile,0.3,47,mean
2020-08-31,2020-08-31,3 wk ahead inc death,2020-09-19,21,quantile,0.35,50,mean
2020-08-31,2020-08-31,3 wk ahead inc death,2020-09-19,21,quantile,0.4,52.6666666666667,mean
2020-08-31,2020-08-31,3 wk ahead inc death,2020-09-19,21,quantile,0.45,55,mean
2020-08-31,2020-08-31,3 wk ahead inc death,2020-09-19,21,quantile,0.5,57.6666666666667,mean
2020-08-31,2020-08-31,3 wk ahead inc death,2020-09-19,21,quantile,0.55,60,mean
2020-08-31,2020-08-31,3 wk ahead inc death,2020-09-19,21,quantile,0.6,62.8,mean
2020-08-31,2020-08-31,3 wk ahead inc death,2020-09-19,21,quantile,0.65,66.0000000000001,mean
2020-08-31,2020-08-31,3 wk ahead inc death,2020-09-19,21,quantile,0.7,69.6666666666667,mean
2020-08-31,2020-08-31,3 wk ahead inc death,2020-09-19,21,quantile,0.75,74,mean
2020-08-31,2020-08-31,3 wk ahead inc death,2020-09-19,21,quantile,0.8,77.6666666666667,mean
2020-08-31,2020-08-31,3 wk ahead inc death,2020-09-19,21,quantile,0.85,83.6666666666667,mean
2020-08-31,2020-08-31,3 wk ahead inc death,2020-09-19,21,quantile,0.9,91,mean
2020-08-31,2020-08-31,3 wk ahead inc death,2020-09-19,21,quantile,0.95,102.666666666667,mean
2020-08-31,2020-08-31,3 wk ahead inc death,2020-09-19,21,quantile,0.975,113.008333333333,mean
2020-08-31,2020-08-31,3 wk ahead inc death,2020-09-19,21,quantile,0.99,122.67,mean
2020-08-31,2020-08-31,4 wk ahead inc death,2020-09-26,21,point,,60.6666666666667,mean
2020-08-31,2020-08-31,4 wk ahead inc death,2020-09-26,21,quantile,0.01,21,mean
2020-08-31,2020-08-31,4 wk ahead inc death,2020-09-26,21,quantile,0.025,23.9833333333333,mean
2020-08-31,2020-08-31,4 wk ahead inc death,2020-09-26,21,quantile,0.05,27.6666666666667,mean
2020-08-31,2020-08-31,4 wk ahead inc death,2020-09-26,21,quantile,0.1,33.6666666666667,mean
2020-08-31,2020-08-31,4 wk ahead inc death,2020-09-26,21,quantile,0.15,38.6666666666667,mean
2020-08-31,2020-08-31,4 wk ahead inc death,2020-09-26,21,quantile,0.2,42.3333333333333,mean
2020-08-31,2020-08-31,4 wk ahead inc death,2020-09-26,21,quantile,0.25,45.6666666666667,mean
2020-08-31,2020-08-31,4 wk ahead inc death,2020-09-26,21,quantile,0.3,48.6666666666667,mean
2020-08-31,2020-08-31,4 wk ahead inc death,2020-09-26,21,quantile,0.35,51.6666666666667,mean
2020-08-31,2020-08-31,4 wk ahead inc death,2020-09-26,21,quantile,0.4,55,mean
2020-08-31,2020-08-31,4 wk ahead inc death,2020-09-26,21,quantile,0.45,57.6666666666667,mean
2020-08-31,2020-08-31,4 wk ahead inc death,2020-09-26,21,quantile,0.5,60.6666666666667,mean
2020-08-31,2020-08-31,4 wk ahead inc death,2020-09-26,21,quantile,0.55,63.6666666666667,mean
2020-08-31,2020-08-31,4 wk ahead inc death,2020-09-26,21,quantile,0.6,67,mean
2020-08-31,2020-08-31,4 wk ahead inc death,2020-09-26,21,quantile,0.65,70.6666666666667,mean
2020-08-31,2020-08-31,4 wk ahead inc death,2020-09-26,21,quantile,0.7,75.3333333333333,mean
2020-08-31,2020-08-31,4 wk ahead inc death,2020-09-26,21,quantile,0.75,80.4166666666667,mean
2020-08-31,2020-08-31,4 wk ahead inc death,2020-09-26,21,quantile,0.8,86.6666666666667,mean
2020-08-31,2020-08-31,4 wk ahead inc death,2020-09-26,21,quantile,0.85,93.6666666666667,mean
2020-08-31,2020-08-31,4 wk ahead inc death,2020-09-26,21,quantile,0.9,104.666666666667,mean
2020-08-31,2020-08-31,4 wk ahead inc death,2020-09-26,21,quantile,0.95,120.666666666667,mean
2020-08-31,2020-08-31,4 wk ahead inc death,2020-09-26,21,quantile,0.975,135.666666666667,mean
2020-08-31,2020-08-31,4 wk ahead inc death,2020-09-26,21,quantile,0.99,151.676666666667,mean
2020-08-31,2020-08-31,1 wk ahead inc death,2020-09-05,22,point,,177.333333333333,mean
2020-08-31,2020-08-31,1 wk ahead inc death,2020-09-05,22,quantile,0.01,95.3266666666667,mean
2020-08-31,2020-08-31,1 wk ahead inc death,2020-09-05,22,quantile,0.025,102.991666666667,mean
2020-08-31,2020-08-31,1 wk ahead inc death,2020-09-05,22,quantile,0.05,111.3,mean
2020-08-31,2020-08-31,1 wk ahead inc death,2020-09-05,22,quantile,0.1,121.666666666667,mean
2020-08-31,2020-08-31,1 wk ahead inc death,2020-09-05,22,quantile,0.15,129.616666666667,mean
2020-08-31,2020-08-31,1 wk ahead inc death,2020-09-05,22,quantile,0.2,137.333333333333,mean
2020-08-31,2020-08-31,1 wk ahead inc death,2020-09-05,22,quantile,0.25,144.25,mean
2020-08-31,2020-08-31,1 wk ahead inc death,2020-09-05,22,quantile,0.3,150.233333333333,mean
2020-08-31,2020-08-31,1 wk ahead inc death,2020-09-05,22,quantile,0.35,157.333333333333,mean
2020-08-31,2020-08-31,1 wk ahead inc death,2020-09-05,22,quantile,0.4,163.333333333333,mean
2020-08-31,2020-08-31,1 wk ahead inc death,2020-09-05,22,quantile,0.45,170.333333333333,mean
2020-08-31,2020-08-31,1 wk ahead inc death,2020-09-05,22,quantile,0.5,177.333333333333,mean
2020-08-31,2020-08-31,1 wk ahead inc death,2020-09-05,22,quantile,0.55,182.333333333333,mean
2020-08-31,2020-08-31,1 wk ahead inc death,2020-09-05,22,quantile,0.6,189.666666666667,mean
2020-08-31,2020-08-31,1 wk ahead inc death,2020-09-05,22,quantile,0.65,195.666666666667,mean
2020-08-31,2020-08-31,1 wk ahead inc death,2020-09-05,22,quantile,0.7,203.666666666667,mean
2020-08-31,2020-08-31,1 wk ahead inc death,2020-09-05,22,quantile,0.75,211.333333333333,mean
2020-08-31,2020-08-31,1 wk ahead inc death,2020-09-05,22,quantile,0.8,220.733333333333,mean
2020-08-31,2020-08-31,1 wk ahead inc death,2020-09-05,22,quantile,0.85,231,mean
2020-08-31,2020-08-31,1 wk ahead inc death,2020-09-05,22,quantile,0.9,245.666666666667,mean
2020-08-31,2020-08-31,1 wk ahead inc death,2020-09-05,22,quantile,0.95,265.333333333333,mean
2020-08-31,2020-08-31,1 wk ahead inc death,2020-09-05,22,quantile,0.975,279.675,mean
2020-08-31,2020-08-31,1 wk ahead inc death,2020-09-05,22,quantile,0.99,296.343333333333,mean
2020-08-31,2020-08-31,2 wk ahead inc death,2020-09-12,22,point,,175.166666666667,mean
2020-08-31,2020-08-31,2 wk ahead inc death,2020-09-12,22,quantile,0.01,60.9866666666667,mean
2020-08-31,2020-08-31,2 wk ahead inc death,2020-09-12,22,quantile,0.025,71.6666666666667,mean
2020-08-31,2020-08-31,2 wk ahead inc death,2020-09-12,22,quantile,0.05,83.9833333333333,mean
2020-08-31,2020-08-31,2 wk ahead inc death,2020-09-12,22,quantile,0.1,98.6333333333333,mean
2020-08-31,2020-08-31,2 wk ahead inc death,2020-09-12,22,quantile,0.15,110,mean
2020-08-31,2020-08-31,2 wk ahead inc death,2020-09-12,22,quantile,0.2,120.666666666667,mean
2020-08-31,2020-08-31,2 wk ahead inc death,2020-09-12,22,quantile,0.25,130.666666666667,mean
2020-08-31,2020-08-31,2 wk ahead inc death,2020-09-12,22,quantile,0.3,138.9,mean
2020-08-31,2020-08-31,2 wk ahead inc death,2020-09-12,22,quantile,0.35,147.216666666667,mean
2020-08-31,2020-08-31,2 wk ahead inc death,2020-09-12,22,quantile,0.4,155,mean
2020-08-31,2020-08-31,2 wk ahead inc death,2020-09-12,22,quantile,0.45,164.666666666667,mean
2020-08-31,2020-08-31,2 wk ahead inc death,2020-09-12,22,quantile,0.5,175.166666666667,mean
2020-08-31,2020-08-31,2 wk ahead inc death,2020-09-12,22,quantile,0.55,182,mean
2020-08-31,2020-08-31,2 wk ahead inc death,2020-09-12,22,quantile,0.6,190.666666666667,mean
2020-08-31,2020-08-31,2 wk ahead inc death,2020-09-12,22,quantile,0.65,200.333333333333,mean
2020-08-31,2020-08-31,2 wk ahead inc death,2020-09-12,22,quantile,0.7,210.333333333333,mean
2020-08-31,2020-08-31,2 wk ahead inc death,2020-09-12,22,quantile,0.75,223,mean
2020-08-31,2020-08-31,2 wk ahead inc death,2020-09-12,22,quantile,0.8,238,mean
2020-08-31,2020-08-31,2 wk ahead inc death,2020-09-12,22,quantile,0.85,255.666666666667,mean
2020-08-31,2020-08-31,2 wk ahead inc death,2020-09-12,22,quantile,0.9,269.666666666667,mean
2020-08-31,2020-08-31,2 wk ahead inc death,2020-09-12,22,quantile,0.95,299.333333333333,mean
2020-08-31,2020-08-31,2 wk ahead inc death,2020-09-12,22,quantile,0.975,323.35,mean
2020-08-31,2020-08-31,2 wk ahead inc death,2020-09-12,22,quantile,0.99,342.676666666667,mean
2020-08-31,2020-08-31,3 wk ahead inc death,2020-09-19,22,point,,177.333333333333,mean
2020-08-31,2020-08-31,3 wk ahead inc death,2020-09-19,22,quantile,0.01,50.9933333333333,mean
2020-08-31,2020-08-31,3 wk ahead inc death,2020-09-19,22,quantile,0.025,62.6583333333333,mean
2020-08-31,2020-08-31,3 wk ahead inc death,2020-09-19,22,quantile,0.05,74.3166666666667,mean
2020-08-31,2020-08-31,3 wk ahead inc death,2020-09-19,22,quantile,0.1,90.3333333333333,mean
2020-08-31,2020-08-31,3 wk ahead inc death,2020-09-19,22,quantile,0.15,105.283333333333,mean
2020-08-31,2020-08-31,3 wk ahead inc death,2020-09-19,22,quantile,0.2,115.333333333333,mean
2020-08-31,2020-08-31,3 wk ahead inc death,2020-09-19,22,quantile,0.25,124.666666666667,mean
2020-08-31,2020-08-31,3 wk ahead inc death,2020-09-19,22,quantile,0.3,134.666666666667,mean
2020-08-31,2020-08-31,3 wk ahead inc death,2020-09-19,22,quantile,0.35,146,mean
2020-08-31,2020-08-31,3 wk ahead inc death,2020-09-19,22,quantile,0.4,156,mean
2020-08-31,2020-08-31,3 wk ahead inc death,2020-09-19,22,quantile,0.45,165.333333333333,mean
2020-08-31,2020-08-31,3 wk ahead inc death,2020-09-19,22,quantile,0.5,177.333333333333,mean
2020-08-31,2020-08-31,3 wk ahead inc death,2020-09-19,22,quantile,0.55,187.333333333333,mean
2020-08-31,2020-08-31,3 wk ahead inc death,2020-09-19,22,quantile,0.6,200,mean
2020-08-31,2020-08-31,3 wk ahead inc death,2020-09-19,22,quantile,0.65,211.233333333333,mean
2020-08-31,2020-08-31,3 wk ahead inc death,2020-09-19,22,quantile,0.7,224.666666666667,mean
2020-08-31,2020-08-31,3 wk ahead inc death,2020-09-19,22,quantile,0.75,240.083333333333,mean
2020-08-31,2020-08-31,3 wk ahead inc death,2020-09-19,22,quantile,0.8,257.666666666667,mean
2020-08-31,2020-08-31,3 wk ahead inc death,2020-09-19,22,quantile,0.85,273.666666666667,mean
2020-08-31,2020-08-31,3 wk ahead inc death,2020-09-19,22,quantile,0.9,298.333333333333,mean
2020-08-31,2020-08-31,3 wk ahead inc death,2020-09-19,22,quantile,0.95,336.016666666667,mean
2020-08-31,2020-08-31,3 wk ahead inc death,2020-09-19,22,quantile,0.975,359.341666666667,mean
2020-08-31,2020-08-31,3 wk ahead inc death,2020-09-19,22,quantile,0.99,388.693333333333,mean
2020-08-31,2020-08-31,4 wk ahead inc death,2020-09-26,22,point,,176.666666666667,mean
2020-08-31,2020-08-31,4 wk ahead inc death,2020-09-26,22,quantile,0.01,46.3233333333333,mean
2020-08-31,2020-08-31,4 wk ahead inc death,2020-09-26,22,quantile,0.025,56.325,mean
2020-08-31,2020-08-31,4 wk ahead inc death,2020-09-26,22,quantile,0.05,65.3166666666667,mean
2020-08-31,2020-08-31,4 wk ahead inc death,2020-09-26,22,quantile,0.1,84.3,mean
2020-08-31,2020-08-31,4 wk ahead inc death,2020-09-26,22,quantile,0.15,97.3333333333333,mean
2020-08-31,2020-08-31,4 wk ahead inc death,2020-09-26,22,quantile,0.2,109,mean
2020-08-31,2020-08-31,4 wk ahead inc death,2020-09-26,22,quantile,0.25,120.333333333333,mean
2020-08-31,2020-08-31,4 wk ahead inc death,2020-09-26,22,quantile,0.3,130.666666666667,mean
2020-08-31,2020-08-31,4 wk ahead inc death,2020-09-26,22,quantile,0.35,141.55,mean
2020-08-31,2020-08-31,4 wk ahead inc death,2020-09-26,22,quantile,0.4,153.333333333333,mean
2020-08-31,2020-08-31,4 wk ahead inc death,2020-09-26,22,quantile,0.45,164,mean
2020-08-31,2020-08-31,4 wk ahead inc death,2020-09-26,22,quantile,0.5,176.666666666667,mean
2020-08-31,2020-08-31,4 wk ahead inc death,2020-09-26,22,quantile,0.55,188.816666666667,mean
2020-08-31,2020-08-31,4 wk ahead inc death,2020-09-26,22,quantile,0.6,203,mean
2020-08-31,2020-08-31,4 wk ahead inc death,2020-09-26,22,quantile,0.65,216.783333333333,mean
2020-08-31,2020-08-31,4 wk ahead inc death,2020-09-26,22,quantile,0.7,232.766666666667,mean
2020-08-31,2020-08-31,4 wk ahead inc death,2020-09-26,22,quantile,0.75,250.666666666667,mean
2020-08-31,2020-08-31,4 wk ahead inc death,2020-09-26,22,quantile,0.8,272.333333333333,mean
2020-08-31,2020-08-31,4 wk ahead inc death,2020-09-26,22,quantile,0.85,296.716666666667,mean
2020-08-31,2020-08-31,4 wk ahead inc death,2020-09-26,22,quantile,0.9,326.733333333333,mean
2020-08-31,2020-08-31,4 wk ahead inc death,2020-09-26,22,quantile,0.95,374.033333333333,mean
2020-08-31,2020-08-31,4 wk ahead inc death,2020-09-26,22,quantile,0.975,418.683333333333,mean
2020-08-31,2020-08-31,4 wk ahead inc death,2020-09-26,22,quantile,0.99,475.676666666667,mean
2020-08-31,2020-08-31,1 wk ahead inc death,2020-09-05,23,point,,1.66666666666667,mean
2020-08-31,2020-08-31,1 wk ahead inc death,2020-09-05,23,quantile,0.01,0,mean
2020-08-31,2020-08-31,1 wk ahead inc death,2020-09-05,23,quantile,0.025,0,mean
2020-08-31,2020-08-31,1 wk ahead inc death,2020-09-05,23,quantile,0.05,0,mean
2020-08-31,2020-08-31,1 wk ahead inc death,2020-09-05,23,quantile,0.1,0.333333333333333,mean
2020-08-31,2020-08-31,1 wk ahead inc death,2020-09-05,23,quantile,0.15,0.333333333333333,mean
2020-08-31,2020-08-31,1 wk ahead inc death,2020-09-05,23,quantile,0.2,0.666666666666667,mean
2020-08-31,2020-08-31,1 wk ahead inc death,2020-09-05,23,quantile,0.25,1,mean
2020-08-31,2020-08-31,1 wk ahead inc death,2020-09-05,23,quantile,0.3,1,mean
2020-08-31,2020-08-31,1 wk ahead inc death,2020-09-05,23,quantile,0.35,1.33333333333333,mean
2020-08-31,2020-08-31,1 wk ahead inc death,2020-09-05,23,quantile,0.4,1.33333333333333,mean
2020-08-31,2020-08-31,1 wk ahead inc death,2020-09-05,23,quantile,0.45,1.66666666666667,mean
2020-08-31,2020-08-31,1 wk ahead inc death,2020-09-05,23,quantile,0.5,1.66666666666667,mean
2020-08-31,2020-08-31,1 wk ahead inc death,2020-09-05,23,quantile,0.55,2,mean
2020-08-31,2020-08-31,1 wk ahead inc death,2020-09-05,23,quantile,0.6,2,mean
2020-08-31,2020-08-31,1 wk ahead inc death,2020-09-05,23,quantile,0.65,2.66666666666667,mean
2020-08-31,2020-08-31,1 wk ahead inc death,2020-09-05,23,quantile,0.7,2.66666666666667,mean
2020-08-31,2020-08-31,1 wk ahead inc death,2020-09-05,23,quantile,0.75,3,mean
2020-08-31,2020-08-31,1 wk ahead inc death,2020-09-05,23,quantile,0.8,3.33333333333333,mean
2020-08-31,2020-08-31,1 wk ahead inc death,2020-09-05,23,quantile,0.85,3.66666666666667,mean
2020-08-31,2020-08-31,1 wk ahead inc death,2020-09-05,23,quantile,0.9,4.00000000000008,mean
2020-08-31,2020-08-31,1 wk ahead inc death,2020-09-05,23,quantile,0.95,5,mean
2020-08-31,2020-08-31,1 wk ahead inc death,2020-09-05,23,quantile,0.975,5.33333333333333,mean
2020-08-31,2020-08-31,1 wk ahead inc death,2020-09-05,23,quantile,0.99,6.33333333333333,mean
2020-08-31,2020-08-31,2 wk ahead inc death,2020-09-12,23,point,,2.66666666666667,mean
2020-08-31,2020-08-31,2 wk ahead inc death,2020-09-12,23,quantile,0.01,0,mean
2020-08-31,2020-08-31,2 wk ahead inc death,2020-09-12,23,quantile,0.025,0,mean
2020-08-31,2020-08-31,2 wk ahead inc death,2020-09-12,23,quantile,0.05,0.333333333333333,mean
2020-08-31,2020-08-31,2 wk ahead inc death,2020-09-12,23,quantile,0.1,0.666666666666667,mean
2020-08-31,2020-08-31,2 wk ahead inc death,2020-09-12,23,quantile,0.15,1,mean
2020-08-31,2020-08-31,2 wk ahead inc death,2020-09-12,23,quantile,0.2,1,mean
2020-08-31,2020-08-31,2 wk ahead inc death,2020-09-12,23,quantile,0.25,1.66666666666667,mean
2020-08-31,2020-08-31,2 wk ahead inc death,2020-09-12,23,quantile,0.3,1.66666666666667,mean
2020-08-31,2020-08-31,2 wk ahead inc death,2020-09-12,23,quantile,0.35,2,mean
2020-08-31,2020-08-31,2 wk ahead inc death,2020-09-12,23,quantile,0.4,2.33333333333333,mean
2020-08-31,2020-08-31,2 wk ahead inc death,2020-09-12,23,quantile,0.45,2.66666666666667,mean
2020-08-31,2020-08-31,2 wk ahead inc death,2020-09-12,23,quantile,0.5,2.66666666666667,mean
2020-08-31,2020-08-31,2 wk ahead inc death,2020-09-12,23,quantile,0.55,2.66666666666667,mean
2020-08-31,2020-08-31,2 wk ahead inc death,2020-09-12,23,quantile,0.6,3,mean
2020-08-31,2020-08-31,2 wk ahead inc death,2020-09-12,23,quantile,0.65,3.66666666666667,mean
2020-08-31,2020-08-31,2 wk ahead inc death,2020-09-12,23,quantile,0.7,4,mean
2020-08-31,2020-08-31,2 wk ahead inc death,2020-09-12,23,quantile,0.75,4,mean
2020-08-31,2020-08-31,2 wk ahead inc death,2020-09-12,23,quantile,0.8,4.66666666666667,mean
2020-08-31,2020-08-31,2 wk ahead inc death,2020-09-12,23,quantile,0.85,5,mean
2020-08-31,2020-08-31,2 wk ahead inc death,2020-09-12,23,quantile,0.9,6,mean
2020-08-31,2020-08-31,2 wk ahead inc death,2020-09-12,23,quantile,0.95,7.33333333333333,mean
2020-08-31,2020-08-31,2 wk ahead inc death,2020-09-12,23,quantile,0.975,8,mean
2020-08-31,2020-08-31,2 wk ahead inc death,2020-09-12,23,quantile,0.99,9,mean
2020-08-31,2020-08-31,3 wk ahead inc death,2020-09-19,23,point,,3,mean
2020-08-31,2020-08-31,3 wk ahead inc death,2020-09-19,23,quantile,0.01,0,mean
2020-08-31,2020-08-31,3 wk ahead inc death,2020-09-19,23,quantile,0.025,0.333333333333333,mean
2020-08-31,2020-08-31,3 wk ahead inc death,2020-09-19,23,quantile,0.05,0.333333333333333,mean
2020-08-31,2020-08-31,3 wk ahead inc death,2020-09-19,23,quantile,0.1,1,mean
2020-08-31,2020-08-31,3 wk ahead inc death,2020-09-19,23,quantile,0.15,1,mean
2020-08-31,2020-08-31,3 wk ahead inc death,2020-09-19,23,quantile,0.2,1.66666666666667,mean
2020-08-31,2020-08-31,3 wk ahead inc death,2020-09-19,23,quantile,0.25,1.66666666666667,mean
2020-08-31,2020-08-31,3 wk ahead inc death,2020-09-19,23,quantile,0.3,1.66666666666667,mean
2020-08-31,2020-08-31,3 wk ahead inc death,2020-09-19,23,quantile,0.35,2.21666666666668,mean
2020-08-31,2020-08-31,3 wk ahead inc death,2020-09-19,23,quantile,0.4,2.66666666666667,mean
2020-08-31,2020-08-31,3 wk ahead inc death,2020-09-19,23,quantile,0.45,2.66666666666667,mean
2020-08-31,2020-08-31,3 wk ahead inc death,2020-09-19,23,quantile,0.5,3,mean
2020-08-31,2020-08-31,3 wk ahead inc death,2020-09-19,23,quantile,0.55,3.33333333333333,mean
2020-08-31,2020-08-31,3 wk ahead inc death,2020-09-19,23,quantile,0.6,3.33333333333333,mean
2020-08-31,2020-08-31,3 wk ahead inc death,2020-09-19,23,quantile,0.65,4,mean
2020-08-31,2020-08-31,3 wk ahead inc death,2020-09-19,23,quantile,0.7,4.33333333333333,mean
2020-08-31,2020-08-31,3 wk ahead inc death,2020-09-19,23,quantile,0.75,4.66666666666667,mean
2020-08-31,2020-08-31,3 wk ahead inc death,2020-09-19,23,quantile,0.8,5.33333333333333,mean
2020-08-31,2020-08-31,3 wk ahead inc death,2020-09-19,23,quantile,0.85,6,mean
2020-08-31,2020-08-31,3 wk ahead inc death,2020-09-19,23,quantile,0.9,6.66666666666667,mean
2020-08-31,2020-08-31,3 wk ahead inc death,2020-09-19,23,quantile,0.95,8,mean
2020-08-31,2020-08-31,3 wk ahead inc death,2020-09-19,23,quantile,0.975,9.66666666666667,mean
2020-08-31,2020-08-31,3 wk ahead inc death,2020-09-19,23,quantile,0.99,10.3333333333333,mean
2020-08-31,2020-08-31,4 wk ahead inc death,2020-09-26,23,point,,3.33333333333333,mean
2020-08-31,2020-08-31,4 wk ahead inc death,2020-09-26,23,quantile,0.01,0.33,mean
2020-08-31,2020-08-31,4 wk ahead inc death,2020-09-26,23,quantile,0.025,0.333333333333333,mean
2020-08-31,2020-08-31,4 wk ahead inc death,2020-09-26,23,quantile,0.05,0.666666666666667,mean
2020-08-31,2020-08-31,4 wk ahead inc death,2020-09-26,23,quantile,0.1,1,mean
2020-08-31,2020-08-31,4 wk ahead inc death,2020-09-26,23,quantile,0.15,1.33333333333333,mean
2020-08-31,2020-08-31,4 wk ahead inc death,2020-09-26,23,quantile,0.2,1.66666666666667,mean
2020-08-31,2020-08-31,4 wk ahead inc death,2020-09-26,23,quantile,0.25,2,mean
2020-08-31,2020-08-31,4 wk ahead inc death,2020-09-26,23,quantile,0.3,2,mean
2020-08-31,2020-08-31,4 wk ahead inc death,2020-09-26,23,quantile,0.35,2.33333333333333,mean
2020-08-31,2020-08-31,4 wk ahead inc death,2020-09-26,23,quantile,0.4,2.66666666666667,mean
2020-08-31,2020-08-31,4 wk ahead inc death,2020-09-26,23,quantile,0.45,3,mean
2020-08-31,2020-08-31,4 wk ahead inc death,2020-09-26,23,quantile,0.5,3.33333333333333,mean
2020-08-31,2020-08-31,4 wk ahead inc death,2020-09-26,23,quantile,0.55,3.66666666666667,mean
2020-08-31,2020-08-31,4 wk ahead inc death,2020-09-26,23,quantile,0.6,4,mean
2020-08-31,2020-08-31,4 wk ahead inc death,2020-09-26,23,quantile,0.65,4.33333333333333,mean
2020-08-31,2020-08-31,4 wk ahead inc death,2020-09-26,23,quantile,0.7,5,mean
2020-08-31,2020-08-31,4 wk ahead inc death,2020-09-26,23,quantile,0.75,5.33333333333333,mean
2020-08-31,2020-08-31,4 wk ahead inc death,2020-09-26,23,quantile,0.8,6,mean
2020-08-31,2020-08-31,4 wk ahead inc death,2020-09-26,23,quantile,0.85,6.66666666666667,mean
2020-08-31,2020-08-31,4 wk ahead inc death,2020-09-26,23,quantile,0.9,7.66666666666667,mean
2020-08-31,2020-08-31,4 wk ahead inc death,2020-09-26,23,quantile,0.95,9.66666666666667,mean
2020-08-31,2020-08-31,4 wk ahead inc death,2020-09-26,23,quantile,0.975,11,mean
2020-08-31,2020-08-31,4 wk ahead inc death,2020-09-26,23,quantile,0.99,13.67,mean
2020-08-31,2020-08-31,1 wk ahead inc death,2020-09-05,24,point,,47.6666666666667,mean
2020-08-31,2020-08-31,1 wk ahead inc death,2020-09-05,24,quantile,0.01,27,mean
2020-08-31,2020-08-31,1 wk ahead inc death,2020-09-05,24,quantile,0.025,29.6583333333333,mean
2020-08-31,2020-08-31,1 wk ahead inc death,2020-09-05,24,quantile,0.05,31.3333333333333,mean
2020-08-31,2020-08-31,1 wk ahead inc death,2020-09-05,24,quantile,0.1,34.3333333333333,mean
2020-08-31,2020-08-31,1 wk ahead inc death,2020-09-05,24,quantile,0.15,36.6166666666667,mean
2020-08-31,2020-08-31,1 wk ahead inc death,2020-09-05,24,quantile,0.2,38.3333333333333,mean
2020-08-31,2020-08-31,1 wk ahead inc death,2020-09-05,24,quantile,0.25,40,mean
2020-08-31,2020-08-31,1 wk ahead inc death,2020-09-05,24,quantile,0.3,41.6666666666667,mean
2020-08-31,2020-08-31,1 wk ahead inc death,2020-09-05,24,quantile,0.35,43,mean
2020-08-31,2020-08-31,1 wk ahead inc death,2020-09-05,24,quantile,0.4,44.6666666666667,mean
2020-08-31,2020-08-31,1 wk ahead inc death,2020-09-05,24,quantile,0.45,46.1833333333333,mean
2020-08-31,2020-08-31,1 wk ahead inc death,2020-09-05,24,quantile,0.5,47.6666666666667,mean
2020-08-31,2020-08-31,1 wk ahead inc death,2020-09-05,24,quantile,0.55,49.15,mean
2020-08-31,2020-08-31,1 wk ahead inc death,2020-09-05,24,quantile,0.6,50.6666666666667,mean
2020-08-31,2020-08-31,1 wk ahead inc death,2020-09-05,24,quantile,0.65,52.3333333333333,mean
2020-08-31,2020-08-31,1 wk ahead inc death,2020-09-05,24,quantile,0.7,54,mean
2020-08-31,2020-08-31,1 wk ahead inc death,2020-09-05,24,quantile,0.75,55.6666666666667,mean
2020-08-31,2020-08-31,1 wk ahead inc death,2020-09-05,24,quantile,0.8,57.3333333333333,mean
2020-08-31,2020-08-31,1 wk ahead inc death,2020-09-05,24,quantile,0.85,60.6666666666667,mean
2020-08-31,2020-08-31,1 wk ahead inc death,2020-09-05,24,quantile,0.9,63.6666666666667,mean
2020-08-31,2020-08-31,1 wk ahead inc death,2020-09-05,24,quantile,0.95,68.3333333333333,mean
2020-08-31,2020-08-31,1 wk ahead inc death,2020-09-05,24,quantile,0.975,72.3333333333333,mean
2020-08-31,2020-08-31,1 wk ahead inc death,2020-09-05,24,quantile,0.99,75.0066666666667,mean
2020-08-31,2020-08-31,2 wk ahead inc death,2020-09-12,24,point,,48.6666666666667,mean
2020-08-31,2020-08-31,2 wk ahead inc death,2020-09-12,24,quantile,0.01,22.33,mean
2020-08-31,2020-08-31,2 wk ahead inc death,2020-09-12,24,quantile,0.025,25.3333333333333,mean
2020-08-31,2020-08-31,2 wk ahead inc death,2020-09-12,24,quantile,0.05,28.3333333333333,mean
2020-08-31,2020-08-31,2 wk ahead inc death,2020-09-12,24,quantile,0.1,32,mean
2020-08-31,2020-08-31,2 wk ahead inc death,2020-09-12,24,quantile,0.15,35,mean
2020-08-31,2020-08-31,2 wk ahead inc death,2020-09-12,24,quantile,0.2,37.3333333333333,mean
2020-08-31,2020-08-31,2 wk ahead inc death,2020-09-12,24,quantile,0.25,39.6666666666667,mean
2020-08-31,2020-08-31,2 wk ahead inc death,2020-09-12,24,quantile,0.3,41.2333333333333,mean
2020-08-31,2020-08-31,2 wk ahead inc death,2020-09-12,24,quantile,0.35,43.3333333333333,mean
2020-08-31,2020-08-31,2 wk ahead inc death,2020-09-12,24,quantile,0.4,45,mean
2020-08-31,2020-08-31,2 wk ahead inc death,2020-09-12,24,quantile,0.45,47,mean
2020-08-31,2020-08-31,2 wk ahead inc death,2020-09-12,24,quantile,0.5,48.6666666666667,mean
2020-08-31,2020-08-31,2 wk ahead inc death,2020-09-12,24,quantile,0.55,50.6666666666667,mean
2020-08-31,2020-08-31,2 wk ahead inc death,2020-09-12,24,quantile,0.6,52.3333333333333,mean
2020-08-31,2020-08-31,2 wk ahead inc death,2020-09-12,24,quantile,0.65,54.6666666666667,mean
2020-08-31,2020-08-31,2 wk ahead inc death,2020-09-12,24,quantile,0.7,56.4333333333334,mean
2020-08-31,2020-08-31,2 wk ahead inc death,2020-09-12,24,quantile,0.75,59.6666666666667,mean
2020-08-31,2020-08-31,2 wk ahead inc death,2020-09-12,24,quantile,0.8,62.3333333333333,mean
2020-08-31,2020-08-31,2 wk ahead inc death,2020-09-12,24,quantile,0.85,65.6666666666667,mean
2020-08-31,2020-08-31,2 wk ahead inc death,2020-09-12,24,quantile,0.9,70.6666666666667,mean
2020-08-31,2020-08-31,2 wk ahead inc death,2020-09-12,24,quantile,0.95,78.3333333333333,mean
2020-08-31,2020-08-31,2 wk ahead inc death,2020-09-12,24,quantile,0.975,83.0083333333334,mean
2020-08-31,2020-08-31,2 wk ahead inc death,2020-09-12,24,quantile,0.99,88.34,mean
2020-08-31,2020-08-31,3 wk ahead inc death,2020-09-19,24,point,,49,mean
2020-08-31,2020-08-31,3 wk ahead inc death,2020-09-19,24,quantile,0.01,20,mean
2020-08-31,2020-08-31,3 wk ahead inc death,2020-09-19,24,quantile,0.025,22.3333333333333,mean
2020-08-31,2020-08-31,3 wk ahead inc death,2020-09-19,24,quantile,0.05,25.6666666666667,mean
2020-08-31,2020-08-31,3 wk ahead inc death,2020-09-19,24,quantile,0.1,29.9666666666667,mean
2020-08-31,2020-08-31,3 wk ahead inc death,2020-09-19,24,quantile,0.15,33,mean
2020-08-31,2020-08-31,3 wk ahead inc death,2020-09-19,24,quantile,0.2,35.6666666666667,mean
2020-08-31,2020-08-31,3 wk ahead inc death,2020-09-19,24,quantile,0.25,38,mean
2020-08-31,2020-08-31,3 wk ahead inc death,2020-09-19,24,quantile,0.3,40.3333333333333,mean
2020-08-31,2020-08-31,3 wk ahead inc death,2020-09-19,24,quantile,0.35,42.8833333333333,mean
2020-08-31,2020-08-31,3 wk ahead inc death,2020-09-19,24,quantile,0.4,45,mean
2020-08-31,2020-08-31,3 wk ahead inc death,2020-09-19,24,quantile,0.45,46.6666666666667,mean
2020-08-31,2020-08-31,3 wk ahead inc death,2020-09-19,24,quantile,0.5,49,mean
2020-08-31,2020-08-31,3 wk ahead inc death,2020-09-19,24,quantile,0.55,51.3333333333333,mean
2020-08-31,2020-08-31,3 wk ahead inc death,2020-09-19,24,quantile,0.6,54,mean
2020-08-31,2020-08-31,3 wk ahead inc death,2020-09-19,24,quantile,0.65,56.7833333333334,mean
2020-08-31,2020-08-31,3 wk ahead inc death,2020-09-19,24,quantile,0.7,59.6666666666667,mean
2020-08-31,2020-08-31,3 wk ahead inc death,2020-09-19,24,quantile,0.75,62.0833333333334,mean
2020-08-31,2020-08-31,3 wk ahead inc death,2020-09-19,24,quantile,0.8,66,mean
2020-08-31,2020-08-31,3 wk ahead inc death,2020-09-19,24,quantile,0.85,70.6666666666667,mean
2020-08-31,2020-08-31,3 wk ahead inc death,2020-09-19,24,quantile,0.9,77.6666666666667,mean
2020-08-31,2020-08-31,3 wk ahead inc death,2020-09-19,24,quantile,0.95,87.35,mean
2020-08-31,2020-08-31,3 wk ahead inc death,2020-09-19,24,quantile,0.975,96.0083333333333,mean
2020-08-31,2020-08-31,3 wk ahead inc death,2020-09-19,24,quantile,0.99,104.336666666667,mean
2020-08-31,2020-08-31,4 wk ahead inc death,2020-09-26,24,point,,49.3333333333333,mean
2020-08-31,2020-08-31,4 wk ahead inc death,2020-09-26,24,quantile,0.01,16,mean
2020-08-31,2020-08-31,4 wk ahead inc death,2020-09-26,24,quantile,0.025,19.3333333333333,mean
2020-08-31,2020-08-31,4 wk ahead inc death,2020-09-26,24,quantile,0.05,22.6666666666667,mean
2020-08-31,2020-08-31,4 wk ahead inc death,2020-09-26,24,quantile,0.1,27,mean
2020-08-31,2020-08-31,4 wk ahead inc death,2020-09-26,24,quantile,0.15,31,mean
2020-08-31,2020-08-31,4 wk ahead inc death,2020-09-26,24,quantile,0.2,34,mean
2020-08-31,2020-08-31,4 wk ahead inc death,2020-09-26,24,quantile,0.25,37.3333333333333,mean
2020-08-31,2020-08-31,4 wk ahead inc death,2020-09-26,24,quantile,0.3,40,mean
2020-08-31,2020-08-31,4 wk ahead inc death,2020-09-26,24,quantile,0.35,42.3333333333333,mean
2020-08-31,2020-08-31,4 wk ahead inc death,2020-09-26,24,quantile,0.4,44.8666666666667,mean
2020-08-31,2020-08-31,4 wk ahead inc death,2020-09-26,24,quantile,0.45,47.3333333333333,mean
2020-08-31,2020-08-31,4 wk ahead inc death,2020-09-26,24,quantile,0.5,49.3333333333333,mean
2020-08-31,2020-08-31,4 wk ahead inc death,2020-09-26,24,quantile,0.55,52.6666666666667,mean
2020-08-31,2020-08-31,4 wk ahead inc death,2020-09-26,24,quantile,0.6,55.3333333333333,mean
2020-08-31,2020-08-31,4 wk ahead inc death,2020-09-26,24,quantile,0.65,58.6666666666667,mean
2020-08-31,2020-08-31,4 wk ahead inc death,2020-09-26,24,quantile,0.7,62.3333333333333,mean
2020-08-31,2020-08-31,4 wk ahead inc death,2020-09-26,24,quantile,0.75,66.3333333333333,mean
2020-08-31,2020-08-31,4 wk ahead inc death,2020-09-26,24,quantile,0.8,71.3333333333333,mean
2020-08-31,2020-08-31,4 wk ahead inc death,2020-09-26,24,quantile,0.85,77.3333333333333,mean
2020-08-31,2020-08-31,4 wk ahead inc death,2020-09-26,24,quantile,0.9,85.6666666666667,mean
2020-08-31,2020-08-31,4 wk ahead inc death,2020-09-26,24,quantile,0.95,101.666666666667,mean
2020-08-31,2020-08-31,4 wk ahead inc death,2020-09-26,24,quantile,0.975,116.675,mean
2020-08-31,2020-08-31,4 wk ahead inc death,2020-09-26,24,quantile,0.99,132.7,mean
2020-08-31,2020-08-31,1 wk ahead inc death,2020-09-05,25,point,,107.666666666667,mean
2020-08-31,2020-08-31,1 wk ahead inc death,2020-09-05,25,quantile,0.01,61.66,mean
2020-08-31,2020-08-31,1 wk ahead inc death,2020-09-05,25,quantile,0.025,66.3333333333333,mean
2020-08-31,2020-08-31,1 wk ahead inc death,2020-09-05,25,quantile,0.05,71,mean
2020-08-31,2020-08-31,1 wk ahead inc death,2020-09-05,25,quantile,0.1,78,mean
2020-08-31,2020-08-31,1 wk ahead inc death,2020-09-05,25,quantile,0.15,84,mean
2020-08-31,2020-08-31,1 wk ahead inc death,2020-09-05,25,quantile,0.2,87.6666666666667,mean
2020-08-31,2020-08-31,1 wk ahead inc death,2020-09-05,25,quantile,0.25,91,mean
2020-08-31,2020-08-31,1 wk ahead inc death,2020-09-05,25,quantile,0.3,94.6666666666667,mean
2020-08-31,2020-08-31,1 wk ahead inc death,2020-09-05,25,quantile,0.35,98.3333333333333,mean
2020-08-31,2020-08-31,1 wk ahead inc death,2020-09-05,25,quantile,0.4,101,mean
2020-08-31,2020-08-31,1 wk ahead inc death,2020-09-05,25,quantile,0.45,104.333333333333,mean
2020-08-31,2020-08-31,1 wk ahead inc death,2020-09-05,25,quantile,0.5,107.666666666667,mean
2020-08-31,2020-08-31,1 wk ahead inc death,2020-09-05,25,quantile,0.55,111,mean
2020-08-31,2020-08-31,1 wk ahead inc death,2020-09-05,25,quantile,0.6,114.333333333333,mean
2020-08-31,2020-08-31,1 wk ahead inc death,2020-09-05,25,quantile,0.65,117.666666666667,mean
2020-08-31,2020-08-31,1 wk ahead inc death,2020-09-05,25,quantile,0.7,122,mean
2020-08-31,2020-08-31,1 wk ahead inc death,2020-09-05,25,quantile,0.75,126.666666666667,mean
2020-08-31,2020-08-31,1 wk ahead inc death,2020-09-05,25,quantile,0.8,131.333333333333,mean
2020-08-31,2020-08-31,1 wk ahead inc death,2020-09-05,25,quantile,0.85,137.333333333333,mean
2020-08-31,2020-08-31,1 wk ahead inc death,2020-09-05,25,quantile,0.9,144.366666666667,mean
2020-08-31,2020-08-31,1 wk ahead inc death,2020-09-05,25,quantile,0.95,155.683333333333,mean
2020-08-31,2020-08-31,1 wk ahead inc death,2020-09-05,25,quantile,0.975,164.666666666667,mean
2020-08-31,2020-08-31,1 wk ahead inc death,2020-09-05,25,quantile,0.99,173.693333333333,mean
2020-08-31,2020-08-31,2 wk ahead inc death,2020-09-12,25,point,,117.333333333333,mean
2020-08-31,2020-08-31,2 wk ahead inc death,2020-09-12,25,quantile,0.01,54.3266666666667,mean
2020-08-31,2020-08-31,2 wk ahead inc death,2020-09-12,25,quantile,0.025,60,mean
2020-08-31,2020-08-31,2 wk ahead inc death,2020-09-12,25,quantile,0.05,66.3333333333333,mean
2020-08-31,2020-08-31,2 wk ahead inc death,2020-09-12,25,quantile,0.1,75.6333333333333,mean
2020-08-31,2020-08-31,2 wk ahead inc death,2020-09-12,25,quantile,0.15,83,mean
2020-08-31,2020-08-31,2 wk ahead inc death,2020-09-12,25,quantile,0.2,88,mean
2020-08-31,2020-08-31,2 wk ahead inc death,2020-09-12,25,quantile,0.25,93.6666666666667,mean
2020-08-31,2020-08-31,2 wk ahead inc death,2020-09-12,25,quantile,0.3,98,mean
2020-08-31,2020-08-31,2 wk ahead inc death,2020-09-12,25,quantile,0.35,102.666666666667,mean
2020-08-31,2020-08-31,2 wk ahead inc death,2020-09-12,25,quantile,0.4,107,mean
2020-08-31,2020-08-31,2 wk ahead inc death,2020-09-12,25,quantile,0.45,112.333333333333,mean
2020-08-31,2020-08-31,2 wk ahead inc death,2020-09-12,25,quantile,0.5,117.333333333333,mean
2020-08-31,2020-08-31,2 wk ahead inc death,2020-09-12,25,quantile,0.55,122.666666666667,mean
2020-08-31,2020-08-31,2 wk ahead inc death,2020-09-12,25,quantile,0.6,127.333333333333,mean
2020-08-31,2020-08-31,2 wk ahead inc death,2020-09-12,25,quantile,0.65,132.666666666667,mean
2020-08-31,2020-08-31,2 wk ahead inc death,2020-09-12,25,quantile,0.7,138.333333333333,mean
2020-08-31,2020-08-31,2 wk ahead inc death,2020-09-12,25,quantile,0.75,145.416666666667,mean
2020-08-31,2020-08-31,2 wk ahead inc death,2020-09-12,25,quantile,0.8,152.733333333333,mean
2020-08-31,2020-08-31,2 wk ahead inc death,2020-09-12,25,quantile,0.85,160.716666666667,mean
2020-08-31,2020-08-31,2 wk ahead inc death,2020-09-12,25,quantile,0.9,173.033333333333,mean
2020-08-31,2020-08-31,2 wk ahead inc death,2020-09-12,25,quantile,0.95,191.683333333333,mean
2020-08-31,2020-08-31,2 wk ahead inc death,2020-09-12,25,quantile,0.975,208.341666666667,mean
2020-08-31,2020-08-31,2 wk ahead inc death,2020-09-12,25,quantile,0.99,230.676666666667,mean
2020-08-31,2020-08-31,3 wk ahead inc death,2020-09-19,25,point,,127.5,mean
2020-08-31,2020-08-31,3 wk ahead inc death,2020-09-19,25,quantile,0.01,51.3266666666667,mean
2020-08-31,2020-08-31,3 wk ahead inc death,2020-09-19,25,quantile,0.025,59.6583333333333,mean
2020-08-31,2020-08-31,3 wk ahead inc death,2020-09-19,25,quantile,0.05,67.65,mean
2020-08-31,2020-08-31,3 wk ahead inc death,2020-09-19,25,quantile,0.1,77.3,mean
2020-08-31,2020-08-31,3 wk ahead inc death,2020-09-19,25,quantile,0.15,84.95,mean
2020-08-31,2020-08-31,3 wk ahead inc death,2020-09-19,25,quantile,0.2,91.3333333333333,mean
2020-08-31,2020-08-31,3 wk ahead inc death,2020-09-19,25,quantile,0.25,97.6666666666667,mean
2020-08-31,2020-08-31,3 wk ahead inc death,2020-09-19,25,quantile,0.3,103.333333333333,mean
2020-08-31,2020-08-31,3 wk ahead inc death,2020-09-19,25,quantile,0.35,109.666666666667,mean
2020-08-31,2020-08-31,3 wk ahead inc death,2020-09-19,25,quantile,0.4,115.666666666667,mean
2020-08-31,2020-08-31,3 wk ahead inc death,2020-09-19,25,quantile,0.45,121.666666666667,mean
2020-08-31,2020-08-31,3 wk ahead inc death,2020-09-19,25,quantile,0.5,127.5,mean
2020-08-31,2020-08-31,3 wk ahead inc death,2020-09-19,25,quantile,0.55,133.816666666667,mean
2020-08-31,2020-08-31,3 wk ahead inc death,2020-09-19,25,quantile,0.6,140,mean
2020-08-31,2020-08-31,3 wk ahead inc death,2020-09-19,25,quantile,0.65,147.666666666667,mean
2020-08-31,2020-08-31,3 wk ahead inc death,2020-09-19,25,quantile,0.7,154.666666666667,mean
2020-08-31,2020-08-31,3 wk ahead inc death,2020-09-19,25,quantile,0.75,165,mean
2020-08-31,2020-08-31,3 wk ahead inc death,2020-09-19,25,quantile,0.8,175,mean
2020-08-31,2020-08-31,3 wk ahead inc death,2020-09-19,25,quantile,0.85,188.05,mean
2020-08-31,2020-08-31,3 wk ahead inc death,2020-09-19,25,quantile,0.9,205.033333333333,mean
2020-08-31,2020-08-31,3 wk ahead inc death,2020-09-19,25,quantile,0.95,235.033333333333,mean
2020-08-31,2020-08-31,3 wk ahead inc death,2020-09-19,25,quantile,0.975,256.666666666667,mean
2020-08-31,2020-08-31,3 wk ahead inc death,2020-09-19,25,quantile,0.99,275.683333333333,mean
2020-08-31,2020-08-31,4 wk ahead inc death,2020-09-26,25,point,,137.833333333333,mean
2020-08-31,2020-08-31,4 wk ahead inc death,2020-09-26,25,quantile,0.01,46.3266666666667,mean
2020-08-31,2020-08-31,4 wk ahead inc death,2020-09-26,25,quantile,0.025,54.3333333333333,mean
2020-08-31,2020-08-31,4 wk ahead inc death,2020-09-26,25,quantile,0.05,63.6666666666667,mean
2020-08-31,2020-08-31,4 wk ahead inc death,2020-09-26,25,quantile,0.1,76,mean
2020-08-31,2020-08-31,4 wk ahead inc death,2020-09-26,25,quantile,0.15,84.6666666666667,mean
2020-08-31,2020-08-31,4 wk ahead inc death,2020-09-26,25,quantile,0.2,94,mean
2020-08-31,2020-08-31,4 wk ahead inc death,2020-09-26,25,quantile,0.25,101.333333333333,mean
2020-08-31,2020-08-31,4 wk ahead inc death,2020-09-26,25,quantile,0.3,109.333333333333,mean
2020-08-31,2020-08-31,4 wk ahead inc death,2020-09-26,25,quantile,0.35,116.216666666667,mean
2020-08-31,2020-08-31,4 wk ahead inc death,2020-09-26,25,quantile,0.4,123,mean
2020-08-31,2020-08-31,4 wk ahead inc death,2020-09-26,25,quantile,0.45,130,mean
2020-08-31,2020-08-31,4 wk ahead inc death,2020-09-26,25,quantile,0.5,137.833333333333,mean
2020-08-31,2020-08-31,4 wk ahead inc death,2020-09-26,25,quantile,0.55,146.666666666667,mean
2020-08-31,2020-08-31,4 wk ahead inc death,2020-09-26,25,quantile,0.6,155.466666666667,mean
2020-08-31,2020-08-31,4 wk ahead inc death,2020-09-26,25,quantile,0.65,165,mean
2020-08-31,2020-08-31,4 wk ahead inc death,2020-09-26,25,quantile,0.7,176.333333333333,mean
2020-08-31,2020-08-31,4 wk ahead inc death,2020-09-26,25,quantile,0.75,189.333333333333,mean
2020-08-31,2020-08-31,4 wk ahead inc death,2020-09-26,25,quantile,0.8,204.666666666667,mean
2020-08-31,2020-08-31,4 wk ahead inc death,2020-09-26,25,quantile,0.85,224.433333333333,mean
2020-08-31,2020-08-31,4 wk ahead inc death,2020-09-26,25,quantile,0.9,250.7,mean
2020-08-31,2020-08-31,4 wk ahead inc death,2020-09-26,25,quantile,0.95,285,mean
2020-08-31,2020-08-31,4 wk ahead inc death,2020-09-26,25,quantile,0.975,320.008333333333,mean
2020-08-31,2020-08-31,4 wk ahead inc death,2020-09-26,25,quantile,0.99,350.043333333333,mean
2020-08-31,2020-08-31,1 wk ahead inc death,2020-09-05,26,point,,107.666666666667,mean
2020-08-31,2020-08-31,1 wk ahead inc death,2020-09-05,26,quantile,0.01,54,mean
2020-08-31,2020-08-31,1 wk ahead inc death,2020-09-05,26,quantile,0.025,59,mean
2020-08-31,2020-08-31,1 wk ahead inc death,2020-09-05,26,quantile,0.05,63.9833333333333,mean
2020-08-31,2020-08-31,1 wk ahead inc death,2020-09-05,26,quantile,0.1,69.6666666666667,mean
2020-08-31,2020-08-31,1 wk ahead inc death,2020-09-05,26,quantile,0.15,75.6166666666667,mean
2020-08-31,2020-08-31,1 wk ahead inc death,2020-09-05,26,quantile,0.2,79.6666666666667,mean
2020-08-31,2020-08-31,1 wk ahead inc death,2020-09-05,26,quantile,0.25,84,mean
2020-08-31,2020-08-31,1 wk ahead inc death,2020-09-05,26,quantile,0.3,88.6666666666667,mean
2020-08-31,2020-08-31,1 wk ahead inc death,2020-09-05,26,quantile,0.35,93.6666666666667,mean
2020-08-31,2020-08-31,1 wk ahead inc death,2020-09-05,26,quantile,0.4,97.6666666666667,mean
2020-08-31,2020-08-31,1 wk ahead inc death,2020-09-05,26,quantile,0.45,102.333333333333,mean
2020-08-31,2020-08-31,1 wk ahead inc death,2020-09-05,26,quantile,0.5,107.666666666667,mean
2020-08-31,2020-08-31,1 wk ahead inc death,2020-09-05,26,quantile,0.55,112.666666666667,mean
2020-08-31,2020-08-31,1 wk ahead inc death,2020-09-05,26,quantile,0.6,118.8,mean
2020-08-31,2020-08-31,1 wk ahead inc death,2020-09-05,26,quantile,0.65,125.333333333333,mean
2020-08-31,2020-08-31,1 wk ahead inc death,2020-09-05,26,quantile,0.7,131.666666666667,mean
2020-08-31,2020-08-31,1 wk ahead inc death,2020-09-05,26,quantile,0.75,139.083333333333,mean
2020-08-31,2020-08-31,1 wk ahead inc death,2020-09-05,26,quantile,0.8,148.666666666667,mean
2020-08-31,2020-08-31,1 wk ahead inc death,2020-09-05,26,quantile,0.85,159.716666666667,mean
2020-08-31,2020-08-31,1 wk ahead inc death,2020-09-05,26,quantile,0.9,175,mean
2020-08-31,2020-08-31,1 wk ahead inc death,2020-09-05,26,quantile,0.95,195,mean
2020-08-31,2020-08-31,1 wk ahead inc death,2020-09-05,26,quantile,0.975,214.333333333333,mean
2020-08-31,2020-08-31,1 wk ahead inc death,2020-09-05,26,quantile,0.99,229.676666666667,mean
2020-08-31,2020-08-31,2 wk ahead inc death,2020-09-12,26,point,,112.833333333333,mean
2020-08-31,2020-08-31,2 wk ahead inc death,2020-09-12,26,quantile,0.01,33.3333333333333,mean
2020-08-31,2020-08-31,2 wk ahead inc death,2020-09-12,26,quantile,0.025,40.6666666666667,mean
2020-08-31,2020-08-31,2 wk ahead inc death,2020-09-12,26,quantile,0.05,47.6666666666667,mean
2020-08-31,2020-08-31,2 wk ahead inc death,2020-09-12,26,quantile,0.1,57,mean
2020-08-31,2020-08-31,2 wk ahead inc death,2020-09-12,26,quantile,0.15,65,mean
2020-08-31,2020-08-31,2 wk ahead inc death,2020-09-12,26,quantile,0.2,71.6,mean
2020-08-31,2020-08-31,2 wk ahead inc death,2020-09-12,26,quantile,0.25,78.6666666666667,mean
2020-08-31,2020-08-31,2 wk ahead inc death,2020-09-12,26,quantile,0.3,84.9,mean
2020-08-31,2020-08-31,2 wk ahead inc death,2020-09-12,26,quantile,0.35,91.2166666666667,mean
2020-08-31,2020-08-31,2 wk ahead inc death,2020-09-12,26,quantile,0.4,97.6666666666667,mean
2020-08-31,2020-08-31,2 wk ahead inc death,2020-09-12,26,quantile,0.45,105.183333333333,mean
2020-08-31,2020-08-31,2 wk ahead inc death,2020-09-12,26,quantile,0.5,112.833333333333,mean
2020-08-31,2020-08-31,2 wk ahead inc death,2020-09-12,26,quantile,0.55,123,mean
2020-08-31,2020-08-31,2 wk ahead inc death,2020-09-12,26,quantile,0.6,133.466666666667,mean
2020-08-31,2020-08-31,2 wk ahead inc death,2020-09-12,26,quantile,0.65,144.333333333333,mean
2020-08-31,2020-08-31,2 wk ahead inc death,2020-09-12,26,quantile,0.7,157,mean
2020-08-31,2020-08-31,2 wk ahead inc death,2020-09-12,26,quantile,0.75,170.416666666667,mean
2020-08-31,2020-08-31,2 wk ahead inc death,2020-09-12,26,quantile,0.8,189,mean
2020-08-31,2020-08-31,2 wk ahead inc death,2020-09-12,26,quantile,0.85,211.666666666667,mean
2020-08-31,2020-08-31,2 wk ahead inc death,2020-09-12,26,quantile,0.9,241.666666666667,mean
2020-08-31,2020-08-31,2 wk ahead inc death,2020-09-12,26,quantile,0.95,288.35,mean
2020-08-31,2020-08-31,2 wk ahead inc death,2020-09-12,26,quantile,0.975,325.35,mean
2020-08-31,2020-08-31,2 wk ahead inc death,2020-09-12,26,quantile,0.99,356.356666666667,mean
2020-08-31,2020-08-31,3 wk ahead inc death,2020-09-19,26,point,,140.666666666667,mean
2020-08-31,2020-08-31,3 wk ahead inc death,2020-09-19,26,quantile,0.01,36.66,mean
2020-08-31,2020-08-31,3 wk ahead inc death,2020-09-19,26,quantile,0.025,42.9916666666667,mean
2020-08-31,2020-08-31,3 wk ahead inc death,2020-09-19,26,quantile,0.05,51,mean
2020-08-31,2020-08-31,3 wk ahead inc death,2020-09-19,26,quantile,0.1,61.3333333333333,mean
2020-08-31,2020-08-31,3 wk ahead inc death,2020-09-19,26,quantile,0.15,71.3333333333333,mean
2020-08-31,2020-08-31,3 wk ahead inc death,2020-09-19,26,quantile,0.2,80.6666666666667,mean
2020-08-31,2020-08-31,3 wk ahead inc death,2020-09-19,26,quantile,0.25,89,mean
2020-08-31,2020-08-31,3 wk ahead inc death,2020-09-19,26,quantile,0.3,97.3333333333333,mean
2020-08-31,2020-08-31,3 wk ahead inc death,2020-09-19,26,quantile,0.35,106.666666666667,mean
2020-08-31,2020-08-31,3 wk ahead inc death,2020-09-19,26,quantile,0.4,116.333333333333,mean
2020-08-31,2020-08-31,3 wk ahead inc death,2020-09-19,26,quantile,0.45,128.333333333333,mean
2020-08-31,2020-08-31,3 wk ahead inc death,2020-09-19,26,quantile,0.5,140.666666666667,mean
2020-08-31,2020-08-31,3 wk ahead inc death,2020-09-19,26,quantile,0.55,154.333333333333,mean
2020-08-31,2020-08-31,3 wk ahead inc death,2020-09-19,26,quantile,0.6,169.666666666667,mean
2020-08-31,2020-08-31,3 wk ahead inc death,2020-09-19,26,quantile,0.65,187.45,mean
2020-08-31,2020-08-31,3 wk ahead inc death,2020-09-19,26,quantile,0.7,207.666666666667,mean
2020-08-31,2020-08-31,3 wk ahead inc death,2020-09-19,26,quantile,0.75,234.666666666667,mean
2020-08-31,2020-08-31,3 wk ahead inc death,2020-09-19,26,quantile,0.8,266,mean
2020-08-31,2020-08-31,3 wk ahead inc death,2020-09-19,26,quantile,0.85,315.05,mean
2020-08-31,2020-08-31,3 wk ahead inc death,2020-09-19,26,quantile,0.9,388.366666666667,mean
2020-08-31,2020-08-31,3 wk ahead inc death,2020-09-19,26,quantile,0.95,511.016666666667,mean
2020-08-31,2020-08-31,3 wk ahead inc death,2020-09-19,26,quantile,0.975,588.691666666667,mean
2020-08-31,2020-08-31,3 wk ahead inc death,2020-09-19,26,quantile,0.99,656.67,mean
2020-08-31,2020-08-31,4 wk ahead inc death,2020-09-26,26,point,,168,mean
2020-08-31,2020-08-31,4 wk ahead inc death,2020-09-26,26,quantile,0.01,37.9933333333333,mean
2020-08-31,2020-08-31,4 wk ahead inc death,2020-09-26,26,quantile,0.025,44.9916666666667,mean
2020-08-31,2020-08-31,4 wk ahead inc death,2020-09-26,26,quantile,0.05,51.3333333333333,mean
2020-08-31,2020-08-31,4 wk ahead inc death,2020-09-26,26,quantile,0.1,66,mean
2020-08-31,2020-08-31,4 wk ahead inc death,2020-09-26,26,quantile,0.15,75.6166666666667,mean
2020-08-31,2020-08-31,4 wk ahead inc death,2020-09-26,26,quantile,0.2,86.3333333333333,mean
2020-08-31,2020-08-31,4 wk ahead inc death,2020-09-26,26,quantile,0.25,97.25,mean
2020-08-31,2020-08-31,4 wk ahead inc death,2020-09-26,26,quantile,0.3,108.233333333333,mean
2020-08-31,2020-08-31,4 wk ahead inc death,2020-09-26,26,quantile,0.35,119.666666666667,mean
2020-08-31,2020-08-31,4 wk ahead inc death,2020-09-26,26,quantile,0.4,133,mean
2020-08-31,2020-08-31,4 wk ahead inc death,2020-09-26,26,quantile,0.45,149.85,mean
2020-08-31,2020-08-31,4 wk ahead inc death,2020-09-26,26,quantile,0.5,168,mean
2020-08-31,2020-08-31,4 wk ahead inc death,2020-09-26,26,quantile,0.55,187.483333333333,mean
2020-08-31,2020-08-31,4 wk ahead inc death,2020-09-26,26,quantile,0.6,210.133333333333,mean
2020-08-31,2020-08-31,4 wk ahead inc death,2020-09-26,26,quantile,0.65,236.333333333334,mean
2020-08-31,2020-08-31,4 wk ahead inc death,2020-09-26,26,quantile,0.7,273,mean
2020-08-31,2020-08-31,4 wk ahead inc death,2020-09-26,26,quantile,0.75,327.083333333334,mean
2020-08-31,2020-08-31,4 wk ahead inc death,2020-09-26,26,quantile,0.8,395,mean
2020-08-31,2020-08-31,4 wk ahead inc death,2020-09-26,26,quantile,0.85,488.333333333333,mean
2020-08-31,2020-08-31,4 wk ahead inc death,2020-09-26,26,quantile,0.9,636.1,mean
2020-08-31,2020-08-31,4 wk ahead inc death,2020-09-26,26,quantile,0.95,924.433333333333,mean
2020-08-31,2020-08-31,4 wk ahead inc death,2020-09-26,26,quantile,0.975,1101.45,mean
2020-08-31,2020-08-31,4 wk ahead inc death,2020-09-26,26,quantile,0.99,1299.41333333333,mean
2020-08-31,2020-08-31,1 wk ahead inc death,2020-09-05,27,point,,38.6666666666667,mean
2020-08-31,2020-08-31,1 wk ahead inc death,2020-09-05,27,quantile,0.01,13.6666666666667,mean
2020-08-31,2020-08-31,1 wk ahead inc death,2020-09-05,27,quantile,0.025,15.6666666666667,mean
2020-08-31,2020-08-31,1 wk ahead inc death,2020-09-05,27,quantile,0.05,17.6666666666667,mean
2020-08-31,2020-08-31,1 wk ahead inc death,2020-09-05,27,quantile,0.1,21.6666666666667,mean
2020-08-31,2020-08-31,1 wk ahead inc death,2020-09-05,27,quantile,0.15,24.3333333333333,mean
2020-08-31,2020-08-31,1 wk ahead inc death,2020-09-05,27,quantile,0.2,26.6666666666667,mean
2020-08-31,2020-08-31,1 wk ahead inc death,2020-09-05,27,quantile,0.25,28.3333333333333,mean
2020-08-31,2020-08-31,1 wk ahead inc death,2020-09-05,27,quantile,0.3,30.6666666666667,mean
2020-08-31,2020-08-31,1 wk ahead inc death,2020-09-05,27,quantile,0.35,32.3333333333333,mean
2020-08-31,2020-08-31,1 wk ahead inc death,2020-09-05,27,quantile,0.4,34.6666666666667,mean
2020-08-31,2020-08-31,1 wk ahead inc death,2020-09-05,27,quantile,0.45,36.6666666666667,mean
2020-08-31,2020-08-31,1 wk ahead inc death,2020-09-05,27,quantile,0.5,38.6666666666667,mean
2020-08-31,2020-08-31,1 wk ahead inc death,2020-09-05,27,quantile,0.55,40.6666666666667,mean
2020-08-31,2020-08-31,1 wk ahead inc death,2020-09-05,27,quantile,0.6,42.6666666666667,mean
2020-08-31,2020-08-31,1 wk ahead inc death,2020-09-05,27,quantile,0.65,44.3333333333333,mean
2020-08-31,2020-08-31,1 wk ahead inc death,2020-09-05,27,quantile,0.7,46.7666666666667,mean
2020-08-31,2020-08-31,1 wk ahead inc death,2020-09-05,27,quantile,0.75,49.6666666666667,mean
2020-08-31,2020-08-31,1 wk ahead inc death,2020-09-05,27,quantile,0.8,52.6666666666667,mean
2020-08-31,2020-08-31,1 wk ahead inc death,2020-09-05,27,quantile,0.85,56.3333333333333,mean
2020-08-31,2020-08-31,1 wk ahead inc death,2020-09-05,27,quantile,0.9,61,mean
2020-08-31,2020-08-31,1 wk ahead inc death,2020-09-05,27,quantile,0.95,69.3333333333333,mean
2020-08-31,2020-08-31,1 wk ahead inc death,2020-09-05,27,quantile,0.975,76.0166666666667,mean
2020-08-31,2020-08-31,1 wk ahead inc death,2020-09-05,27,quantile,0.99,85.6766666666667,mean
2020-08-31,2020-08-31,2 wk ahead inc death,2020-09-12,27,point,,47.6666666666667,mean
2020-08-31,2020-08-31,2 wk ahead inc death,2020-09-12,27,quantile,0.01,13.33,mean
2020-08-31,2020-08-31,2 wk ahead inc death,2020-09-12,27,quantile,0.025,16.6666666666667,mean
2020-08-31,2020-08-31,2 wk ahead inc death,2020-09-12,27,quantile,0.05,20.65,mean
2020-08-31,2020-08-31,2 wk ahead inc death,2020-09-12,27,quantile,0.1,25.3333333333333,mean
2020-08-31,2020-08-31,2 wk ahead inc death,2020-09-12,27,quantile,0.15,28.6666666666667,mean
2020-08-31,2020-08-31,2 wk ahead inc death,2020-09-12,27,quantile,0.2,31.6666666666667,mean
2020-08-31,2020-08-31,2 wk ahead inc death,2020-09-12,27,quantile,0.25,34.6666666666667,mean
2020-08-31,2020-08-31,2 wk ahead inc death,2020-09-12,27,quantile,0.3,37,mean
2020-08-31,2020-08-31,2 wk ahead inc death,2020-09-12,27,quantile,0.35,40.3333333333333,mean
2020-08-31,2020-08-31,2 wk ahead inc death,2020-09-12,27,quantile,0.4,43.3333333333333,mean
2020-08-31,2020-08-31,2 wk ahead inc death,2020-09-12,27,quantile,0.45,45,mean
2020-08-31,2020-08-31,2 wk ahead inc death,2020-09-12,27,quantile,0.5,47.6666666666667,mean
2020-08-31,2020-08-31,2 wk ahead inc death,2020-09-12,27,quantile,0.55,50.3333333333333,mean
2020-08-31,2020-08-31,2 wk ahead inc death,2020-09-12,27,quantile,0.6,53.1333333333334,mean
2020-08-31,2020-08-31,2 wk ahead inc death,2020-09-12,27,quantile,0.65,56,mean
2020-08-31,2020-08-31,2 wk ahead inc death,2020-09-12,27,quantile,0.7,59.7666666666667,mean
2020-08-31,2020-08-31,2 wk ahead inc death,2020-09-12,27,quantile,0.75,63.3333333333333,mean
2020-08-31,2020-08-31,2 wk ahead inc death,2020-09-12,27,quantile,0.8,67.6666666666667,mean
2020-08-31,2020-08-31,2 wk ahead inc death,2020-09-12,27,quantile,0.85,73.05,mean
2020-08-31,2020-08-31,2 wk ahead inc death,2020-09-12,27,quantile,0.9,80,mean
2020-08-31,2020-08-31,2 wk ahead inc death,2020-09-12,27,quantile,0.95,91,mean
2020-08-31,2020-08-31,2 wk ahead inc death,2020-09-12,27,quantile,0.975,104.016666666667,mean
2020-08-31,2020-08-31,2 wk ahead inc death,2020-09-12,27,quantile,0.99,117.01,mean
2020-08-31,2020-08-31,3 wk ahead inc death,2020-09-19,27,point,,51,mean
2020-08-31,2020-08-31,3 wk ahead inc death,2020-09-19,27,quantile,0.01,12,mean
2020-08-31,2020-08-31,3 wk ahead inc death,2020-09-19,27,quantile,0.025,16.6583333333333,mean
2020-08-31,2020-08-31,3 wk ahead inc death,2020-09-19,27,quantile,0.05,20.3166666666667,mean
2020-08-31,2020-08-31,3 wk ahead inc death,2020-09-19,27,quantile,0.1,26.3333333333333,mean
2020-08-31,2020-08-31,3 wk ahead inc death,2020-09-19,27,quantile,0.15,29.95,mean
2020-08-31,2020-08-31,3 wk ahead inc death,2020-09-19,27,quantile,0.2,33.3333333333333,mean
2020-08-31,2020-08-31,3 wk ahead inc death,2020-09-19,27,quantile,0.25,36.6666666666667,mean
2020-08-31,2020-08-31,3 wk ahead inc death,2020-09-19,27,quantile,0.3,39.5666666666667,mean
2020-08-31,2020-08-31,3 wk ahead inc death,2020-09-19,27,quantile,0.35,42,mean
2020-08-31,2020-08-31,3 wk ahead inc death,2020-09-19,27,quantile,0.4,45.3333333333333,mean
2020-08-31,2020-08-31,3 wk ahead inc death,2020-09-19,27,quantile,0.45,48,mean
2020-08-31,2020-08-31,3 wk ahead inc death,2020-09-19,27,quantile,0.5,51,mean
2020-08-31,2020-08-31,3 wk ahead inc death,2020-09-19,27,quantile,0.55,54.3333333333333,mean
2020-08-31,2020-08-31,3 wk ahead inc death,2020-09-19,27,quantile,0.6,57.3333333333333,mean
2020-08-31,2020-08-31,3 wk ahead inc death,2020-09-19,27,quantile,0.65,60.6666666666667,mean
2020-08-31,2020-08-31,3 wk ahead inc death,2020-09-19,27,quantile,0.7,64.6666666666667,mean
2020-08-31,2020-08-31,3 wk ahead inc death,2020-09-19,27,quantile,0.75,69,mean
2020-08-31,2020-08-31,3 wk ahead inc death,2020-09-19,27,quantile,0.8,74.6666666666667,mean
2020-08-31,2020-08-31,3 wk ahead inc death,2020-09-19,27,quantile,0.85,81.6666666666667,mean
2020-08-31,2020-08-31,3 wk ahead inc death,2020-09-19,27,quantile,0.9,91.6666666666667,mean
2020-08-31,2020-08-31,3 wk ahead inc death,2020-09-19,27,quantile,0.95,107.05,mean
2020-08-31,2020-08-31,3 wk ahead inc death,2020-09-19,27,quantile,0.975,120.341666666667,mean
2020-08-31,2020-08-31,3 wk ahead inc death,2020-09-19,27,quantile,0.99,136.013333333333,mean
2020-08-31,2020-08-31,4 wk ahead inc death,2020-09-26,27,point,,56,mean
2020-08-31,2020-08-31,4 wk ahead inc death,2020-09-26,27,quantile,0.01,12.9933333333333,mean
2020-08-31,2020-08-31,4 wk ahead inc death,2020-09-26,27,quantile,0.025,17.3333333333333,mean
2020-08-31,2020-08-31,4 wk ahead inc death,2020-09-26,27,quantile,0.05,22.9833333333333,mean
2020-08-31,2020-08-31,4 wk ahead inc death,2020-09-26,27,quantile,0.1,28.3333333333333,mean
2020-08-31,2020-08-31,4 wk ahead inc death,2020-09-26,27,quantile,0.15,32.6666666666667,mean
2020-08-31,2020-08-31,4 wk ahead inc death,2020-09-26,27,quantile,0.2,36.6666666666667,mean
2020-08-31,2020-08-31,4 wk ahead inc death,2020-09-26,27,quantile,0.25,39.6666666666667,mean
2020-08-31,2020-08-31,4 wk ahead inc death,2020-09-26,27,quantile,0.3,43.3333333333333,mean
2020-08-31,2020-08-31,4 wk ahead inc death,2020-09-26,27,quantile,0.35,46,mean
2020-08-31,2020-08-31,4 wk ahead inc death,2020-09-26,27,quantile,0.4,49,mean
2020-08-31,2020-08-31,4 wk ahead inc death,2020-09-26,27,quantile,0.45,52.6666666666667,mean
2020-08-31,2020-08-31,4 wk ahead inc death,2020-09-26,27,quantile,0.5,56,mean
2020-08-31,2020-08-31,4 wk ahead inc death,2020-09-26,27,quantile,0.55,59.3333333333333,mean
2020-08-31,2020-08-31,4 wk ahead inc death,2020-09-26,27,quantile,0.6,63.6666666666667,mean
2020-08-31,2020-08-31,4 wk ahead inc death,2020-09-26,27,quantile,0.65,68,mean
2020-08-31,2020-08-31,4 wk ahead inc death,2020-09-26,27,quantile,0.7,73.3333333333333,mean
2020-08-31,2020-08-31,4 wk ahead inc death,2020-09-26,27,quantile,0.75,78.4166666666667,mean
2020-08-31,2020-08-31,4 wk ahead inc death,2020-09-26,27,quantile,0.8,85.3333333333333,mean
2020-08-31,2020-08-31,4 wk ahead inc death,2020-09-26,27,quantile,0.85,94,mean
2020-08-31,2020-08-31,4 wk ahead inc death,2020-09-26,27,quantile,0.9,106.033333333333,mean
2020-08-31,2020-08-31,4 wk ahead inc death,2020-09-26,27,quantile,0.95,129.033333333333,mean
2020-08-31,2020-08-31,4 wk ahead inc death,2020-09-26,27,quantile,0.975,154,mean
2020-08-31,2020-08-31,4 wk ahead inc death,2020-09-26,27,quantile,0.99,179.706666666667,mean
2020-08-31,2020-08-31,1 wk ahead inc death,2020-09-05,28,point,,180.333333333333,mean
2020-08-31,2020-08-31,1 wk ahead inc death,2020-09-05,28,quantile,0.01,102.663333333333,mean
2020-08-31,2020-08-31,1 wk ahead inc death,2020-09-05,28,quantile,0.025,111.308333333333,mean
2020-08-31,2020-08-31,1 wk ahead inc death,2020-09-05,28,quantile,0.05,120.65,mean
2020-08-31,2020-08-31,1 wk ahead inc death,2020-09-05,28,quantile,0.1,130.966666666667,mean
2020-08-31,2020-08-31,1 wk ahead inc death,2020-09-05,28,quantile,0.15,138,mean
2020-08-31,2020-08-31,1 wk ahead inc death,2020-09-05,28,quantile,0.2,145.333333333333,mean
2020-08-31,2020-08-31,1 wk ahead inc death,2020-09-05,28,quantile,0.25,151.333333333333,mean
2020-08-31,2020-08-31,1 wk ahead inc death,2020-09-05,28,quantile,0.3,157.333333333333,mean
2020-08-31,2020-08-31,1 wk ahead inc death,2020-09-05,28,quantile,0.35,162.666666666667,mean
2020-08-31,2020-08-31,1 wk ahead inc death,2020-09-05,28,quantile,0.4,167.666666666667,mean
2020-08-31,2020-08-31,1 wk ahead inc death,2020-09-05,28,quantile,0.45,173.666666666667,mean
2020-08-31,2020-08-31,1 wk ahead inc death,2020-09-05,28,quantile,0.5,180.333333333333,mean
2020-08-31,2020-08-31,1 wk ahead inc death,2020-09-05,28,quantile,0.55,186.666666666667,mean
2020-08-31,2020-08-31,1 wk ahead inc death,2020-09-05,28,quantile,0.6,193.133333333333,mean
2020-08-31,2020-08-31,1 wk ahead inc death,2020-09-05,28,quantile,0.65,200.116666666667,mean
2020-08-31,2020-08-31,1 wk ahead inc death,2020-09-05,28,quantile,0.7,207,mean
2020-08-31,2020-08-31,1 wk ahead inc death,2020-09-05,28,quantile,0.75,214.333333333333,mean
2020-08-31,2020-08-31,1 wk ahead inc death,2020-09-05,28,quantile,0.8,222,mean
2020-08-31,2020-08-31,1 wk ahead inc death,2020-09-05,28,quantile,0.85,232.333333333333,mean
2020-08-31,2020-08-31,1 wk ahead inc death,2020-09-05,28,quantile,0.9,244.7,mean
2020-08-31,2020-08-31,1 wk ahead inc death,2020-09-05,28,quantile,0.95,262.366666666667,mean
2020-08-31,2020-08-31,1 wk ahead inc death,2020-09-05,28,quantile,0.975,276.008333333333,mean
2020-08-31,2020-08-31,1 wk ahead inc death,2020-09-05,28,quantile,0.99,291.023333333333,mean
2020-08-31,2020-08-31,2 wk ahead inc death,2020-09-12,28,point,,172.666666666667,mean
2020-08-31,2020-08-31,2 wk ahead inc death,2020-09-12,28,quantile,0.01,74.3166666666667,mean
2020-08-31,2020-08-31,2 wk ahead inc death,2020-09-12,28,quantile,0.025,84.325,mean
2020-08-31,2020-08-31,2 wk ahead inc death,2020-09-12,28,quantile,0.05,94.65,mean
2020-08-31,2020-08-31,2 wk ahead inc death,2020-09-12,28,quantile,0.1,107.3,mean
2020-08-31,2020-08-31,2 wk ahead inc death,2020-09-12,28,quantile,0.15,117.333333333333,mean
2020-08-31,2020-08-31,2 wk ahead inc death,2020-09-12,28,quantile,0.2,125.666666666667,mean
2020-08-31,2020-08-31,2 wk ahead inc death,2020-09-12,28,quantile,0.25,136.333333333333,mean
2020-08-31,2020-08-31,2 wk ahead inc death,2020-09-12,28,quantile,0.3,143.666666666667,mean
2020-08-31,2020-08-31,2 wk ahead inc death,2020-09-12,28,quantile,0.35,151.216666666667,mean
2020-08-31,2020-08-31,2 wk ahead inc death,2020-09-12,28,quantile,0.4,158,mean
2020-08-31,2020-08-31,2 wk ahead inc death,2020-09-12,28,quantile,0.45,165.333333333333,mean
2020-08-31,2020-08-31,2 wk ahead inc death,2020-09-12,28,quantile,0.5,172.666666666667,mean
2020-08-31,2020-08-31,2 wk ahead inc death,2020-09-12,28,quantile,0.55,180.333333333333,mean
2020-08-31,2020-08-31,2 wk ahead inc death,2020-09-12,28,quantile,0.6,189.8,mean
2020-08-31,2020-08-31,2 wk ahead inc death,2020-09-12,28,quantile,0.65,197.333333333333,mean
2020-08-31,2020-08-31,2 wk ahead inc death,2020-09-12,28,quantile,0.7,206.433333333333,mean
2020-08-31,2020-08-31,2 wk ahead inc death,2020-09-12,28,quantile,0.75,217.333333333333,mean
2020-08-31,2020-08-31,2 wk ahead inc death,2020-09-12,28,quantile,0.8,229.733333333333,mean
2020-08-31,2020-08-31,2 wk ahead inc death,2020-09-12,28,quantile,0.85,243.05,mean
2020-08-31,2020-08-31,2 wk ahead inc death,2020-09-12,28,quantile,0.9,262,mean
2020-08-31,2020-08-31,2 wk ahead inc death,2020-09-12,28,quantile,0.95,291.666666666667,mean
2020-08-31,2020-08-31,2 wk ahead inc death,2020-09-12,28,quantile,0.975,314.35,mean
2020-08-31,2020-08-31,2 wk ahead inc death,2020-09-12,28,quantile,0.99,339.376666666667,mean
2020-08-31,2020-08-31,3 wk ahead inc death,2020-09-19,28,point,,177,mean
2020-08-31,2020-08-31,3 wk ahead inc death,2020-09-19,28,quantile,0.01,65.9966666666667,mean
2020-08-31,2020-08-31,3 wk ahead inc death,2020-09-19,28,quantile,0.025,76.325,mean
2020-08-31,2020-08-31,3 wk ahead inc death,2020-09-19,28,quantile,0.05,87.65,mean
2020-08-31,2020-08-31,3 wk ahead inc death,2020-09-19,28,quantile,0.1,101,mean
2020-08-31,2020-08-31,3 wk ahead inc death,2020-09-19,28,quantile,0.15,111.333333333333,mean
2020-08-31,2020-08-31,3 wk ahead inc death,2020-09-19,28,quantile,0.2,121.333333333333,mean
2020-08-31,2020-08-31,3 wk ahead inc death,2020-09-19,28,quantile,0.25,130.666666666667,mean
2020-08-31,2020-08-31,3 wk ahead inc death,2020-09-19,28,quantile,0.3,139.8,mean
2020-08-31,2020-08-31,3 wk ahead inc death,2020-09-19,28,quantile,0.35,148.333333333333,mean
2020-08-31,2020-08-31,3 wk ahead inc death,2020-09-19,28,quantile,0.4,158.533333333333,mean
2020-08-31,2020-08-31,3 wk ahead inc death,2020-09-19,28,quantile,0.45,168.333333333333,mean
2020-08-31,2020-08-31,3 wk ahead inc death,2020-09-19,28,quantile,0.5,177,mean
2020-08-31,2020-08-31,3 wk ahead inc death,2020-09-19,28,quantile,0.55,188,mean
2020-08-31,2020-08-31,3 wk ahead inc death,2020-09-19,28,quantile,0.6,197.666666666667,mean
2020-08-31,2020-08-31,3 wk ahead inc death,2020-09-19,28,quantile,0.65,209.116666666667,mean
2020-08-31,2020-08-31,3 wk ahead inc death,2020-09-19,28,quantile,0.7,220.766666666667,mean
2020-08-31,2020-08-31,3 wk ahead inc death,2020-09-19,28,quantile,0.75,235.666666666667,mean
2020-08-31,2020-08-31,3 wk ahead inc death,2020-09-19,28,quantile,0.8,249.666666666667,mean
2020-08-31,2020-08-31,3 wk ahead inc death,2020-09-19,28,quantile,0.85,267.333333333333,mean
2020-08-31,2020-08-31,3 wk ahead inc death,2020-09-19,28,quantile,0.9,291.033333333333,mean
2020-08-31,2020-08-31,3 wk ahead inc death,2020-09-19,28,quantile,0.95,328.4,mean
2020-08-31,2020-08-31,3 wk ahead inc death,2020-09-19,28,quantile,0.975,359.35,mean
2020-08-31,2020-08-31,3 wk ahead inc death,2020-09-19,28,quantile,0.99,391.35,mean
2020-08-31,2020-08-31,4 wk ahead inc death,2020-09-26,28,point,,174.666666666667,mean
2020-08-31,2020-08-31,4 wk ahead inc death,2020-09-26,28,quantile,0.01,48.3266666666667,mean
2020-08-31,2020-08-31,4 wk ahead inc death,2020-09-26,28,quantile,0.025,59.3083333333333,mean
2020-08-31,2020-08-31,4 wk ahead inc death,2020-09-26,28,quantile,0.05,69.9833333333333,mean
2020-08-31,2020-08-31,4 wk ahead inc death,2020-09-26,28,quantile,0.1,86.6666666666667,mean
2020-08-31,2020-08-31,4 wk ahead inc death,2020-09-26,28,quantile,0.15,99.95,mean
2020-08-31,2020-08-31,4 wk ahead inc death,2020-09-26,28,quantile,0.2,110.933333333333,mean
2020-08-31,2020-08-31,4 wk ahead inc death,2020-09-26,28,quantile,0.25,121.666666666667,mean
2020-08-31,2020-08-31,4 wk ahead inc death,2020-09-26,28,quantile,0.3,132.233333333333,mean
2020-08-31,2020-08-31,4 wk ahead inc death,2020-09-26,28,quantile,0.35,143.666666666667,mean
2020-08-31,2020-08-31,4 wk ahead inc death,2020-09-26,28,quantile,0.4,152.866666666667,mean
2020-08-31,2020-08-31,4 wk ahead inc death,2020-09-26,28,quantile,0.45,163.516666666667,mean
2020-08-31,2020-08-31,4 wk ahead inc death,2020-09-26,28,quantile,0.5,174.666666666667,mean
2020-08-31,2020-08-31,4 wk ahead inc death,2020-09-26,28,quantile,0.55,185,mean
2020-08-31,2020-08-31,4 wk ahead inc death,2020-09-26,28,quantile,0.6,199,mean
2020-08-31,2020-08-31,4 wk ahead inc death,2020-09-26,28,quantile,0.65,210.783333333333,mean
2020-08-31,2020-08-31,4 wk ahead inc death,2020-09-26,28,quantile,0.7,224.333333333333,mean
2020-08-31,2020-08-31,4 wk ahead inc death,2020-09-26,28,quantile,0.75,241.416666666667,mean
2020-08-31,2020-08-31,4 wk ahead inc death,2020-09-26,28,quantile,0.8,261,mean
2020-08-31,2020-08-31,4 wk ahead inc death,2020-09-26,28,quantile,0.85,281,mean
2020-08-31,2020-08-31,4 wk ahead inc death,2020-09-26,28,quantile,0.9,309,mean
2020-08-31,2020-08-31,4 wk ahead inc death,2020-09-26,28,quantile,0.95,357.35,mean
2020-08-31,2020-08-31,4 wk ahead inc death,2020-09-26,28,quantile,0.975,401.733333333333,mean
2020-08-31,2020-08-31,4 wk ahead inc death,2020-09-26,28,quantile,0.99,439.07,mean
2020-08-31,2020-08-31,1 wk ahead inc death,2020-09-05,29,point,,78.6666666666667,mean
2020-08-31,2020-08-31,1 wk ahead inc death,2020-09-05,29,quantile,0.01,39.3333333333333,mean
2020-08-31,2020-08-31,1 wk ahead inc death,2020-09-05,29,quantile,0.025,43.3333333333333,mean
2020-08-31,2020-08-31,1 wk ahead inc death,2020-09-05,29,quantile,0.05,46.6666666666667,mean
2020-08-31,2020-08-31,1 wk ahead inc death,2020-09-05,29,quantile,0.1,52,mean
2020-08-31,2020-08-31,1 wk ahead inc death,2020-09-05,29,quantile,0.15,56,mean
2020-08-31,2020-08-31,1 wk ahead inc death,2020-09-05,29,quantile,0.2,59.6666666666667,mean
2020-08-31,2020-08-31,1 wk ahead inc death,2020-09-05,29,quantile,0.25,63,mean
2020-08-31,2020-08-31,1 wk ahead inc death,2020-09-05,29,quantile,0.3,66.6666666666667,mean
2020-08-31,2020-08-31,1 wk ahead inc death,2020-09-05,29,quantile,0.35,69.6666666666667,mean
2020-08-31,2020-08-31,1 wk ahead inc death,2020-09-05,29,quantile,0.4,72.6666666666667,mean
2020-08-31,2020-08-31,1 wk ahead inc death,2020-09-05,29,quantile,0.45,76,mean
2020-08-31,2020-08-31,1 wk ahead inc death,2020-09-05,29,quantile,0.5,78.6666666666667,mean
2020-08-31,2020-08-31,1 wk ahead inc death,2020-09-05,29,quantile,0.55,82.4833333333334,mean
2020-08-31,2020-08-31,1 wk ahead inc death,2020-09-05,29,quantile,0.6,86,mean
2020-08-31,2020-08-31,1 wk ahead inc death,2020-09-05,29,quantile,0.65,90,mean
2020-08-31,2020-08-31,1 wk ahead inc death,2020-09-05,29,quantile,0.7,94.6666666666667,mean
2020-08-31,2020-08-31,1 wk ahead inc death,2020-09-05,29,quantile,0.75,100.333333333333,mean
2020-08-31,2020-08-31,1 wk ahead inc death,2020-09-05,29,quantile,0.8,106.066666666667,mean
2020-08-31,2020-08-31,1 wk ahead inc death,2020-09-05,29,quantile,0.85,112,mean
2020-08-31,2020-08-31,1 wk ahead inc death,2020-09-05,29,quantile,0.9,120.666666666667,mean
2020-08-31,2020-08-31,1 wk ahead inc death,2020-09-05,29,quantile,0.95,134.016666666667,mean
2020-08-31,2020-08-31,1 wk ahead inc death,2020-09-05,29,quantile,0.975,144.35,mean
2020-08-31,2020-08-31,1 wk ahead inc death,2020-09-05,29,quantile,0.99,159.01,mean
2020-08-31,2020-08-31,2 wk ahead inc death,2020-09-12,29,point,,89.3333333333333,mean
2020-08-31,2020-08-31,2 wk ahead inc death,2020-09-12,29,quantile,0.01,33.9966666666667,mean
2020-08-31,2020-08-31,2 wk ahead inc death,2020-09-12,29,quantile,0.025,38.9916666666667,mean
2020-08-31,2020-08-31,2 wk ahead inc death,2020-09-12,29,quantile,0.05,45,mean
2020-08-31,2020-08-31,2 wk ahead inc death,2020-09-12,29,quantile,0.1,51.6666666666667,mean
2020-08-31,2020-08-31,2 wk ahead inc death,2020-09-12,29,quantile,0.15,57.3333333333333,mean
2020-08-31,2020-08-31,2 wk ahead inc death,2020-09-12,29,quantile,0.2,62.6666666666667,mean
2020-08-31,2020-08-31,2 wk ahead inc death,2020-09-12,29,quantile,0.25,67,mean
2020-08-31,2020-08-31,2 wk ahead inc death,2020-09-12,29,quantile,0.3,71.6666666666667,mean
2020-08-31,2020-08-31,2 wk ahead inc death,2020-09-12,29,quantile,0.35,75.3333333333333,mean
2020-08-31,2020-08-31,2 wk ahead inc death,2020-09-12,29,quantile,0.4,80.6666666666667,mean
2020-08-31,2020-08-31,2 wk ahead inc death,2020-09-12,29,quantile,0.45,85,mean
2020-08-31,2020-08-31,2 wk ahead inc death,2020-09-12,29,quantile,0.5,89.3333333333333,mean
2020-08-31,2020-08-31,2 wk ahead inc death,2020-09-12,29,quantile,0.55,94,mean
2020-08-31,2020-08-31,2 wk ahead inc death,2020-09-12,29,quantile,0.6,98.6666666666667,mean
2020-08-31,2020-08-31,2 wk ahead inc death,2020-09-12,29,quantile,0.65,104.783333333333,mean
2020-08-31,2020-08-31,2 wk ahead inc death,2020-09-12,29,quantile,0.7,111.1,mean
2020-08-31,2020-08-31,2 wk ahead inc death,2020-09-12,29,quantile,0.75,118.333333333333,mean
2020-08-31,2020-08-31,2 wk ahead inc death,2020-09-12,29,quantile,0.8,127.333333333333,mean
2020-08-31,2020-08-31,2 wk ahead inc death,2020-09-12,29,quantile,0.85,139.05,mean
2020-08-31,2020-08-31,2 wk ahead inc death,2020-09-12,29,quantile,0.9,153.366666666667,mean
2020-08-31,2020-08-31,2 wk ahead inc death,2020-09-12,29,quantile,0.95,174.05,mean
2020-08-31,2020-08-31,2 wk ahead inc death,2020-09-12,29,quantile,0.975,190.016666666667,mean
2020-08-31,2020-08-31,2 wk ahead inc death,2020-09-12,29,quantile,0.99,208.01,mean
2020-08-31,2020-08-31,3 wk ahead inc death,2020-09-19,29,point,,96.5,mean
2020-08-31,2020-08-31,3 wk ahead inc death,2020-09-19,29,quantile,0.01,32.3266666666667,mean
2020-08-31,2020-08-31,3 wk ahead inc death,2020-09-19,29,quantile,0.025,38.325,mean
2020-08-31,2020-08-31,3 wk ahead inc death,2020-09-19,29,quantile,0.05,43,mean
2020-08-31,2020-08-31,3 wk ahead inc death,2020-09-19,29,quantile,0.1,51,mean
2020-08-31,2020-08-31,3 wk ahead inc death,2020-09-19,29,quantile,0.15,57.6666666666667,mean
2020-08-31,2020-08-31,3 wk ahead inc death,2020-09-19,29,quantile,0.2,64.3333333333333,mean
2020-08-31,2020-08-31,3 wk ahead inc death,2020-09-19,29,quantile,0.25,69.3333333333333,mean
2020-08-31,2020-08-31,3 wk ahead inc death,2020-09-19,29,quantile,0.3,74,mean
2020-08-31,2020-08-31,3 wk ahead inc death,2020-09-19,29,quantile,0.35,79,mean
2020-08-31,2020-08-31,3 wk ahead inc death,2020-09-19,29,quantile,0.4,84.5333333333333,mean
2020-08-31,2020-08-31,3 wk ahead inc death,2020-09-19,29,quantile,0.45,90.3333333333333,mean
2020-08-31,2020-08-31,3 wk ahead inc death,2020-09-19,29,quantile,0.5,96.5,mean
2020-08-31,2020-08-31,3 wk ahead inc death,2020-09-19,29,quantile,0.55,102.333333333333,mean
2020-08-31,2020-08-31,3 wk ahead inc death,2020-09-19,29,quantile,0.6,108.133333333333,mean
2020-08-31,2020-08-31,3 wk ahead inc death,2020-09-19,29,quantile,0.65,115,mean
2020-08-31,2020-08-31,3 wk ahead inc death,2020-09-19,29,quantile,0.7,123.766666666667,mean
2020-08-31,2020-08-31,3 wk ahead inc death,2020-09-19,29,quantile,0.75,133.666666666667,mean
2020-08-31,2020-08-31,3 wk ahead inc death,2020-09-19,29,quantile,0.8,146.733333333333,mean
2020-08-31,2020-08-31,3 wk ahead inc death,2020-09-19,29,quantile,0.85,163.716666666667,mean
2020-08-31,2020-08-31,3 wk ahead inc death,2020-09-19,29,quantile,0.9,186.666666666667,mean
2020-08-31,2020-08-31,3 wk ahead inc death,2020-09-19,29,quantile,0.95,224.35,mean
2020-08-31,2020-08-31,3 wk ahead inc death,2020-09-19,29,quantile,0.975,260.683333333333,mean
2020-08-31,2020-08-31,3 wk ahead inc death,2020-09-19,29,quantile,0.99,302.343333333333,mean
2020-08-31,2020-08-31,4 wk ahead inc death,2020-09-26,29,point,,105.166666666667,mean
2020-08-31,2020-08-31,4 wk ahead inc death,2020-09-26,29,quantile,0.01,28.6566666666667,mean
2020-08-31,2020-08-31,4 wk ahead inc death,2020-09-26,29,quantile,0.025,34.6583333333333,mean
2020-08-31,2020-08-31,4 wk ahead inc death,2020-09-26,29,quantile,0.05,41.65,mean
2020-08-31,2020-08-31,4 wk ahead inc death,2020-09-26,29,quantile,0.1,50.6666666666667,mean
2020-08-31,2020-08-31,4 wk ahead inc death,2020-09-26,29,quantile,0.15,58.3333333333333,mean
2020-08-31,2020-08-31,4 wk ahead inc death,2020-09-26,29,quantile,0.2,65,mean
2020-08-31,2020-08-31,4 wk ahead inc death,2020-09-26,29,quantile,0.25,71,mean
2020-08-31,2020-08-31,4 wk ahead inc death,2020-09-26,29,quantile,0.3,78.3333333333333,mean
2020-08-31,2020-08-31,4 wk ahead inc death,2020-09-26,29,quantile,0.35,84,mean
2020-08-31,2020-08-31,4 wk ahead inc death,2020-09-26,29,quantile,0.4,90.2,mean
2020-08-31,2020-08-31,4 wk ahead inc death,2020-09-26,29,quantile,0.45,97.6666666666667,mean
2020-08-31,2020-08-31,4 wk ahead inc death,2020-09-26,29,quantile,0.5,105.166666666667,mean
2020-08-31,2020-08-31,4 wk ahead inc death,2020-09-26,29,quantile,0.55,113.483333333333,mean
2020-08-31,2020-08-31,4 wk ahead inc death,2020-09-26,29,quantile,0.6,124.133333333333,mean
2020-08-31,2020-08-31,4 wk ahead inc death,2020-09-26,29,quantile,0.65,134.666666666667,mean
2020-08-31,2020-08-31,4 wk ahead inc death,2020-09-26,29,quantile,0.7,145.666666666667,mean
2020-08-31,2020-08-31,4 wk ahead inc death,2020-09-26,29,quantile,0.75,161.333333333333,mean
2020-08-31,2020-08-31,4 wk ahead inc death,2020-09-26,29,quantile,0.8,179.4,mean
2020-08-31,2020-08-31,4 wk ahead inc death,2020-09-26,29,quantile,0.85,205.05,mean
2020-08-31,2020-08-31,4 wk ahead inc death,2020-09-26,29,quantile,0.9,244,mean
2020-08-31,2020-08-31,4 wk ahead inc death,2020-09-26,29,quantile,0.95,314.783333333333,mean
2020-08-31,2020-08-31,4 wk ahead inc death,2020-09-26,29,quantile,0.975,389.008333333333,mean
2020-08-31,2020-08-31,4 wk ahead inc death,2020-09-26,29,quantile,0.99,471.873333333333,mean
2020-08-31,2020-08-31,1 wk ahead inc death,2020-09-05,30,point,,9.33333333333333,mean
2020-08-31,2020-08-31,1 wk ahead inc death,2020-09-05,30,quantile,0.01,1.33333333333333,mean
2020-08-31,2020-08-31,1 wk ahead inc death,2020-09-05,30,quantile,0.025,2,mean
2020-08-31,2020-08-31,1 wk ahead inc death,2020-09-05,30,quantile,0.05,2.66666666666667,mean
2020-08-31,2020-08-31,1 wk ahead inc death,2020-09-05,30,quantile,0.1,3.66666666666667,mean
2020-08-31,2020-08-31,1 wk ahead inc death,2020-09-05,30,quantile,0.15,4.66666666666667,mean
2020-08-31,2020-08-31,1 wk ahead inc death,2020-09-05,30,quantile,0.2,5,mean
2020-08-31,2020-08-31,1 wk ahead inc death,2020-09-05,30,quantile,0.25,5.66666666666667,mean
2020-08-31,2020-08-31,1 wk ahead inc death,2020-09-05,30,quantile,0.3,6.66666666666667,mean
2020-08-31,2020-08-31,1 wk ahead inc death,2020-09-05,30,quantile,0.35,7,mean
2020-08-31,2020-08-31,1 wk ahead inc death,2020-09-05,30,quantile,0.4,7.66666666666667,mean
2020-08-31,2020-08-31,1 wk ahead inc death,2020-09-05,30,quantile,0.45,8.33333333333333,mean
2020-08-31,2020-08-31,1 wk ahead inc death,2020-09-05,30,quantile,0.5,9.33333333333333,mean
2020-08-31,2020-08-31,1 wk ahead inc death,2020-09-05,30,quantile,0.55,9.81666666666667,mean
2020-08-31,2020-08-31,1 wk ahead inc death,2020-09-05,30,quantile,0.6,10.3333333333333,mean
2020-08-31,2020-08-31,1 wk ahead inc death,2020-09-05,30,quantile,0.65,11.6666666666667,mean
2020-08-31,2020-08-31,1 wk ahead inc death,2020-09-05,30,quantile,0.7,12.3333333333333,mean
2020-08-31,2020-08-31,1 wk ahead inc death,2020-09-05,30,quantile,0.75,13.3333333333333,mean
2020-08-31,2020-08-31,1 wk ahead inc death,2020-09-05,30,quantile,0.8,14.6666666666667,mean
2020-08-31,2020-08-31,1 wk ahead inc death,2020-09-05,30,quantile,0.85,16.3333333333333,mean
2020-08-31,2020-08-31,1 wk ahead inc death,2020-09-05,30,quantile,0.9,18,mean
2020-08-31,2020-08-31,1 wk ahead inc death,2020-09-05,30,quantile,0.95,21.3333333333333,mean
2020-08-31,2020-08-31,1 wk ahead inc death,2020-09-05,30,quantile,0.975,23.6666666666667,mean
2020-08-31,2020-08-31,1 wk ahead inc death,2020-09-05,30,quantile,0.99,25.67,mean
2020-08-31,2020-08-31,2 wk ahead inc death,2020-09-12,30,point,,11.3333333333333,mean
2020-08-31,2020-08-31,2 wk ahead inc death,2020-09-12,30,quantile,0.01,1.66333333333333,mean
2020-08-31,2020-08-31,2 wk ahead inc death,2020-09-12,30,quantile,0.025,2.33333333333333,mean
2020-08-31,2020-08-31,2 wk ahead inc death,2020-09-12,30,quantile,0.05,3.33333333333333,mean
2020-08-31,2020-08-31,2 wk ahead inc death,2020-09-12,30,quantile,0.1,4.66666666666667,mean
2020-08-31,2020-08-31,2 wk ahead inc death,2020-09-12,30,quantile,0.15,5.33333333333333,mean
2020-08-31,2020-08-31,2 wk ahead inc death,2020-09-12,30,quantile,0.2,6.33333333333333,mean
2020-08-31,2020-08-31,2 wk ahead inc death,2020-09-12,30,quantile,0.25,7.33333333333333,mean
2020-08-31,2020-08-31,2 wk ahead inc death,2020-09-12,30,quantile,0.3,8,mean
2020-08-31,2020-08-31,2 wk ahead inc death,2020-09-12,30,quantile,0.35,9,mean
2020-08-31,2020-08-31,2 wk ahead inc death,2020-09-12,30,quantile,0.4,9.66666666666667,mean
2020-08-31,2020-08-31,2 wk ahead inc death,2020-09-12,30,quantile,0.45,10.6666666666667,mean
2020-08-31,2020-08-31,2 wk ahead inc death,2020-09-12,30,quantile,0.5,11.3333333333333,mean
2020-08-31,2020-08-31,2 wk ahead inc death,2020-09-12,30,quantile,0.55,12.3333333333333,mean
2020-08-31,2020-08-31,2 wk ahead inc death,2020-09-12,30,quantile,0.6,13.3333333333333,mean
2020-08-31,2020-08-31,2 wk ahead inc death,2020-09-12,30,quantile,0.65,14.3333333333333,mean
2020-08-31,2020-08-31,2 wk ahead inc death,2020-09-12,30,quantile,0.7,16,mean
2020-08-31,2020-08-31,2 wk ahead inc death,2020-09-12,30,quantile,0.75,17.3333333333333,mean
2020-08-31,2020-08-31,2 wk ahead inc death,2020-09-12,30,quantile,0.8,19.3333333333333,mean
2020-08-31,2020-08-31,2 wk ahead inc death,2020-09-12,30,quantile,0.85,21.6666666666667,mean
2020-08-31,2020-08-31,2 wk ahead inc death,2020-09-12,30,quantile,0.9,24,mean
2020-08-31,2020-08-31,2 wk ahead inc death,2020-09-12,30,quantile,0.95,29.35,mean
2020-08-31,2020-08-31,2 wk ahead inc death,2020-09-12,30,quantile,0.975,33,mean
2020-08-31,2020-08-31,2 wk ahead inc death,2020-09-12,30,quantile,0.99,38.3366666666667,mean
2020-08-31,2020-08-31,3 wk ahead inc death,2020-09-19,30,point,,12.3333333333333,mean
2020-08-31,2020-08-31,3 wk ahead inc death,2020-09-19,30,quantile,0.01,1.33333333333333,mean
2020-08-31,2020-08-31,3 wk ahead inc death,2020-09-19,30,quantile,0.025,2.33333333333333,mean
2020-08-31,2020-08-31,3 wk ahead inc death,2020-09-19,30,quantile,0.05,3.31666666666667,mean
2020-08-31,2020-08-31,3 wk ahead inc death,2020-09-19,30,quantile,0.1,4.66666666666667,mean
2020-08-31,2020-08-31,3 wk ahead inc death,2020-09-19,30,quantile,0.15,5.66666666666667,mean
2020-08-31,2020-08-31,3 wk ahead inc death,2020-09-19,30,quantile,0.2,6.66666666666667,mean
2020-08-31,2020-08-31,3 wk ahead inc death,2020-09-19,30,quantile,0.25,7.33333333333333,mean
2020-08-31,2020-08-31,3 wk ahead inc death,2020-09-19,30,quantile,0.3,8.33333333333333,mean
2020-08-31,2020-08-31,3 wk ahead inc death,2020-09-19,30,quantile,0.35,9.33333333333333,mean
2020-08-31,2020-08-31,3 wk ahead inc death,2020-09-19,30,quantile,0.4,10.3333333333333,mean
2020-08-31,2020-08-31,3 wk ahead inc death,2020-09-19,30,quantile,0.45,11.3333333333333,mean
2020-08-31,2020-08-31,3 wk ahead inc death,2020-09-19,30,quantile,0.5,12.3333333333333,mean
2020-08-31,2020-08-31,3 wk ahead inc death,2020-09-19,30,quantile,0.55,13.6666666666667,mean
2020-08-31,2020-08-31,3 wk ahead inc death,2020-09-19,30,quantile,0.6,14.6666666666667,mean
2020-08-31,2020-08-31,3 wk ahead inc death,2020-09-19,30,quantile,0.65,16.6666666666667,mean
2020-08-31,2020-08-31,3 wk ahead inc death,2020-09-19,30,quantile,0.7,18,mean
2020-08-31,2020-08-31,3 wk ahead inc death,2020-09-19,30,quantile,0.75,19.6666666666667,mean
2020-08-31,2020-08-31,3 wk ahead inc death,2020-09-19,30,quantile,0.8,22.3333333333333,mean
2020-08-31,2020-08-31,3 wk ahead inc death,2020-09-19,30,quantile,0.85,25.3333333333333,mean
2020-08-31,2020-08-31,3 wk ahead inc death,2020-09-19,30,quantile,0.9,29.3333333333333,mean
2020-08-31,2020-08-31,3 wk ahead inc death,2020-09-19,30,quantile,0.95,37.6833333333333,mean
2020-08-31,2020-08-31,3 wk ahead inc death,2020-09-19,30,quantile,0.975,45.0083333333333,mean
2020-08-31,2020-08-31,3 wk ahead inc death,2020-09-19,30,quantile,0.99,51.36,mean
2020-08-31,2020-08-31,4 wk ahead inc death,2020-09-26,30,point,,13.6666666666667,mean
2020-08-31,2020-08-31,4 wk ahead inc death,2020-09-26,30,quantile,0.01,1.33333333333333,mean
2020-08-31,2020-08-31,4 wk ahead inc death,2020-09-26,30,quantile,0.025,2.325,mean
2020-08-31,2020-08-31,4 wk ahead inc death,2020-09-26,30,quantile,0.05,3.33333333333333,mean
2020-08-31,2020-08-31,4 wk ahead inc death,2020-09-26,30,quantile,0.1,4.66666666666667,mean
2020-08-31,2020-08-31,4 wk ahead inc death,2020-09-26,30,quantile,0.15,6,mean
2020-08-31,2020-08-31,4 wk ahead inc death,2020-09-26,30,quantile,0.2,7,mean
2020-08-31,2020-08-31,4 wk ahead inc death,2020-09-26,30,quantile,0.25,8.33333333333333,mean
2020-08-31,2020-08-31,4 wk ahead inc death,2020-09-26,30,quantile,0.3,9,mean
2020-08-31,2020-08-31,4 wk ahead inc death,2020-09-26,30,quantile,0.35,10,mean
2020-08-31,2020-08-31,4 wk ahead inc death,2020-09-26,30,quantile,0.4,11.3333333333333,mean
2020-08-31,2020-08-31,4 wk ahead inc death,2020-09-26,30,quantile,0.45,12.3333333333333,mean
2020-08-31,2020-08-31,4 wk ahead inc death,2020-09-26,30,quantile,0.5,13.6666666666667,mean
2020-08-31,2020-08-31,4 wk ahead inc death,2020-09-26,30,quantile,0.55,15.6666666666667,mean
2020-08-31,2020-08-31,4 wk ahead inc death,2020-09-26,30,quantile,0.6,17,mean
2020-08-31,2020-08-31,4 wk ahead inc death,2020-09-26,30,quantile,0.65,19,mean
2020-08-31,2020-08-31,4 wk ahead inc death,2020-09-26,30,quantile,0.7,21,mean
2020-08-31,2020-08-31,4 wk ahead inc death,2020-09-26,30,quantile,0.75,24.3333333333333,mean
2020-08-31,2020-08-31,4 wk ahead inc death,2020-09-26,30,quantile,0.8,28,mean
2020-08-31,2020-08-31,4 wk ahead inc death,2020-09-26,30,quantile,0.85,33.3333333333333,mean
2020-08-31,2020-08-31,4 wk ahead inc death,2020-09-26,30,quantile,0.9,41,mean
2020-08-31,2020-08-31,4 wk ahead inc death,2020-09-26,30,quantile,0.95,54.6666666666667,mean
2020-08-31,2020-08-31,4 wk ahead inc death,2020-09-26,30,quantile,0.975,69.0166666666667,mean
2020-08-31,2020-08-31,4 wk ahead inc death,2020-09-26,30,quantile,0.99,88.07,mean
2020-08-31,2020-08-31,1 wk ahead inc death,2020-09-05,31,point,,18.6666666666667,mean
2020-08-31,2020-08-31,1 wk ahead inc death,2020-09-05,31,quantile,0.01,7.99666666666667,mean
2020-08-31,2020-08-31,1 wk ahead inc death,2020-09-05,31,quantile,0.025,8.33333333333333,mean
2020-08-31,2020-08-31,1 wk ahead inc death,2020-09-05,31,quantile,0.05,9.33333333333333,mean
2020-08-31,2020-08-31,1 wk ahead inc death,2020-09-05,31,quantile,0.1,11.3333333333333,mean
2020-08-31,2020-08-31,1 wk ahead inc death,2020-09-05,31,quantile,0.15,12.3333333333333,mean
2020-08-31,2020-08-31,1 wk ahead inc death,2020-09-05,31,quantile,0.2,13.3333333333333,mean
2020-08-31,2020-08-31,1 wk ahead inc death,2020-09-05,31,quantile,0.25,14.3333333333333,mean
2020-08-31,2020-08-31,1 wk ahead inc death,2020-09-05,31,quantile,0.3,15.6666666666667,mean
2020-08-31,2020-08-31,1 wk ahead inc death,2020-09-05,31,quantile,0.35,16.3333333333333,mean
2020-08-31,2020-08-31,1 wk ahead inc death,2020-09-05,31,quantile,0.4,17,mean
2020-08-31,2020-08-31,1 wk ahead inc death,2020-09-05,31,quantile,0.45,17.6666666666667,mean
2020-08-31,2020-08-31,1 wk ahead inc death,2020-09-05,31,quantile,0.5,18.6666666666667,mean
2020-08-31,2020-08-31,1 wk ahead inc death,2020-09-05,31,quantile,0.55,19.6666666666667,mean
2020-08-31,2020-08-31,1 wk ahead inc death,2020-09-05,31,quantile,0.6,21.3333333333333,mean
2020-08-31,2020-08-31,1 wk ahead inc death,2020-09-05,31,quantile,0.65,22.3333333333333,mean
2020-08-31,2020-08-31,1 wk ahead inc death,2020-09-05,31,quantile,0.7,23.3333333333333,mean
2020-08-31,2020-08-31,1 wk ahead inc death,2020-09-05,31,quantile,0.75,25,mean
2020-08-31,2020-08-31,1 wk ahead inc death,2020-09-05,31,quantile,0.8,26.3333333333333,mean
2020-08-31,2020-08-31,1 wk ahead inc death,2020-09-05,31,quantile,0.85,28.6666666666667,mean
2020-08-31,2020-08-31,1 wk ahead inc death,2020-09-05,31,quantile,0.9,31.0333333333334,mean
2020-08-31,2020-08-31,1 wk ahead inc death,2020-09-05,31,quantile,0.95,35.35,mean
2020-08-31,2020-08-31,1 wk ahead inc death,2020-09-05,31,quantile,0.975,38.6833333333333,mean
2020-08-31,2020-08-31,1 wk ahead inc death,2020-09-05,31,quantile,0.99,44.3333333333333,mean
2020-08-31,2020-08-31,2 wk ahead inc death,2020-09-12,31,point,,21.6666666666667,mean
2020-08-31,2020-08-31,2 wk ahead inc death,2020-09-12,31,quantile,0.01,5.66333333333333,mean
2020-08-31,2020-08-31,2 wk ahead inc death,2020-09-12,31,quantile,0.025,7.33333333333333,mean
2020-08-31,2020-08-31,2 wk ahead inc death,2020-09-12,31,quantile,0.05,8.66666666666667,mean
2020-08-31,2020-08-31,2 wk ahead inc death,2020-09-12,31,quantile,0.1,11.3333333333333,mean
2020-08-31,2020-08-31,2 wk ahead inc death,2020-09-12,31,quantile,0.15,12.6666666666667,mean
2020-08-31,2020-08-31,2 wk ahead inc death,2020-09-12,31,quantile,0.2,14,mean
2020-08-31,2020-08-31,2 wk ahead inc death,2020-09-12,31,quantile,0.25,15,mean
2020-08-31,2020-08-31,2 wk ahead inc death,2020-09-12,31,quantile,0.3,16.6666666666667,mean
2020-08-31,2020-08-31,2 wk ahead inc death,2020-09-12,31,quantile,0.35,17.6666666666667,mean
2020-08-31,2020-08-31,2 wk ahead inc death,2020-09-12,31,quantile,0.4,19,mean
2020-08-31,2020-08-31,2 wk ahead inc death,2020-09-12,31,quantile,0.45,19.6666666666667,mean
2020-08-31,2020-08-31,2 wk ahead inc death,2020-09-12,31,quantile,0.5,21.6666666666667,mean
2020-08-31,2020-08-31,2 wk ahead inc death,2020-09-12,31,quantile,0.55,22.6666666666667,mean
2020-08-31,2020-08-31,2 wk ahead inc death,2020-09-12,31,quantile,0.6,23.8,mean
2020-08-31,2020-08-31,2 wk ahead inc death,2020-09-12,31,quantile,0.65,25.3333333333333,mean
2020-08-31,2020-08-31,2 wk ahead inc death,2020-09-12,31,quantile,0.7,26.6666666666667,mean
2020-08-31,2020-08-31,2 wk ahead inc death,2020-09-12,31,quantile,0.75,29,mean
2020-08-31,2020-08-31,2 wk ahead inc death,2020-09-12,31,quantile,0.8,31,mean
2020-08-31,2020-08-31,2 wk ahead inc death,2020-09-12,31,quantile,0.85,33.6666666666667,mean
2020-08-31,2020-08-31,2 wk ahead inc death,2020-09-12,31,quantile,0.9,37.3333333333333,mean
2020-08-31,2020-08-31,2 wk ahead inc death,2020-09-12,31,quantile,0.95,43,mean
2020-08-31,2020-08-31,2 wk ahead inc death,2020-09-12,31,quantile,0.975,48.3416666666667,mean
2020-08-31,2020-08-31,2 wk ahead inc death,2020-09-12,31,quantile,0.99,56.01,mean
2020-08-31,2020-08-31,3 wk ahead inc death,2020-09-19,31,point,,22.6666666666667,mean
2020-08-31,2020-08-31,3 wk ahead inc death,2020-09-19,31,quantile,0.01,5.33333333333333,mean
2020-08-31,2020-08-31,3 wk ahead inc death,2020-09-19,31,quantile,0.025,6.66666666666667,mean
2020-08-31,2020-08-31,3 wk ahead inc death,2020-09-19,31,quantile,0.05,8.33333333333333,mean
2020-08-31,2020-08-31,3 wk ahead inc death,2020-09-19,31,quantile,0.1,10.6333333333333,mean
2020-08-31,2020-08-31,3 wk ahead inc death,2020-09-19,31,quantile,0.15,12,mean
2020-08-31,2020-08-31,3 wk ahead inc death,2020-09-19,31,quantile,0.2,14,mean
2020-08-31,2020-08-31,3 wk ahead inc death,2020-09-19,31,quantile,0.25,15.3333333333333,mean
2020-08-31,2020-08-31,3 wk ahead inc death,2020-09-19,31,quantile,0.3,16.6666666666667,mean
2020-08-31,2020-08-31,3 wk ahead inc death,2020-09-19,31,quantile,0.35,18.3333333333333,mean
2020-08-31,2020-08-31,3 wk ahead inc death,2020-09-19,31,quantile,0.4,20,mean
2020-08-31,2020-08-31,3 wk ahead inc death,2020-09-19,31,quantile,0.45,21,mean
2020-08-31,2020-08-31,3 wk ahead inc death,2020-09-19,31,quantile,0.5,22.6666666666667,mean
2020-08-31,2020-08-31,3 wk ahead inc death,2020-09-19,31,quantile,0.55,24.15,mean
2020-08-31,2020-08-31,3 wk ahead inc death,2020-09-19,31,quantile,0.6,26,mean
2020-08-31,2020-08-31,3 wk ahead inc death,2020-09-19,31,quantile,0.65,28.3333333333333,mean
2020-08-31,2020-08-31,3 wk ahead inc death,2020-09-19,31,quantile,0.7,30.6666666666667,mean
2020-08-31,2020-08-31,3 wk ahead inc death,2020-09-19,31,quantile,0.75,32.6666666666667,mean
2020-08-31,2020-08-31,3 wk ahead inc death,2020-09-19,31,quantile,0.8,36,mean
2020-08-31,2020-08-31,3 wk ahead inc death,2020-09-19,31,quantile,0.85,40.3333333333333,mean
2020-08-31,2020-08-31,3 wk ahead inc death,2020-09-19,31,quantile,0.9,45.6666666666667,mean
2020-08-31,2020-08-31,3 wk ahead inc death,2020-09-19,31,quantile,0.95,53.0166666666667,mean
2020-08-31,2020-08-31,3 wk ahead inc death,2020-09-19,31,quantile,0.975,62.3333333333333,mean
2020-08-31,2020-08-31,3 wk ahead inc death,2020-09-19,31,quantile,0.99,72.67,mean
2020-08-31,2020-08-31,4 wk ahead inc death,2020-09-26,31,point,,26,mean
2020-08-31,2020-08-31,4 wk ahead inc death,2020-09-26,31,quantile,0.01,5,mean
2020-08-31,2020-08-31,4 wk ahead inc death,2020-09-26,31,quantile,0.025,6.66666666666667,mean
2020-08-31,2020-08-31,4 wk ahead inc death,2020-09-26,31,quantile,0.05,8.66666666666667,mean
2020-08-31,2020-08-31,4 wk ahead inc death,2020-09-26,31,quantile,0.1,11,mean
2020-08-31,2020-08-31,4 wk ahead inc death,2020-09-26,31,quantile,0.15,13.6666666666667,mean
2020-08-31,2020-08-31,4 wk ahead inc death,2020-09-26,31,quantile,0.2,15.2666666666667,mean
2020-08-31,2020-08-31,4 wk ahead inc death,2020-09-26,31,quantile,0.25,17,mean
2020-08-31,2020-08-31,4 wk ahead inc death,2020-09-26,31,quantile,0.3,18.9,mean
2020-08-31,2020-08-31,4 wk ahead inc death,2020-09-26,31,quantile,0.35,20.6666666666667,mean
2020-08-31,2020-08-31,4 wk ahead inc death,2020-09-26,31,quantile,0.4,22.3333333333333,mean
2020-08-31,2020-08-31,4 wk ahead inc death,2020-09-26,31,quantile,0.45,24.1833333333333,mean
2020-08-31,2020-08-31,4 wk ahead inc death,2020-09-26,31,quantile,0.5,26,mean
2020-08-31,2020-08-31,4 wk ahead inc death,2020-09-26,31,quantile,0.55,28,mean
2020-08-31,2020-08-31,4 wk ahead inc death,2020-09-26,31,quantile,0.6,30.6666666666667,mean
2020-08-31,2020-08-31,4 wk ahead inc death,2020-09-26,31,quantile,0.65,33.6666666666667,mean
2020-08-31,2020-08-31,4 wk ahead inc death,2020-09-26,31,quantile,0.7,36.3333333333333,mean
2020-08-31,2020-08-31,4 wk ahead inc death,2020-09-26,31,quantile,0.75,40.3333333333333,mean
2020-08-31,2020-08-31,4 wk ahead inc death,2020-09-26,31,quantile,0.8,45.3333333333333,mean
2020-08-31,2020-08-31,4 wk ahead inc death,2020-09-26,31,quantile,0.85,51.4333333333334,mean
2020-08-31,2020-08-31,4 wk ahead inc death,2020-09-26,31,quantile,0.9,61.3333333333333,mean
2020-08-31,2020-08-31,4 wk ahead inc death,2020-09-26,31,quantile,0.95,78.05,mean
2020-08-31,2020-08-31,4 wk ahead inc death,2020-09-26,31,quantile,0.975,96.3416666666667,mean
2020-08-31,2020-08-31,4 wk ahead inc death,2020-09-26,31,quantile,0.99,123.733333333333,mean
2020-08-31,2020-08-31,1 wk ahead inc death,2020-09-05,32,point,,72,mean
2020-08-31,2020-08-31,1 wk ahead inc death,2020-09-05,32,quantile,0.01,29.6666666666667,mean
2020-08-31,2020-08-31,1 wk ahead inc death,2020-09-05,32,quantile,0.025,33.9916666666667,mean
2020-08-31,2020-08-31,1 wk ahead inc death,2020-09-05,32,quantile,0.05,38.6666666666667,mean
2020-08-31,2020-08-31,1 wk ahead inc death,2020-09-05,32,quantile,0.1,44.3333333333333,mean
2020-08-31,2020-08-31,1 wk ahead inc death,2020-09-05,32,quantile,0.15,49.3333333333333,mean
2020-08-31,2020-08-31,1 wk ahead inc death,2020-09-05,32,quantile,0.2,53,mean
2020-08-31,2020-08-31,1 wk ahead inc death,2020-09-05,32,quantile,0.25,56.6666666666667,mean
2020-08-31,2020-08-31,1 wk ahead inc death,2020-09-05,32,quantile,0.3,60.3333333333333,mean
2020-08-31,2020-08-31,1 wk ahead inc death,2020-09-05,32,quantile,0.35,63,mean
2020-08-31,2020-08-31,1 wk ahead inc death,2020-09-05,32,quantile,0.4,66,mean
2020-08-31,2020-08-31,1 wk ahead inc death,2020-09-05,32,quantile,0.45,68.6666666666667,mean
2020-08-31,2020-08-31,1 wk ahead inc death,2020-09-05,32,quantile,0.5,72,mean
2020-08-31,2020-08-31,1 wk ahead inc death,2020-09-05,32,quantile,0.55,75,mean
2020-08-31,2020-08-31,1 wk ahead inc death,2020-09-05,32,quantile,0.6,78.8,mean
2020-08-31,2020-08-31,1 wk ahead inc death,2020-09-05,32,quantile,0.65,81.6666666666667,mean
2020-08-31,2020-08-31,1 wk ahead inc death,2020-09-05,32,quantile,0.7,85.6666666666667,mean
2020-08-31,2020-08-31,1 wk ahead inc death,2020-09-05,32,quantile,0.75,90,mean
2020-08-31,2020-08-31,1 wk ahead inc death,2020-09-05,32,quantile,0.8,94.3333333333333,mean
2020-08-31,2020-08-31,1 wk ahead inc death,2020-09-05,32,quantile,0.85,100,mean
2020-08-31,2020-08-31,1 wk ahead inc death,2020-09-05,32,quantile,0.9,107.333333333333,mean
2020-08-31,2020-08-31,1 wk ahead inc death,2020-09-05,32,quantile,0.95,118.35,mean
2020-08-31,2020-08-31,1 wk ahead inc death,2020-09-05,32,quantile,0.975,126.675,mean
2020-08-31,2020-08-31,1 wk ahead inc death,2020-09-05,32,quantile,0.99,140.013333333333,mean
2020-08-31,2020-08-31,2 wk ahead inc death,2020-09-12,32,point,,75,mean
2020-08-31,2020-08-31,2 wk ahead inc death,2020-09-12,32,quantile,0.01,21.9966666666667,mean
2020-08-31,2020-08-31,2 wk ahead inc death,2020-09-12,32,quantile,0.025,26.9833333333333,mean
2020-08-31,2020-08-31,2 wk ahead inc death,2020-09-12,32,quantile,0.05,31,mean
2020-08-31,2020-08-31,2 wk ahead inc death,2020-09-12,32,quantile,0.1,39,mean
2020-08-31,2020-08-31,2 wk ahead inc death,2020-09-12,32,quantile,0.15,45.3333333333333,mean
2020-08-31,2020-08-31,2 wk ahead inc death,2020-09-12,32,quantile,0.2,50.3333333333333,mean
2020-08-31,2020-08-31,2 wk ahead inc death,2020-09-12,32,quantile,0.25,55,mean
2020-08-31,2020-08-31,2 wk ahead inc death,2020-09-12,32,quantile,0.3,58.6666666666667,mean
2020-08-31,2020-08-31,2 wk ahead inc death,2020-09-12,32,quantile,0.35,63,mean
2020-08-31,2020-08-31,2 wk ahead inc death,2020-09-12,32,quantile,0.4,66.3333333333333,mean
2020-08-31,2020-08-31,2 wk ahead inc death,2020-09-12,32,quantile,0.45,70.6666666666667,mean
2020-08-31,2020-08-31,2 wk ahead inc death,2020-09-12,32,quantile,0.5,75,mean
2020-08-31,2020-08-31,2 wk ahead inc death,2020-09-12,32,quantile,0.55,78.6666666666667,mean
2020-08-31,2020-08-31,2 wk ahead inc death,2020-09-12,32,quantile,0.6,82.6666666666667,mean
2020-08-31,2020-08-31,2 wk ahead inc death,2020-09-12,32,quantile,0.65,87,mean
2020-08-31,2020-08-31,2 wk ahead inc death,2020-09-12,32,quantile,0.7,91,mean
2020-08-31,2020-08-31,2 wk ahead inc death,2020-09-12,32,quantile,0.75,97,mean
2020-08-31,2020-08-31,2 wk ahead inc death,2020-09-12,32,quantile,0.8,103.333333333333,mean
2020-08-31,2020-08-31,2 wk ahead inc death,2020-09-12,32,quantile,0.85,109.05,mean
2020-08-31,2020-08-31,2 wk ahead inc death,2020-09-12,32,quantile,0.9,117.7,mean
2020-08-31,2020-08-31,2 wk ahead inc death,2020-09-12,32,quantile,0.95,128.666666666667,mean
2020-08-31,2020-08-31,2 wk ahead inc death,2020-09-12,32,quantile,0.975,139.35,mean
2020-08-31,2020-08-31,2 wk ahead inc death,2020-09-12,32,quantile,0.99,151.003333333333,mean
2020-08-31,2020-08-31,3 wk ahead inc death,2020-09-19,32,point,,68.6666666666667,mean
2020-08-31,2020-08-31,3 wk ahead inc death,2020-09-19,32,quantile,0.01,15,mean
2020-08-31,2020-08-31,3 wk ahead inc death,2020-09-19,32,quantile,0.025,21.6666666666667,mean
2020-08-31,2020-08-31,3 wk ahead inc death,2020-09-19,32,quantile,0.05,26,mean
2020-08-31,2020-08-31,3 wk ahead inc death,2020-09-19,32,quantile,0.1,33,mean
2020-08-31,2020-08-31,3 wk ahead inc death,2020-09-19,32,quantile,0.15,38.6666666666667,mean
2020-08-31,2020-08-31,3 wk ahead inc death,2020-09-19,32,quantile,0.2,43.3333333333333,mean
2020-08-31,2020-08-31,3 wk ahead inc death,2020-09-19,32,quantile,0.25,47.6666666666667,mean
2020-08-31,2020-08-31,3 wk ahead inc death,2020-09-19,32,quantile,0.3,52,mean
2020-08-31,2020-08-31,3 wk ahead inc death,2020-09-19,32,quantile,0.35,55.6666666666667,mean
2020-08-31,2020-08-31,3 wk ahead inc death,2020-09-19,32,quantile,0.4,59.6666666666667,mean
2020-08-31,2020-08-31,3 wk ahead inc death,2020-09-19,32,quantile,0.45,64.3333333333333,mean
2020-08-31,2020-08-31,3 wk ahead inc death,2020-09-19,32,quantile,0.5,68.6666666666667,mean
2020-08-31,2020-08-31,3 wk ahead inc death,2020-09-19,32,quantile,0.55,73.3333333333333,mean
2020-08-31,2020-08-31,3 wk ahead inc death,2020-09-19,32,quantile,0.6,77.6666666666667,mean
2020-08-31,2020-08-31,3 wk ahead inc death,2020-09-19,32,quantile,0.65,82.7833333333333,mean
2020-08-31,2020-08-31,3 wk ahead inc death,2020-09-19,32,quantile,0.7,87.6666666666667,mean
2020-08-31,2020-08-31,3 wk ahead inc death,2020-09-19,32,quantile,0.75,94.3333333333333,mean
2020-08-31,2020-08-31,3 wk ahead inc death,2020-09-19,32,quantile,0.8,101.333333333333,mean
2020-08-31,2020-08-31,3 wk ahead inc death,2020-09-19,32,quantile,0.85,111,mean
2020-08-31,2020-08-31,3 wk ahead inc death,2020-09-19,32,quantile,0.9,120.666666666667,mean
2020-08-31,2020-08-31,3 wk ahead inc death,2020-09-19,32,quantile,0.95,134.333333333333,mean
2020-08-31,2020-08-31,3 wk ahead inc death,2020-09-19,32,quantile,0.975,147.008333333333,mean
2020-08-31,2020-08-31,3 wk ahead inc death,2020-09-19,32,quantile,0.99,158.676666666667,mean
2020-08-31,2020-08-31,4 wk ahead inc death,2020-09-26,32,point,,63.6666666666667,mean
2020-08-31,2020-08-31,4 wk ahead inc death,2020-09-26,32,quantile,0.01,10.3266666666667,mean
2020-08-31,2020-08-31,4 wk ahead inc death,2020-09-26,32,quantile,0.025,15.3333333333333,mean
2020-08-31,2020-08-31,4 wk ahead inc death,2020-09-26,32,quantile,0.05,21.3166666666667,mean
2020-08-31,2020-08-31,4 wk ahead inc death,2020-09-26,32,quantile,0.1,28,mean
2020-08-31,2020-08-31,4 wk ahead inc death,2020-09-26,32,quantile,0.15,33.6666666666667,mean
2020-08-31,2020-08-31,4 wk ahead inc death,2020-09-26,32,quantile,0.2,38,mean
2020-08-31,2020-08-31,4 wk ahead inc death,2020-09-26,32,quantile,0.25,43,mean
2020-08-31,2020-08-31,4 wk ahead inc death,2020-09-26,32,quantile,0.3,46.6666666666667,mean
2020-08-31,2020-08-31,4 wk ahead inc death,2020-09-26,32,quantile,0.35,51.2166666666667,mean
2020-08-31,2020-08-31,4 wk ahead inc death,2020-09-26,32,quantile,0.4,54.6666666666667,mean
2020-08-31,2020-08-31,4 wk ahead inc death,2020-09-26,32,quantile,0.45,59,mean
2020-08-31,2020-08-31,4 wk ahead inc death,2020-09-26,32,quantile,0.5,63.6666666666667,mean
2020-08-31,2020-08-31,4 wk ahead inc death,2020-09-26,32,quantile,0.55,68.3333333333333,mean
2020-08-31,2020-08-31,4 wk ahead inc death,2020-09-26,32,quantile,0.6,74,mean
2020-08-31,2020-08-31,4 wk ahead inc death,2020-09-26,32,quantile,0.65,79.4500000000001,mean
2020-08-31,2020-08-31,4 wk ahead inc death,2020-09-26,32,quantile,0.7,84.7666666666667,mean
2020-08-31,2020-08-31,4 wk ahead inc death,2020-09-26,32,quantile,0.75,91.3333333333333,mean
2020-08-31,2020-08-31,4 wk ahead inc death,2020-09-26,32,quantile,0.8,99,mean
2020-08-31,2020-08-31,4 wk ahead inc death,2020-09-26,32,quantile,0.85,109.05,mean
2020-08-31,2020-08-31,4 wk ahead inc death,2020-09-26,32,quantile,0.9,121.666666666667,mean
2020-08-31,2020-08-31,4 wk ahead inc death,2020-09-26,32,quantile,0.95,143.716666666667,mean
2020-08-31,2020-08-31,4 wk ahead inc death,2020-09-26,32,quantile,0.975,161.333333333333,mean
2020-08-31,2020-08-31,4 wk ahead inc death,2020-09-26,32,quantile,0.99,176.68,mean
2020-08-31,2020-08-31,1 wk ahead inc death,2020-09-05,33,point,,3,mean
2020-08-31,2020-08-31,1 wk ahead inc death,2020-09-05,33,quantile,0.01,0,mean
2020-08-31,2020-08-31,1 wk ahead inc death,2020-09-05,33,quantile,0.025,0,mean
2020-08-31,2020-08-31,1 wk ahead inc death,2020-09-05,33,quantile,0.05,0.666666666666667,mean
2020-08-31,2020-08-31,1 wk ahead inc death,2020-09-05,33,quantile,0.1,0.666666666666667,mean
2020-08-31,2020-08-31,1 wk ahead inc death,2020-09-05,33,quantile,0.15,1.33333333333333,mean
2020-08-31,2020-08-31,1 wk ahead inc death,2020-09-05,33,quantile,0.2,1.33333333333333,mean
2020-08-31,2020-08-31,1 wk ahead inc death,2020-09-05,33,quantile,0.25,1.33333333333333,mean
2020-08-31,2020-08-31,1 wk ahead inc death,2020-09-05,33,quantile,0.3,1.66666666666667,mean
2020-08-31,2020-08-31,1 wk ahead inc death,2020-09-05,33,quantile,0.35,2.33333333333333,mean
2020-08-31,2020-08-31,1 wk ahead inc death,2020-09-05,33,quantile,0.4,2.33333333333333,mean
2020-08-31,2020-08-31,1 wk ahead inc death,2020-09-05,33,quantile,0.45,2.33333333333333,mean
2020-08-31,2020-08-31,1 wk ahead inc death,2020-09-05,33,quantile,0.5,3,mean
2020-08-31,2020-08-31,1 wk ahead inc death,2020-09-05,33,quantile,0.55,3,mean
2020-08-31,2020-08-31,1 wk ahead inc death,2020-09-05,33,quantile,0.6,3.33333333333333,mean
2020-08-31,2020-08-31,1 wk ahead inc death,2020-09-05,33,quantile,0.65,3.66666666666667,mean
2020-08-31,2020-08-31,1 wk ahead inc death,2020-09-05,33,quantile,0.7,4,mean
2020-08-31,2020-08-31,1 wk ahead inc death,2020-09-05,33,quantile,0.75,4.33333333333333,mean
2020-08-31,2020-08-31,1 wk ahead inc death,2020-09-05,33,quantile,0.8,5,mean
2020-08-31,2020-08-31,1 wk ahead inc death,2020-09-05,33,quantile,0.85,5,mean
2020-08-31,2020-08-31,1 wk ahead inc death,2020-09-05,33,quantile,0.9,6,mean
2020-08-31,2020-08-31,1 wk ahead inc death,2020-09-05,33,quantile,0.95,6.66666666666667,mean
2020-08-31,2020-08-31,1 wk ahead inc death,2020-09-05,33,quantile,0.975,7.67499999999999,mean
2020-08-31,2020-08-31,1 wk ahead inc death,2020-09-05,33,quantile,0.99,8.66666666666667,mean
2020-08-31,2020-08-31,2 wk ahead inc death,2020-09-12,33,point,,4,mean
2020-08-31,2020-08-31,2 wk ahead inc death,2020-09-12,33,quantile,0.01,0,mean
2020-08-31,2020-08-31,2 wk ahead inc death,2020-09-12,33,quantile,0.025,0.333333333333333,mean
2020-08-31,2020-08-31,2 wk ahead inc death,2020-09-12,33,quantile,0.05,0.666666666666667,mean
2020-08-31,2020-08-31,2 wk ahead inc death,2020-09-12,33,quantile,0.1,0.666666666666667,mean
2020-08-31,2020-08-31,2 wk ahead inc death,2020-09-12,33,quantile,0.15,1.66666666666667,mean
2020-08-31,2020-08-31,2 wk ahead inc death,2020-09-12,33,quantile,0.2,2,mean
2020-08-31,2020-08-31,2 wk ahead inc death,2020-09-12,33,quantile,0.25,2,mean
2020-08-31,2020-08-31,2 wk ahead inc death,2020-09-12,33,quantile,0.3,2.66666666666667,mean
2020-08-31,2020-08-31,2 wk ahead inc death,2020-09-12,33,quantile,0.35,2.66666666666667,mean
2020-08-31,2020-08-31,2 wk ahead inc death,2020-09-12,33,quantile,0.4,3,mean
2020-08-31,2020-08-31,2 wk ahead inc death,2020-09-12,33,quantile,0.45,3.33333333333333,mean
2020-08-31,2020-08-31,2 wk ahead inc death,2020-09-12,33,quantile,0.5,4,mean
2020-08-31,2020-08-31,2 wk ahead inc death,2020-09-12,33,quantile,0.55,4,mean
2020-08-31,2020-08-31,2 wk ahead inc death,2020-09-12,33,quantile,0.6,4.33333333333333,mean
2020-08-31,2020-08-31,2 wk ahead inc death,2020-09-12,33,quantile,0.65,5,mean
2020-08-31,2020-08-31,2 wk ahead inc death,2020-09-12,33,quantile,0.7,5,mean
2020-08-31,2020-08-31,2 wk ahead inc death,2020-09-12,33,quantile,0.75,5.33333333333333,mean
2020-08-31,2020-08-31,2 wk ahead inc death,2020-09-12,33,quantile,0.8,6.33333333333333,mean
2020-08-31,2020-08-31,2 wk ahead inc death,2020-09-12,33,quantile,0.85,6.66666666666667,mean
2020-08-31,2020-08-31,2 wk ahead inc death,2020-09-12,33,quantile,0.9,7.33333333333341,mean
2020-08-31,2020-08-31,2 wk ahead inc death,2020-09-12,33,quantile,0.95,8.66666666666667,mean
2020-08-31,2020-08-31,2 wk ahead inc death,2020-09-12,33,quantile,0.975,10,mean
2020-08-31,2020-08-31,2 wk ahead inc death,2020-09-12,33,quantile,0.99,11.3333333333333,mean
2020-08-31,2020-08-31,3 wk ahead inc death,2020-09-19,33,point,,4,mean
2020-08-31,2020-08-31,3 wk ahead inc death,2020-09-19,33,quantile,0.01,0.33,mean
2020-08-31,2020-08-31,3 wk ahead inc death,2020-09-19,33,quantile,0.025,0.333333333333333,mean
2020-08-31,2020-08-31,3 wk ahead inc death,2020-09-19,33,quantile,0.05,0.666666666666667,mean
2020-08-31,2020-08-31,3 wk ahead inc death,2020-09-19,33,quantile,0.1,1,mean
2020-08-31,2020-08-31,3 wk ahead inc death,2020-09-19,33,quantile,0.15,1.66666666666667,mean
2020-08-31,2020-08-31,3 wk ahead inc death,2020-09-19,33,quantile,0.2,2,mean
2020-08-31,2020-08-31,3 wk ahead inc death,2020-09-19,33,quantile,0.25,2.33333333333333,mean
2020-08-31,2020-08-31,3 wk ahead inc death,2020-09-19,33,quantile,0.3,3,mean
2020-08-31,2020-08-31,3 wk ahead inc death,2020-09-19,33,quantile,0.35,3,mean
2020-08-31,2020-08-31,3 wk ahead inc death,2020-09-19,33,quantile,0.4,3.33333333333333,mean
2020-08-31,2020-08-31,3 wk ahead inc death,2020-09-19,33,quantile,0.45,3.33333333333333,mean
2020-08-31,2020-08-31,3 wk ahead inc death,2020-09-19,33,quantile,0.5,4,mean
2020-08-31,2020-08-31,3 wk ahead inc death,2020-09-19,33,quantile,0.55,4.33333333333333,mean
2020-08-31,2020-08-31,3 wk ahead inc death,2020-09-19,33,quantile,0.6,4.66666666666667,mean
2020-08-31,2020-08-31,3 wk ahead inc death,2020-09-19,33,quantile,0.65,4.66666666666667,mean
2020-08-31,2020-08-31,3 wk ahead inc death,2020-09-19,33,quantile,0.7,5.33333333333333,mean
2020-08-31,2020-08-31,3 wk ahead inc death,2020-09-19,33,quantile,0.75,6,mean
2020-08-31,2020-08-31,3 wk ahead inc death,2020-09-19,33,quantile,0.8,6.33333333333333,mean
2020-08-31,2020-08-31,3 wk ahead inc death,2020-09-19,33,quantile,0.85,7,mean
2020-08-31,2020-08-31,3 wk ahead inc death,2020-09-19,33,quantile,0.9,8,mean
2020-08-31,2020-08-31,3 wk ahead inc death,2020-09-19,33,quantile,0.95,9.33333333333333,mean
2020-08-31,2020-08-31,3 wk ahead inc death,2020-09-19,33,quantile,0.975,10.6666666666667,mean
2020-08-31,2020-08-31,3 wk ahead inc death,2020-09-19,33,quantile,0.99,12.6666666666667,mean
2020-08-31,2020-08-31,4 wk ahead inc death,2020-09-26,33,point,,4.33333333333333,mean
2020-08-31,2020-08-31,4 wk ahead inc death,2020-09-26,33,quantile,0.01,0.333333333333333,mean
2020-08-31,2020-08-31,4 wk ahead inc death,2020-09-26,33,quantile,0.025,0.333333333333333,mean
2020-08-31,2020-08-31,4 wk ahead inc death,2020-09-26,33,quantile,0.05,0.666666666666667,mean
2020-08-31,2020-08-31,4 wk ahead inc death,2020-09-26,33,quantile,0.1,1.66666666666667,mean
2020-08-31,2020-08-31,4 wk ahead inc death,2020-09-26,33,quantile,0.15,1.66666666666667,mean
2020-08-31,2020-08-31,4 wk ahead inc death,2020-09-26,33,quantile,0.2,2,mean
2020-08-31,2020-08-31,4 wk ahead inc death,2020-09-26,33,quantile,0.25,2.33333333333333,mean
2020-08-31,2020-08-31,4 wk ahead inc death,2020-09-26,33,quantile,0.3,3,mean
2020-08-31,2020-08-31,4 wk ahead inc death,2020-09-26,33,quantile,0.35,3.33333333333333,mean
2020-08-31,2020-08-31,4 wk ahead inc death,2020-09-26,33,quantile,0.4,3.66666666666667,mean
2020-08-31,2020-08-31,4 wk ahead inc death,2020-09-26,33,quantile,0.45,3.66666666666667,mean
2020-08-31,2020-08-31,4 wk ahead inc death,2020-09-26,33,quantile,0.5,4.33333333333333,mean
2020-08-31,2020-08-31,4 wk ahead inc death,2020-09-26,33,quantile,0.55,4.33333333333333,mean
2020-08-31,2020-08-31,4 wk ahead inc death,2020-09-26,33,quantile,0.6,5,mean
2020-08-31,2020-08-31,4 wk ahead inc death,2020-09-26,33,quantile,0.65,5.33333333333333,mean
2020-08-31,2020-08-31,4 wk ahead inc death,2020-09-26,33,quantile,0.7,5.66666666666667,mean
2020-08-31,2020-08-31,4 wk ahead inc death,2020-09-26,33,quantile,0.75,6.00000000000008,mean
2020-08-31,2020-08-31,4 wk ahead inc death,2020-09-26,33,quantile,0.8,7,mean
2020-08-31,2020-08-31,4 wk ahead inc death,2020-09-26,33,quantile,0.85,8,mean
2020-08-31,2020-08-31,4 wk ahead inc death,2020-09-26,33,quantile,0.9,8.66666666666667,mean
2020-08-31,2020-08-31,4 wk ahead inc death,2020-09-26,33,quantile,0.95,10.6666666666667,mean
2020-08-31,2020-08-31,4 wk ahead inc death,2020-09-26,33,quantile,0.975,11.6666666666667,mean
2020-08-31,2020-08-31,4 wk ahead inc death,2020-09-26,33,quantile,0.99,14.3333333333333,mean
2020-08-31,2020-08-31,1 wk ahead inc death,2020-09-05,34,point,,39.6666666666667,mean
2020-08-31,2020-08-31,1 wk ahead inc death,2020-09-05,34,quantile,0.01,16.9933333333333,mean
2020-08-31,2020-08-31,1 wk ahead inc death,2020-09-05,34,quantile,0.025,18.6666666666667,mean
2020-08-31,2020-08-31,1 wk ahead inc death,2020-09-05,34,quantile,0.05,21,mean
2020-08-31,2020-08-31,1 wk ahead inc death,2020-09-05,34,quantile,0.1,24,mean
2020-08-31,2020-08-31,1 wk ahead inc death,2020-09-05,34,quantile,0.15,26.6166666666667,mean
2020-08-31,2020-08-31,1 wk ahead inc death,2020-09-05,34,quantile,0.2,29,mean
2020-08-31,2020-08-31,1 wk ahead inc death,2020-09-05,34,quantile,0.25,31,mean
2020-08-31,2020-08-31,1 wk ahead inc death,2020-09-05,34,quantile,0.3,32.6666666666667,mean
2020-08-31,2020-08-31,1 wk ahead inc death,2020-09-05,34,quantile,0.35,34,mean
2020-08-31,2020-08-31,1 wk ahead inc death,2020-09-05,34,quantile,0.4,36,mean
2020-08-31,2020-08-31,1 wk ahead inc death,2020-09-05,34,quantile,0.45,38,mean
2020-08-31,2020-08-31,1 wk ahead inc death,2020-09-05,34,quantile,0.5,39.6666666666667,mean
2020-08-31,2020-08-31,1 wk ahead inc death,2020-09-05,34,quantile,0.55,41.6666666666667,mean
2020-08-31,2020-08-31,1 wk ahead inc death,2020-09-05,34,quantile,0.6,44,mean
2020-08-31,2020-08-31,1 wk ahead inc death,2020-09-05,34,quantile,0.65,46,mean
2020-08-31,2020-08-31,1 wk ahead inc death,2020-09-05,34,quantile,0.7,48.1,mean
2020-08-31,2020-08-31,1 wk ahead inc death,2020-09-05,34,quantile,0.75,50.6666666666667,mean
2020-08-31,2020-08-31,1 wk ahead inc death,2020-09-05,34,quantile,0.8,54,mean
2020-08-31,2020-08-31,1 wk ahead inc death,2020-09-05,34,quantile,0.85,57.6666666666667,mean
2020-08-31,2020-08-31,1 wk ahead inc death,2020-09-05,34,quantile,0.9,62.6666666666667,mean
2020-08-31,2020-08-31,1 wk ahead inc death,2020-09-05,34,quantile,0.95,70.6833333333333,mean
2020-08-31,2020-08-31,1 wk ahead inc death,2020-09-05,34,quantile,0.975,78.0083333333333,mean
2020-08-31,2020-08-31,1 wk ahead inc death,2020-09-05,34,quantile,0.99,84.6733333333333,mean
2020-08-31,2020-08-31,2 wk ahead inc death,2020-09-12,34,point,,42.3333333333333,mean
2020-08-31,2020-08-31,2 wk ahead inc death,2020-09-12,34,quantile,0.01,11.6666666666667,mean
2020-08-31,2020-08-31,2 wk ahead inc death,2020-09-12,34,quantile,0.025,15.3166666666667,mean
2020-08-31,2020-08-31,2 wk ahead inc death,2020-09-12,34,quantile,0.05,18,mean
2020-08-31,2020-08-31,2 wk ahead inc death,2020-09-12,34,quantile,0.1,22.3333333333333,mean
2020-08-31,2020-08-31,2 wk ahead inc death,2020-09-12,34,quantile,0.15,25.6666666666667,mean
2020-08-31,2020-08-31,2 wk ahead inc death,2020-09-12,34,quantile,0.2,28,mean
2020-08-31,2020-08-31,2 wk ahead inc death,2020-09-12,34,quantile,0.25,30.3333333333333,mean
2020-08-31,2020-08-31,2 wk ahead inc death,2020-09-12,34,quantile,0.3,33,mean
2020-08-31,2020-08-31,2 wk ahead inc death,2020-09-12,34,quantile,0.35,35,mean
2020-08-31,2020-08-31,2 wk ahead inc death,2020-09-12,34,quantile,0.4,37.3333333333333,mean
2020-08-31,2020-08-31,2 wk ahead inc death,2020-09-12,34,quantile,0.45,40,mean
2020-08-31,2020-08-31,2 wk ahead inc death,2020-09-12,34,quantile,0.5,42.3333333333333,mean
2020-08-31,2020-08-31,2 wk ahead inc death,2020-09-12,34,quantile,0.55,45,mean
2020-08-31,2020-08-31,2 wk ahead inc death,2020-09-12,34,quantile,0.6,48,mean
2020-08-31,2020-08-31,2 wk ahead inc death,2020-09-12,34,quantile,0.65,51.6666666666667,mean
2020-08-31,2020-08-31,2 wk ahead inc death,2020-09-12,34,quantile,0.7,55.3333333333333,mean
2020-08-31,2020-08-31,2 wk ahead inc death,2020-09-12,34,quantile,0.75,60,mean
2020-08-31,2020-08-31,2 wk ahead inc death,2020-09-12,34,quantile,0.8,65,mean
2020-08-31,2020-08-31,2 wk ahead inc death,2020-09-12,34,quantile,0.85,71.3833333333334,mean
2020-08-31,2020-08-31,2 wk ahead inc death,2020-09-12,34,quantile,0.9,80.6666666666667,mean
2020-08-31,2020-08-31,2 wk ahead inc death,2020-09-12,34,quantile,0.95,94.6833333333333,mean
2020-08-31,2020-08-31,2 wk ahead inc death,2020-09-12,34,quantile,0.975,106.683333333333,mean
2020-08-31,2020-08-31,2 wk ahead inc death,2020-09-12,34,quantile,0.99,121.336666666667,mean
2020-08-31,2020-08-31,3 wk ahead inc death,2020-09-19,34,point,,44.3333333333333,mean
2020-08-31,2020-08-31,3 wk ahead inc death,2020-09-19,34,quantile,0.01,10.6633333333333,mean
2020-08-31,2020-08-31,3 wk ahead inc death,2020-09-19,34,quantile,0.025,13.3333333333333,mean
2020-08-31,2020-08-31,3 wk ahead inc death,2020-09-19,34,quantile,0.05,17.3166666666667,mean
2020-08-31,2020-08-31,3 wk ahead inc death,2020-09-19,34,quantile,0.1,21,mean
2020-08-31,2020-08-31,3 wk ahead inc death,2020-09-19,34,quantile,0.15,24.95,mean
2020-08-31,2020-08-31,3 wk ahead inc death,2020-09-19,34,quantile,0.2,27.3333333333333,mean
2020-08-31,2020-08-31,3 wk ahead inc death,2020-09-19,34,quantile,0.25,30.6666666666667,mean
2020-08-31,2020-08-31,3 wk ahead inc death,2020-09-19,34,quantile,0.3,33.3333333333333,mean
2020-08-31,2020-08-31,3 wk ahead inc death,2020-09-19,34,quantile,0.35,36,mean
2020-08-31,2020-08-31,3 wk ahead inc death,2020-09-19,34,quantile,0.4,38.6666666666667,mean
2020-08-31,2020-08-31,3 wk ahead inc death,2020-09-19,34,quantile,0.45,41.3333333333333,mean
2020-08-31,2020-08-31,3 wk ahead inc death,2020-09-19,34,quantile,0.5,44.3333333333333,mean
2020-08-31,2020-08-31,3 wk ahead inc death,2020-09-19,34,quantile,0.55,48,mean
2020-08-31,2020-08-31,3 wk ahead inc death,2020-09-19,34,quantile,0.6,51.6666666666667,mean
2020-08-31,2020-08-31,3 wk ahead inc death,2020-09-19,34,quantile,0.65,56,mean
2020-08-31,2020-08-31,3 wk ahead inc death,2020-09-19,34,quantile,0.7,61.4333333333334,mean
2020-08-31,2020-08-31,3 wk ahead inc death,2020-09-19,34,quantile,0.75,68.3333333333333,mean
2020-08-31,2020-08-31,3 wk ahead inc death,2020-09-19,34,quantile,0.8,76.6666666666667,mean
2020-08-31,2020-08-31,3 wk ahead inc death,2020-09-19,34,quantile,0.85,88.3333333333333,mean
2020-08-31,2020-08-31,3 wk ahead inc death,2020-09-19,34,quantile,0.9,104.666666666667,mean
2020-08-31,2020-08-31,3 wk ahead inc death,2020-09-19,34,quantile,0.95,136.35,mean
2020-08-31,2020-08-31,3 wk ahead inc death,2020-09-19,34,quantile,0.975,163.341666666667,mean
2020-08-31,2020-08-31,3 wk ahead inc death,2020-09-19,34,quantile,0.99,199.36,mean
2020-08-31,2020-08-31,4 wk ahead inc death,2020-09-26,34,point,,47,mean
2020-08-31,2020-08-31,4 wk ahead inc death,2020-09-26,34,quantile,0.01,8.33,mean
2020-08-31,2020-08-31,4 wk ahead inc death,2020-09-26,34,quantile,0.025,11.6666666666667,mean
2020-08-31,2020-08-31,4 wk ahead inc death,2020-09-26,34,quantile,0.05,14.3333333333333,mean
2020-08-31,2020-08-31,4 wk ahead inc death,2020-09-26,34,quantile,0.1,21.3333333333333,mean
2020-08-31,2020-08-31,4 wk ahead inc death,2020-09-26,34,quantile,0.15,24.95,mean
2020-08-31,2020-08-31,4 wk ahead inc death,2020-09-26,34,quantile,0.2,28,mean
2020-08-31,2020-08-31,4 wk ahead inc death,2020-09-26,34,quantile,0.25,31,mean
2020-08-31,2020-08-31,4 wk ahead inc death,2020-09-26,34,quantile,0.3,34,mean
2020-08-31,2020-08-31,4 wk ahead inc death,2020-09-26,34,quantile,0.35,37.3333333333333,mean
2020-08-31,2020-08-31,4 wk ahead inc death,2020-09-26,34,quantile,0.4,40.3333333333333,mean
2020-08-31,2020-08-31,4 wk ahead inc death,2020-09-26,34,quantile,0.45,43.3333333333333,mean
2020-08-31,2020-08-31,4 wk ahead inc death,2020-09-26,34,quantile,0.5,47,mean
2020-08-31,2020-08-31,4 wk ahead inc death,2020-09-26,34,quantile,0.55,51,mean
2020-08-31,2020-08-31,4 wk ahead inc death,2020-09-26,34,quantile,0.6,56,mean
2020-08-31,2020-08-31,4 wk ahead inc death,2020-09-26,34,quantile,0.65,61.6666666666667,mean
2020-08-31,2020-08-31,4 wk ahead inc death,2020-09-26,34,quantile,0.7,69.6666666666667,mean
2020-08-31,2020-08-31,4 wk ahead inc death,2020-09-26,34,quantile,0.75,79.6666666666667,mean
2020-08-31,2020-08-31,4 wk ahead inc death,2020-09-26,34,quantile,0.8,91.6666666666667,mean
2020-08-31,2020-08-31,4 wk ahead inc death,2020-09-26,34,quantile,0.85,110,mean
2020-08-31,2020-08-31,4 wk ahead inc death,2020-09-26,34,quantile,0.9,140.666666666667,mean
2020-08-31,2020-08-31,4 wk ahead inc death,2020-09-26,34,quantile,0.95,204.366666666667,mean
2020-08-31,2020-08-31,4 wk ahead inc death,2020-09-26,34,quantile,0.975,272.408333333333,mean
2020-08-31,2020-08-31,4 wk ahead inc death,2020-09-26,34,quantile,0.99,345.763333333333,mean
2020-08-31,2020-08-31,1 wk ahead inc death,2020-09-05,35,point,,31.6666666666667,mean
2020-08-31,2020-08-31,1 wk ahead inc death,2020-09-05,35,quantile,0.01,19,mean
2020-08-31,2020-08-31,1 wk ahead inc death,2020-09-05,35,quantile,0.025,20.3333333333333,mean
2020-08-31,2020-08-31,1 wk ahead inc death,2020-09-05,35,quantile,0.05,21.6666666666667,mean
2020-08-31,2020-08-31,1 wk ahead inc death,2020-09-05,35,quantile,0.1,23.6666666666667,mean
2020-08-31,2020-08-31,1 wk ahead inc death,2020-09-05,35,quantile,0.15,24.6666666666667,mean
2020-08-31,2020-08-31,1 wk ahead inc death,2020-09-05,35,quantile,0.2,26.3333333333333,mean
2020-08-31,2020-08-31,1 wk ahead inc death,2020-09-05,35,quantile,0.25,27,mean
2020-08-31,2020-08-31,1 wk ahead inc death,2020-09-05,35,quantile,0.3,28,mean
2020-08-31,2020-08-31,1 wk ahead inc death,2020-09-05,35,quantile,0.35,29,mean
2020-08-31,2020-08-31,1 wk ahead inc death,2020-09-05,35,quantile,0.4,30,mean
2020-08-31,2020-08-31,1 wk ahead inc death,2020-09-05,35,quantile,0.45,30.6666666666667,mean
2020-08-31,2020-08-31,1 wk ahead inc death,2020-09-05,35,quantile,0.5,31.6666666666667,mean
2020-08-31,2020-08-31,1 wk ahead inc death,2020-09-05,35,quantile,0.55,32.6666666666667,mean
2020-08-31,2020-08-31,1 wk ahead inc death,2020-09-05,35,quantile,0.6,33.6666666666667,mean
2020-08-31,2020-08-31,1 wk ahead inc death,2020-09-05,35,quantile,0.65,34.6666666666667,mean
2020-08-31,2020-08-31,1 wk ahead inc death,2020-09-05,35,quantile,0.7,35.6666666666667,mean
2020-08-31,2020-08-31,1 wk ahead inc death,2020-09-05,35,quantile,0.75,36.6666666666667,mean
2020-08-31,2020-08-31,1 wk ahead inc death,2020-09-05,35,quantile,0.8,38.3333333333333,mean
2020-08-31,2020-08-31,1 wk ahead inc death,2020-09-05,35,quantile,0.85,39.3333333333333,mean
2020-08-31,2020-08-31,1 wk ahead inc death,2020-09-05,35,quantile,0.9,41.6666666666667,mean
2020-08-31,2020-08-31,1 wk ahead inc death,2020-09-05,35,quantile,0.95,44.6833333333333,mean
2020-08-31,2020-08-31,1 wk ahead inc death,2020-09-05,35,quantile,0.975,47.3333333333333,mean
2020-08-31,2020-08-31,1 wk ahead inc death,2020-09-05,35,quantile,0.99,50.3366666666667,mean
2020-08-31,2020-08-31,2 wk ahead inc death,2020-09-12,35,point,,30.5,mean
2020-08-31,2020-08-31,2 wk ahead inc death,2020-09-12,35,quantile,0.01,13,mean
2020-08-31,2020-08-31,2 wk ahead inc death,2020-09-12,35,quantile,0.025,14.6666666666667,mean
2020-08-31,2020-08-31,2 wk ahead inc death,2020-09-12,35,quantile,0.05,16.9833333333333,mean
2020-08-31,2020-08-31,2 wk ahead inc death,2020-09-12,35,quantile,0.1,19.6666666666667,mean
2020-08-31,2020-08-31,2 wk ahead inc death,2020-09-12,35,quantile,0.15,21.6666666666667,mean
2020-08-31,2020-08-31,2 wk ahead inc death,2020-09-12,35,quantile,0.2,23,mean
2020-08-31,2020-08-31,2 wk ahead inc death,2020-09-12,35,quantile,0.25,24.3333333333333,mean
2020-08-31,2020-08-31,2 wk ahead inc death,2020-09-12,35,quantile,0.3,25.6666666666667,mean
2020-08-31,2020-08-31,2 wk ahead inc death,2020-09-12,35,quantile,0.35,27,mean
2020-08-31,2020-08-31,2 wk ahead inc death,2020-09-12,35,quantile,0.4,28.2,mean
2020-08-31,2020-08-31,2 wk ahead inc death,2020-09-12,35,quantile,0.45,29.3333333333333,mean
2020-08-31,2020-08-31,2 wk ahead inc death,2020-09-12,35,quantile,0.5,30.5,mean
2020-08-31,2020-08-31,2 wk ahead inc death,2020-09-12,35,quantile,0.55,31.6666666666667,mean
2020-08-31,2020-08-31,2 wk ahead inc death,2020-09-12,35,quantile,0.6,33.3333333333333,mean
2020-08-31,2020-08-31,2 wk ahead inc death,2020-09-12,35,quantile,0.65,34.3333333333334,mean
2020-08-31,2020-08-31,2 wk ahead inc death,2020-09-12,35,quantile,0.7,36,mean
2020-08-31,2020-08-31,2 wk ahead inc death,2020-09-12,35,quantile,0.75,37.6666666666667,mean
2020-08-31,2020-08-31,2 wk ahead inc death,2020-09-12,35,quantile,0.8,39.6666666666667,mean
2020-08-31,2020-08-31,2 wk ahead inc death,2020-09-12,35,quantile,0.85,41.6666666666667,mean
2020-08-31,2020-08-31,2 wk ahead inc death,2020-09-12,35,quantile,0.9,44.6666666666667,mean
2020-08-31,2020-08-31,2 wk ahead inc death,2020-09-12,35,quantile,0.95,48.3666666666667,mean
2020-08-31,2020-08-31,2 wk ahead inc death,2020-09-12,35,quantile,0.975,52.6666666666667,mean
2020-08-31,2020-08-31,2 wk ahead inc death,2020-09-12,35,quantile,0.99,55.3333333333333,mean
2020-08-31,2020-08-31,3 wk ahead inc death,2020-09-19,35,point,,30.6666666666667,mean
2020-08-31,2020-08-31,3 wk ahead inc death,2020-09-19,35,quantile,0.01,10.6633333333333,mean
2020-08-31,2020-08-31,3 wk ahead inc death,2020-09-19,35,quantile,0.025,12.3333333333333,mean
2020-08-31,2020-08-31,3 wk ahead inc death,2020-09-19,35,quantile,0.05,14.6666666666667,mean
2020-08-31,2020-08-31,3 wk ahead inc death,2020-09-19,35,quantile,0.1,17.3333333333333,mean
2020-08-31,2020-08-31,3 wk ahead inc death,2020-09-19,35,quantile,0.15,19.6666666666667,mean
2020-08-31,2020-08-31,3 wk ahead inc death,2020-09-19,35,quantile,0.2,21.3333333333333,mean
2020-08-31,2020-08-31,3 wk ahead inc death,2020-09-19,35,quantile,0.25,23,mean
2020-08-31,2020-08-31,3 wk ahead inc death,2020-09-19,35,quantile,0.3,24.6666666666667,mean
2020-08-31,2020-08-31,3 wk ahead inc death,2020-09-19,35,quantile,0.35,26,mean
2020-08-31,2020-08-31,3 wk ahead inc death,2020-09-19,35,quantile,0.4,27.6666666666667,mean
2020-08-31,2020-08-31,3 wk ahead inc death,2020-09-19,35,quantile,0.45,29,mean
2020-08-31,2020-08-31,3 wk ahead inc death,2020-09-19,35,quantile,0.5,30.6666666666667,mean
2020-08-31,2020-08-31,3 wk ahead inc death,2020-09-19,35,quantile,0.55,32,mean
2020-08-31,2020-08-31,3 wk ahead inc death,2020-09-19,35,quantile,0.6,33.3333333333333,mean
2020-08-31,2020-08-31,3 wk ahead inc death,2020-09-19,35,quantile,0.65,35,mean
2020-08-31,2020-08-31,3 wk ahead inc death,2020-09-19,35,quantile,0.7,36.6666666666667,mean
2020-08-31,2020-08-31,3 wk ahead inc death,2020-09-19,35,quantile,0.75,39,mean
2020-08-31,2020-08-31,3 wk ahead inc death,2020-09-19,35,quantile,0.8,41.3333333333333,mean
2020-08-31,2020-08-31,3 wk ahead inc death,2020-09-19,35,quantile,0.85,44,mean
2020-08-31,2020-08-31,3 wk ahead inc death,2020-09-19,35,quantile,0.9,48,mean
2020-08-31,2020-08-31,3 wk ahead inc death,2020-09-19,35,quantile,0.95,54.6833333333333,mean
2020-08-31,2020-08-31,3 wk ahead inc death,2020-09-19,35,quantile,0.975,61.6666666666667,mean
2020-08-31,2020-08-31,3 wk ahead inc death,2020-09-19,35,quantile,0.99,68,mean
2020-08-31,2020-08-31,4 wk ahead inc death,2020-09-26,35,point,,30.3333333333333,mean
2020-08-31,2020-08-31,4 wk ahead inc death,2020-09-26,35,quantile,0.01,10.3333333333333,mean
2020-08-31,2020-08-31,4 wk ahead inc death,2020-09-26,35,quantile,0.025,11.9916666666667,mean
2020-08-31,2020-08-31,4 wk ahead inc death,2020-09-26,35,quantile,0.05,14,mean
2020-08-31,2020-08-31,4 wk ahead inc death,2020-09-26,35,quantile,0.1,17,mean
2020-08-31,2020-08-31,4 wk ahead inc death,2020-09-26,35,quantile,0.15,19,mean
2020-08-31,2020-08-31,4 wk ahead inc death,2020-09-26,35,quantile,0.2,20.6666666666667,mean
2020-08-31,2020-08-31,4 wk ahead inc death,2020-09-26,35,quantile,0.25,22.25,mean
2020-08-31,2020-08-31,4 wk ahead inc death,2020-09-26,35,quantile,0.3,23.6666666666667,mean
2020-08-31,2020-08-31,4 wk ahead inc death,2020-09-26,35,quantile,0.35,25.3333333333333,mean
2020-08-31,2020-08-31,4 wk ahead inc death,2020-09-26,35,quantile,0.4,27,mean
2020-08-31,2020-08-31,4 wk ahead inc death,2020-09-26,35,quantile,0.45,28.6666666666667,mean
2020-08-31,2020-08-31,4 wk ahead inc death,2020-09-26,35,quantile,0.5,30.3333333333333,mean
2020-08-31,2020-08-31,4 wk ahead inc death,2020-09-26,35,quantile,0.55,31.6666666666667,mean
2020-08-31,2020-08-31,4 wk ahead inc death,2020-09-26,35,quantile,0.6,33.6666666666667,mean
2020-08-31,2020-08-31,4 wk ahead inc death,2020-09-26,35,quantile,0.65,36,mean
2020-08-31,2020-08-31,4 wk ahead inc death,2020-09-26,35,quantile,0.7,38,mean
2020-08-31,2020-08-31,4 wk ahead inc death,2020-09-26,35,quantile,0.75,40.3333333333333,mean
2020-08-31,2020-08-31,4 wk ahead inc death,2020-09-26,35,quantile,0.8,42.3333333333333,mean
2020-08-31,2020-08-31,4 wk ahead inc death,2020-09-26,35,quantile,0.85,46.3333333333333,mean
2020-08-31,2020-08-31,4 wk ahead inc death,2020-09-26,35,quantile,0.9,52.3333333333333,mean
2020-08-31,2020-08-31,4 wk ahead inc death,2020-09-26,35,quantile,0.95,64,mean
2020-08-31,2020-08-31,4 wk ahead inc death,2020-09-26,35,quantile,0.975,76.3416666666667,mean
2020-08-31,2020-08-31,4 wk ahead inc death,2020-09-26,35,quantile,0.99,87.0033333333333,mean
2020-08-31,2020-08-31,1 wk ahead inc death,2020-09-05,36,point,,130.333333333333,mean
2020-08-31,2020-08-31,1 wk ahead inc death,2020-09-05,36,quantile,0.01,78.3333333333333,mean
2020-08-31,2020-08-31,1 wk ahead inc death,2020-09-05,36,quantile,0.025,82.65,mean
2020-08-31,2020-08-31,1 wk ahead inc death,2020-09-05,36,quantile,0.05,86.6666666666667,mean
2020-08-31,2020-08-31,1 wk ahead inc death,2020-09-05,36,quantile,0.1,95.3,mean
2020-08-31,2020-08-31,1 wk ahead inc death,2020-09-05,36,quantile,0.15,99.6666666666667,mean
2020-08-31,2020-08-31,1 wk ahead inc death,2020-09-05,36,quantile,0.2,105,mean
2020-08-31,2020-08-31,1 wk ahead inc death,2020-09-05,36,quantile,0.25,109.25,mean
2020-08-31,2020-08-31,1 wk ahead inc death,2020-09-05,36,quantile,0.3,113.333333333333,mean
2020-08-31,2020-08-31,1 wk ahead inc death,2020-09-05,36,quantile,0.35,117.666666666667,mean
2020-08-31,2020-08-31,1 wk ahead inc death,2020-09-05,36,quantile,0.4,121.733333333333,mean
2020-08-31,2020-08-31,1 wk ahead inc death,2020-09-05,36,quantile,0.45,126.183333333333,mean
2020-08-31,2020-08-31,1 wk ahead inc death,2020-09-05,36,quantile,0.5,130.333333333333,mean
2020-08-31,2020-08-31,1 wk ahead inc death,2020-09-05,36,quantile,0.55,135.666666666667,mean
2020-08-31,2020-08-31,1 wk ahead inc death,2020-09-05,36,quantile,0.6,141.333333333333,mean
2020-08-31,2020-08-31,1 wk ahead inc death,2020-09-05,36,quantile,0.65,147,mean
2020-08-31,2020-08-31,1 wk ahead inc death,2020-09-05,36,quantile,0.7,153.666666666667,mean
2020-08-31,2020-08-31,1 wk ahead inc death,2020-09-05,36,quantile,0.75,160.333333333333,mean
2020-08-31,2020-08-31,1 wk ahead inc death,2020-09-05,36,quantile,0.8,169.4,mean
2020-08-31,2020-08-31,1 wk ahead inc death,2020-09-05,36,quantile,0.85,178.716666666667,mean
2020-08-31,2020-08-31,1 wk ahead inc death,2020-09-05,36,quantile,0.9,192.066666666667,mean
2020-08-31,2020-08-31,1 wk ahead inc death,2020-09-05,36,quantile,0.95,214,mean
2020-08-31,2020-08-31,1 wk ahead inc death,2020-09-05,36,quantile,0.975,230.666666666667,mean
2020-08-31,2020-08-31,1 wk ahead inc death,2020-09-05,36,quantile,0.99,250.003333333333,mean
2020-08-31,2020-08-31,2 wk ahead inc death,2020-09-12,36,point,,128.833333333333,mean
2020-08-31,2020-08-31,2 wk ahead inc death,2020-09-12,36,quantile,0.01,43.99,mean
2020-08-31,2020-08-31,2 wk ahead inc death,2020-09-12,36,quantile,0.025,50.6666666666667,mean
2020-08-31,2020-08-31,2 wk ahead inc death,2020-09-12,36,quantile,0.05,58.3333333333333,mean
2020-08-31,2020-08-31,2 wk ahead inc death,2020-09-12,36,quantile,0.1,67.6666666666667,mean
2020-08-31,2020-08-31,2 wk ahead inc death,2020-09-12,36,quantile,0.15,75.3333333333333,mean
2020-08-31,2020-08-31,2 wk ahead inc death,2020-09-12,36,quantile,0.2,83.3333333333333,mean
2020-08-31,2020-08-31,2 wk ahead inc death,2020-09-12,36,quantile,0.25,90.5833333333333,mean
2020-08-31,2020-08-31,2 wk ahead inc death,2020-09-12,36,quantile,0.3,98.3333333333333,mean
2020-08-31,2020-08-31,2 wk ahead inc death,2020-09-12,36,quantile,0.35,104.883333333333,mean
2020-08-31,2020-08-31,2 wk ahead inc death,2020-09-12,36,quantile,0.4,112.866666666667,mean
2020-08-31,2020-08-31,2 wk ahead inc death,2020-09-12,36,quantile,0.45,121,mean
2020-08-31,2020-08-31,2 wk ahead inc death,2020-09-12,36,quantile,0.5,128.833333333333,mean
2020-08-31,2020-08-31,2 wk ahead inc death,2020-09-12,36,quantile,0.55,140,mean
2020-08-31,2020-08-31,2 wk ahead inc death,2020-09-12,36,quantile,0.6,151.666666666667,mean
2020-08-31,2020-08-31,2 wk ahead inc death,2020-09-12,36,quantile,0.65,166.45,mean
2020-08-31,2020-08-31,2 wk ahead inc death,2020-09-12,36,quantile,0.7,184.333333333333,mean
2020-08-31,2020-08-31,2 wk ahead inc death,2020-09-12,36,quantile,0.75,204,mean
2020-08-31,2020-08-31,2 wk ahead inc death,2020-09-12,36,quantile,0.8,235.066666666667,mean
2020-08-31,2020-08-31,2 wk ahead inc death,2020-09-12,36,quantile,0.85,268.433333333334,mean
2020-08-31,2020-08-31,2 wk ahead inc death,2020-09-12,36,quantile,0.9,322,mean
2020-08-31,2020-08-31,2 wk ahead inc death,2020-09-12,36,quantile,0.95,421.35,mean
2020-08-31,2020-08-31,2 wk ahead inc death,2020-09-12,36,quantile,0.975,493.666666666667,mean
2020-08-31,2020-08-31,2 wk ahead inc death,2020-09-12,36,quantile,0.99,563.683333333333,mean
2020-08-31,2020-08-31,3 wk ahead inc death,2020-09-19,36,point,,165.666666666667,mean
2020-08-31,2020-08-31,3 wk ahead inc death,2020-09-19,36,quantile,0.01,37.33,mean
2020-08-31,2020-08-31,3 wk ahead inc death,2020-09-19,36,quantile,0.025,46.6333333333333,mean
2020-08-31,2020-08-31,3 wk ahead inc death,2020-09-19,36,quantile,0.05,56.3333333333333,mean
2020-08-31,2020-08-31,3 wk ahead inc death,2020-09-19,36,quantile,0.1,68.6333333333333,mean
2020-08-31,2020-08-31,3 wk ahead inc death,2020-09-19,36,quantile,0.15,78,mean
2020-08-31,2020-08-31,3 wk ahead inc death,2020-09-19,36,quantile,0.2,88.3333333333333,mean
2020-08-31,2020-08-31,3 wk ahead inc death,2020-09-19,36,quantile,0.25,97,mean
2020-08-31,2020-08-31,3 wk ahead inc death,2020-09-19,36,quantile,0.3,107.333333333333,mean
2020-08-31,2020-08-31,3 wk ahead inc death,2020-09-19,36,quantile,0.35,120.333333333333,mean
2020-08-31,2020-08-31,3 wk ahead inc death,2020-09-19,36,quantile,0.4,134.333333333333,mean
2020-08-31,2020-08-31,3 wk ahead inc death,2020-09-19,36,quantile,0.45,149.333333333333,mean
2020-08-31,2020-08-31,3 wk ahead inc death,2020-09-19,36,quantile,0.5,165.666666666667,mean
2020-08-31,2020-08-31,3 wk ahead inc death,2020-09-19,36,quantile,0.55,187.666666666667,mean
2020-08-31,2020-08-31,3 wk ahead inc death,2020-09-19,36,quantile,0.6,214,mean
2020-08-31,2020-08-31,3 wk ahead inc death,2020-09-19,36,quantile,0.65,250.333333333333,mean
2020-08-31,2020-08-31,3 wk ahead inc death,2020-09-19,36,quantile,0.7,293.333333333333,mean
2020-08-31,2020-08-31,3 wk ahead inc death,2020-09-19,36,quantile,0.75,361.75,mean
2020-08-31,2020-08-31,3 wk ahead inc death,2020-09-19,36,quantile,0.8,441.333333333333,mean
2020-08-31,2020-08-31,3 wk ahead inc death,2020-09-19,36,quantile,0.85,589.66666666667,mean
2020-08-31,2020-08-31,3 wk ahead inc death,2020-09-19,36,quantile,0.9,882,mean
2020-08-31,2020-08-31,3 wk ahead inc death,2020-09-19,36,quantile,0.95,1317.01666666667,mean
2020-08-31,2020-08-31,3 wk ahead inc death,2020-09-19,36,quantile,0.975,1679.68333333333,mean
2020-08-31,2020-08-31,3 wk ahead inc death,2020-09-19,36,quantile,0.99,2220.39333333333,mean
2020-08-31,2020-08-31,4 wk ahead inc death,2020-09-26,36,point,,213.333333333333,mean
2020-08-31,2020-08-31,4 wk ahead inc death,2020-09-26,36,quantile,0.01,37.66,mean
2020-08-31,2020-08-31,4 wk ahead inc death,2020-09-26,36,quantile,0.025,44.6583333333333,mean
2020-08-31,2020-08-31,4 wk ahead inc death,2020-09-26,36,quantile,0.05,54,mean
2020-08-31,2020-08-31,4 wk ahead inc death,2020-09-26,36,quantile,0.1,67.6,mean
2020-08-31,2020-08-31,4 wk ahead inc death,2020-09-26,36,quantile,0.15,78.3333333333333,mean
2020-08-31,2020-08-31,4 wk ahead inc death,2020-09-26,36,quantile,0.2,91,mean
2020-08-31,2020-08-31,4 wk ahead inc death,2020-09-26,36,quantile,0.25,104.333333333333,mean
2020-08-31,2020-08-31,4 wk ahead inc death,2020-09-26,36,quantile,0.3,121.666666666667,mean
2020-08-31,2020-08-31,4 wk ahead inc death,2020-09-26,36,quantile,0.35,137.333333333333,mean
2020-08-31,2020-08-31,4 wk ahead inc death,2020-09-26,36,quantile,0.4,155.666666666667,mean
2020-08-31,2020-08-31,4 wk ahead inc death,2020-09-26,36,quantile,0.45,182.666666666667,mean
2020-08-31,2020-08-31,4 wk ahead inc death,2020-09-26,36,quantile,0.5,213.333333333333,mean
2020-08-31,2020-08-31,4 wk ahead inc death,2020-09-26,36,quantile,0.55,251.483333333333,mean
2020-08-31,2020-08-31,4 wk ahead inc death,2020-09-26,36,quantile,0.6,317.333333333333,mean
2020-08-31,2020-08-31,4 wk ahead inc death,2020-09-26,36,quantile,0.65,403,mean
2020-08-31,2020-08-31,4 wk ahead inc death,2020-09-26,36,quantile,0.7,511.333333333333,mean
2020-08-31,2020-08-31,4 wk ahead inc death,2020-09-26,36,quantile,0.75,686.41666666667,mean
2020-08-31,2020-08-31,4 wk ahead inc death,2020-09-26,36,quantile,0.8,1015.06666666667,mean
2020-08-31,2020-08-31,4 wk ahead inc death,2020-09-26,36,quantile,0.85,1449.33333333333,mean
2020-08-31,2020-08-31,4 wk ahead inc death,2020-09-26,36,quantile,0.9,2372.66666666667,mean
2020-08-31,2020-08-31,4 wk ahead inc death,2020-09-26,36,quantile,0.95,3926.03333333333,mean
2020-08-31,2020-08-31,4 wk ahead inc death,2020-09-26,36,quantile,0.975,4819.03333333333,mean
2020-08-31,2020-08-31,4 wk ahead inc death,2020-09-26,36,quantile,0.99,5426.72333333333,mean
2020-08-31,2020-08-31,1 wk ahead inc death,2020-09-05,37,point,,144,mean
2020-08-31,2020-08-31,1 wk ahead inc death,2020-09-05,37,quantile,0.01,69.9966666666667,mean
2020-08-31,2020-08-31,1 wk ahead inc death,2020-09-05,37,quantile,0.025,77.6583333333333,mean
2020-08-31,2020-08-31,1 wk ahead inc death,2020-09-05,37,quantile,0.05,84.65,mean
2020-08-31,2020-08-31,1 wk ahead inc death,2020-09-05,37,quantile,0.1,95,mean
2020-08-31,2020-08-31,1 wk ahead inc death,2020-09-05,37,quantile,0.15,102.616666666667,mean
2020-08-31,2020-08-31,1 wk ahead inc death,2020-09-05,37,quantile,0.2,110,mean
2020-08-31,2020-08-31,1 wk ahead inc death,2020-09-05,37,quantile,0.25,116,mean
2020-08-31,2020-08-31,1 wk ahead inc death,2020-09-05,37,quantile,0.3,121.666666666667,mean
2020-08-31,2020-08-31,1 wk ahead inc death,2020-09-05,37,quantile,0.35,127.666666666667,mean
2020-08-31,2020-08-31,1 wk ahead inc death,2020-09-05,37,quantile,0.4,133,mean
2020-08-31,2020-08-31,1 wk ahead inc death,2020-09-05,37,quantile,0.45,138,mean
2020-08-31,2020-08-31,1 wk ahead inc death,2020-09-05,37,quantile,0.5,144,mean
2020-08-31,2020-08-31,1 wk ahead inc death,2020-09-05,37,quantile,0.55,149.483333333333,mean
2020-08-31,2020-08-31,1 wk ahead inc death,2020-09-05,37,quantile,0.6,155.333333333333,mean
2020-08-31,2020-08-31,1 wk ahead inc death,2020-09-05,37,quantile,0.65,160.666666666667,mean
2020-08-31,2020-08-31,1 wk ahead inc death,2020-09-05,37,quantile,0.7,168,mean
2020-08-31,2020-08-31,1 wk ahead inc death,2020-09-05,37,quantile,0.75,176,mean
2020-08-31,2020-08-31,1 wk ahead inc death,2020-09-05,37,quantile,0.8,184.066666666667,mean
2020-08-31,2020-08-31,1 wk ahead inc death,2020-09-05,37,quantile,0.85,196,mean
2020-08-31,2020-08-31,1 wk ahead inc death,2020-09-05,37,quantile,0.9,209.666666666667,mean
2020-08-31,2020-08-31,1 wk ahead inc death,2020-09-05,37,quantile,0.95,228.083333333333,mean
2020-08-31,2020-08-31,1 wk ahead inc death,2020-09-05,37,quantile,0.975,246.025,mean
2020-08-31,2020-08-31,1 wk ahead inc death,2020-09-05,37,quantile,0.99,269.026666666667,mean
2020-08-31,2020-08-31,2 wk ahead inc death,2020-09-12,37,point,,159.666666666667,mean
2020-08-31,2020-08-31,2 wk ahead inc death,2020-09-12,37,quantile,0.01,57.3233333333333,mean
2020-08-31,2020-08-31,2 wk ahead inc death,2020-09-12,37,quantile,0.025,70.9916666666667,mean
2020-08-31,2020-08-31,2 wk ahead inc death,2020-09-12,37,quantile,0.05,79.6666666666667,mean
2020-08-31,2020-08-31,2 wk ahead inc death,2020-09-12,37,quantile,0.1,94,mean
2020-08-31,2020-08-31,2 wk ahead inc death,2020-09-12,37,quantile,0.15,104.95,mean
2020-08-31,2020-08-31,2 wk ahead inc death,2020-09-12,37,quantile,0.2,114.333333333333,mean
2020-08-31,2020-08-31,2 wk ahead inc death,2020-09-12,37,quantile,0.25,122.583333333333,mean
2020-08-31,2020-08-31,2 wk ahead inc death,2020-09-12,37,quantile,0.3,130.666666666667,mean
2020-08-31,2020-08-31,2 wk ahead inc death,2020-09-12,37,quantile,0.35,138.333333333333,mean
2020-08-31,2020-08-31,2 wk ahead inc death,2020-09-12,37,quantile,0.4,144.666666666667,mean
2020-08-31,2020-08-31,2 wk ahead inc death,2020-09-12,37,quantile,0.45,152.183333333333,mean
2020-08-31,2020-08-31,2 wk ahead inc death,2020-09-12,37,quantile,0.5,159.666666666667,mean
2020-08-31,2020-08-31,2 wk ahead inc death,2020-09-12,37,quantile,0.55,166.666666666667,mean
2020-08-31,2020-08-31,2 wk ahead inc death,2020-09-12,37,quantile,0.6,175,mean
2020-08-31,2020-08-31,2 wk ahead inc death,2020-09-12,37,quantile,0.65,183,mean
2020-08-31,2020-08-31,2 wk ahead inc death,2020-09-12,37,quantile,0.7,191.666666666667,mean
2020-08-31,2020-08-31,2 wk ahead inc death,2020-09-12,37,quantile,0.75,201.083333333333,mean
2020-08-31,2020-08-31,2 wk ahead inc death,2020-09-12,37,quantile,0.8,213.066666666667,mean
2020-08-31,2020-08-31,2 wk ahead inc death,2020-09-12,37,quantile,0.85,229.383333333333,mean
2020-08-31,2020-08-31,2 wk ahead inc death,2020-09-12,37,quantile,0.9,250.7,mean
2020-08-31,2020-08-31,2 wk ahead inc death,2020-09-12,37,quantile,0.95,279.683333333333,mean
2020-08-31,2020-08-31,2 wk ahead inc death,2020-09-12,37,quantile,0.975,307.375,mean
2020-08-31,2020-08-31,2 wk ahead inc death,2020-09-12,37,quantile,0.99,329.696666666667,mean
2020-08-31,2020-08-31,3 wk ahead inc death,2020-09-19,37,point,,163,mean
2020-08-31,2020-08-31,3 wk ahead inc death,2020-09-19,37,quantile,0.01,52.99,mean
2020-08-31,2020-08-31,3 wk ahead inc death,2020-09-19,37,quantile,0.025,63.325,mean
2020-08-31,2020-08-31,3 wk ahead inc death,2020-09-19,37,quantile,0.05,73.3333333333333,mean
2020-08-31,2020-08-31,3 wk ahead inc death,2020-09-19,37,quantile,0.1,88,mean
2020-08-31,2020-08-31,3 wk ahead inc death,2020-09-19,37,quantile,0.15,100.283333333333,mean
2020-08-31,2020-08-31,3 wk ahead inc death,2020-09-19,37,quantile,0.2,110,mean
2020-08-31,2020-08-31,3 wk ahead inc death,2020-09-19,37,quantile,0.25,118.916666666667,mean
2020-08-31,2020-08-31,3 wk ahead inc death,2020-09-19,37,quantile,0.3,126.666666666667,mean
2020-08-31,2020-08-31,3 wk ahead inc death,2020-09-19,37,quantile,0.35,136.55,mean
2020-08-31,2020-08-31,3 wk ahead inc death,2020-09-19,37,quantile,0.4,144.533333333333,mean
2020-08-31,2020-08-31,3 wk ahead inc death,2020-09-19,37,quantile,0.45,154,mean
2020-08-31,2020-08-31,3 wk ahead inc death,2020-09-19,37,quantile,0.5,163,mean
2020-08-31,2020-08-31,3 wk ahead inc death,2020-09-19,37,quantile,0.55,170.816666666667,mean
2020-08-31,2020-08-31,3 wk ahead inc death,2020-09-19,37,quantile,0.6,180.333333333333,mean
2020-08-31,2020-08-31,3 wk ahead inc death,2020-09-19,37,quantile,0.65,190.783333333333,mean
2020-08-31,2020-08-31,3 wk ahead inc death,2020-09-19,37,quantile,0.7,201.1,mean
2020-08-31,2020-08-31,3 wk ahead inc death,2020-09-19,37,quantile,0.75,213.75,mean
2020-08-31,2020-08-31,3 wk ahead inc death,2020-09-19,37,quantile,0.8,228.333333333333,mean
2020-08-31,2020-08-31,3 wk ahead inc death,2020-09-19,37,quantile,0.85,245.433333333333,mean
2020-08-31,2020-08-31,3 wk ahead inc death,2020-09-19,37,quantile,0.9,269.366666666667,mean
2020-08-31,2020-08-31,3 wk ahead inc death,2020-09-19,37,quantile,0.95,304.716666666667,mean
2020-08-31,2020-08-31,3 wk ahead inc death,2020-09-19,37,quantile,0.975,338.033333333333,mean
2020-08-31,2020-08-31,3 wk ahead inc death,2020-09-19,37,quantile,0.99,384.373333333333,mean
2020-08-31,2020-08-31,4 wk ahead inc death,2020-09-26,37,point,,162.333333333333,mean
2020-08-31,2020-08-31,4 wk ahead inc death,2020-09-26,37,quantile,0.01,41.98,mean
2020-08-31,2020-08-31,4 wk ahead inc death,2020-09-26,37,quantile,0.025,50.325,mean
2020-08-31,2020-08-31,4 wk ahead inc death,2020-09-26,37,quantile,0.05,62.9833333333333,mean
2020-08-31,2020-08-31,4 wk ahead inc death,2020-09-26,37,quantile,0.1,80.3333333333333,mean
2020-08-31,2020-08-31,4 wk ahead inc death,2020-09-26,37,quantile,0.15,93,mean
2020-08-31,2020-08-31,4 wk ahead inc death,2020-09-26,37,quantile,0.2,104,mean
2020-08-31,2020-08-31,4 wk ahead inc death,2020-09-26,37,quantile,0.25,113.583333333333,mean
2020-08-31,2020-08-31,4 wk ahead inc death,2020-09-26,37,quantile,0.3,122.566666666667,mean
2020-08-31,2020-08-31,4 wk ahead inc death,2020-09-26,37,quantile,0.35,132.666666666667,mean
2020-08-31,2020-08-31,4 wk ahead inc death,2020-09-26,37,quantile,0.4,141.533333333333,mean
2020-08-31,2020-08-31,4 wk ahead inc death,2020-09-26,37,quantile,0.45,150.666666666667,mean
2020-08-31,2020-08-31,4 wk ahead inc death,2020-09-26,37,quantile,0.5,162.333333333333,mean
2020-08-31,2020-08-31,4 wk ahead inc death,2020-09-26,37,quantile,0.55,173.483333333333,mean
2020-08-31,2020-08-31,4 wk ahead inc death,2020-09-26,37,quantile,0.6,185.333333333333,mean
2020-08-31,2020-08-31,4 wk ahead inc death,2020-09-26,37,quantile,0.65,197.783333333333,mean
2020-08-31,2020-08-31,4 wk ahead inc death,2020-09-26,37,quantile,0.7,211.666666666667,mean
2020-08-31,2020-08-31,4 wk ahead inc death,2020-09-26,37,quantile,0.75,226.333333333333,mean
2020-08-31,2020-08-31,4 wk ahead inc death,2020-09-26,37,quantile,0.8,244.666666666667,mean
2020-08-31,2020-08-31,4 wk ahead inc death,2020-09-26,37,quantile,0.85,269.333333333333,mean
2020-08-31,2020-08-31,4 wk ahead inc death,2020-09-26,37,quantile,0.9,299.033333333333,mean
2020-08-31,2020-08-31,4 wk ahead inc death,2020-09-26,37,quantile,0.95,348.366666666667,mean
2020-08-31,2020-08-31,4 wk ahead inc death,2020-09-26,37,quantile,0.975,391.041666666667,mean
2020-08-31,2020-08-31,4 wk ahead inc death,2020-09-26,37,quantile,0.99,449.026666666667,mean
2020-08-31,2020-08-31,1 wk ahead inc death,2020-09-05,38,point,,9.66666666666667,mean
2020-08-31,2020-08-31,1 wk ahead inc death,2020-09-05,38,quantile,0.01,3.33333333333333,mean
2020-08-31,2020-08-31,1 wk ahead inc death,2020-09-05,38,quantile,0.025,3.66666666666667,mean
2020-08-31,2020-08-31,1 wk ahead inc death,2020-09-05,38,quantile,0.05,4.33333333333333,mean
2020-08-31,2020-08-31,1 wk ahead inc death,2020-09-05,38,quantile,0.1,5.33333333333333,mean
2020-08-31,2020-08-31,1 wk ahead inc death,2020-09-05,38,quantile,0.15,6,mean
2020-08-31,2020-08-31,1 wk ahead inc death,2020-09-05,38,quantile,0.2,6.66666666666667,mean
2020-08-31,2020-08-31,1 wk ahead inc death,2020-09-05,38,quantile,0.25,7,mean
2020-08-31,2020-08-31,1 wk ahead inc death,2020-09-05,38,quantile,0.3,7.66666666666667,mean
2020-08-31,2020-08-31,1 wk ahead inc death,2020-09-05,38,quantile,0.35,8,mean
2020-08-31,2020-08-31,1 wk ahead inc death,2020-09-05,38,quantile,0.4,9,mean
2020-08-31,2020-08-31,1 wk ahead inc death,2020-09-05,38,quantile,0.45,9.33333333333333,mean
2020-08-31,2020-08-31,1 wk ahead inc death,2020-09-05,38,quantile,0.5,9.66666666666667,mean
2020-08-31,2020-08-31,1 wk ahead inc death,2020-09-05,38,quantile,0.55,10.6666666666667,mean
2020-08-31,2020-08-31,1 wk ahead inc death,2020-09-05,38,quantile,0.6,11,mean
2020-08-31,2020-08-31,1 wk ahead inc death,2020-09-05,38,quantile,0.65,11.6666666666667,mean
2020-08-31,2020-08-31,1 wk ahead inc death,2020-09-05,38,quantile,0.7,12.3333333333333,mean
2020-08-31,2020-08-31,1 wk ahead inc death,2020-09-05,38,quantile,0.75,13.3333333333333,mean
2020-08-31,2020-08-31,1 wk ahead inc death,2020-09-05,38,quantile,0.8,13.6666666666667,mean
2020-08-31,2020-08-31,1 wk ahead inc death,2020-09-05,38,quantile,0.85,15.3333333333333,mean
2020-08-31,2020-08-31,1 wk ahead inc death,2020-09-05,38,quantile,0.9,16.6666666666667,mean
2020-08-31,2020-08-31,1 wk ahead inc death,2020-09-05,38,quantile,0.95,19.0166666666667,mean
2020-08-31,2020-08-31,1 wk ahead inc death,2020-09-05,38,quantile,0.975,21,mean
2020-08-31,2020-08-31,1 wk ahead inc death,2020-09-05,38,quantile,0.99,24.0033333333333,mean
2020-08-31,2020-08-31,2 wk ahead inc death,2020-09-12,38,point,,12,mean
2020-08-31,2020-08-31,2 wk ahead inc death,2020-09-12,38,quantile,0.01,2.99666666666667,mean
2020-08-31,2020-08-31,2 wk ahead inc death,2020-09-12,38,quantile,0.025,3.66666666666667,mean
2020-08-31,2020-08-31,2 wk ahead inc death,2020-09-12,38,quantile,0.05,4.33333333333333,mean
2020-08-31,2020-08-31,2 wk ahead inc death,2020-09-12,38,quantile,0.1,5.66666666666667,mean
2020-08-31,2020-08-31,2 wk ahead inc death,2020-09-12,38,quantile,0.15,6.61666666666667,mean
2020-08-31,2020-08-31,2 wk ahead inc death,2020-09-12,38,quantile,0.2,7.66666666666667,mean
2020-08-31,2020-08-31,2 wk ahead inc death,2020-09-12,38,quantile,0.25,8.66666666666667,mean
2020-08-31,2020-08-31,2 wk ahead inc death,2020-09-12,38,quantile,0.3,9.33333333333333,mean
2020-08-31,2020-08-31,2 wk ahead inc death,2020-09-12,38,quantile,0.35,10,mean
2020-08-31,2020-08-31,2 wk ahead inc death,2020-09-12,38,quantile,0.4,10.3333333333333,mean
2020-08-31,2020-08-31,2 wk ahead inc death,2020-09-12,38,quantile,0.45,11,mean
2020-08-31,2020-08-31,2 wk ahead inc death,2020-09-12,38,quantile,0.5,12,mean
2020-08-31,2020-08-31,2 wk ahead inc death,2020-09-12,38,quantile,0.55,12.6666666666667,mean
2020-08-31,2020-08-31,2 wk ahead inc death,2020-09-12,38,quantile,0.6,13.6666666666667,mean
2020-08-31,2020-08-31,2 wk ahead inc death,2020-09-12,38,quantile,0.65,14.3333333333333,mean
2020-08-31,2020-08-31,2 wk ahead inc death,2020-09-12,38,quantile,0.7,15.6666666666667,mean
2020-08-31,2020-08-31,2 wk ahead inc death,2020-09-12,38,quantile,0.75,16.6666666666667,mean
2020-08-31,2020-08-31,2 wk ahead inc death,2020-09-12,38,quantile,0.8,18,mean
2020-08-31,2020-08-31,2 wk ahead inc death,2020-09-12,38,quantile,0.85,19.6666666666667,mean
2020-08-31,2020-08-31,2 wk ahead inc death,2020-09-12,38,quantile,0.9,21.6666666666667,mean
2020-08-31,2020-08-31,2 wk ahead inc death,2020-09-12,38,quantile,0.95,25.3333333333333,mean
2020-08-31,2020-08-31,2 wk ahead inc death,2020-09-12,38,quantile,0.975,27.3416666666667,mean
2020-08-31,2020-08-31,2 wk ahead inc death,2020-09-12,38,quantile,0.99,30.67,mean
2020-08-31,2020-08-31,3 wk ahead inc death,2020-09-19,38,point,,14,mean
2020-08-31,2020-08-31,3 wk ahead inc death,2020-09-19,38,quantile,0.01,2.99666666666667,mean
2020-08-31,2020-08-31,3 wk ahead inc death,2020-09-19,38,quantile,0.025,4,mean
2020-08-31,2020-08-31,3 wk ahead inc death,2020-09-19,38,quantile,0.05,4.66666666666667,mean
2020-08-31,2020-08-31,3 wk ahead inc death,2020-09-19,38,quantile,0.1,6.33333333333333,mean
2020-08-31,2020-08-31,3 wk ahead inc death,2020-09-19,38,quantile,0.15,7.66666666666667,mean
2020-08-31,2020-08-31,3 wk ahead inc death,2020-09-19,38,quantile,0.2,8.66666666666667,mean
2020-08-31,2020-08-31,3 wk ahead inc death,2020-09-19,38,quantile,0.25,9.66666666666667,mean
2020-08-31,2020-08-31,3 wk ahead inc death,2020-09-19,38,quantile,0.3,10.6666666666667,mean
2020-08-31,2020-08-31,3 wk ahead inc death,2020-09-19,38,quantile,0.35,11.3333333333333,mean
2020-08-31,2020-08-31,3 wk ahead inc death,2020-09-19,38,quantile,0.4,12,mean
2020-08-31,2020-08-31,3 wk ahead inc death,2020-09-19,38,quantile,0.45,13,mean
2020-08-31,2020-08-31,3 wk ahead inc death,2020-09-19,38,quantile,0.5,14,mean
2020-08-31,2020-08-31,3 wk ahead inc death,2020-09-19,38,quantile,0.55,15,mean
2020-08-31,2020-08-31,3 wk ahead inc death,2020-09-19,38,quantile,0.6,16,mean
2020-08-31,2020-08-31,3 wk ahead inc death,2020-09-19,38,quantile,0.65,17.6666666666667,mean
2020-08-31,2020-08-31,3 wk ahead inc death,2020-09-19,38,quantile,0.7,18.6666666666667,mean
2020-08-31,2020-08-31,3 wk ahead inc death,2020-09-19,38,quantile,0.75,20,mean
2020-08-31,2020-08-31,3 wk ahead inc death,2020-09-19,38,quantile,0.8,21.6666666666667,mean
2020-08-31,2020-08-31,3 wk ahead inc death,2020-09-19,38,quantile,0.85,24.3333333333333,mean
2020-08-31,2020-08-31,3 wk ahead inc death,2020-09-19,38,quantile,0.9,27,mean
2020-08-31,2020-08-31,3 wk ahead inc death,2020-09-19,38,quantile,0.95,31,mean
2020-08-31,2020-08-31,3 wk ahead inc death,2020-09-19,38,quantile,0.975,35.3416666666667,mean
2020-08-31,2020-08-31,3 wk ahead inc death,2020-09-19,38,quantile,0.99,41,mean
2020-08-31,2020-08-31,4 wk ahead inc death,2020-09-26,38,point,,16.3333333333333,mean
2020-08-31,2020-08-31,4 wk ahead inc death,2020-09-26,38,quantile,0.01,2.33333333333333,mean
2020-08-31,2020-08-31,4 wk ahead inc death,2020-09-26,38,quantile,0.025,3.66666666666667,mean
2020-08-31,2020-08-31,4 wk ahead inc death,2020-09-26,38,quantile,0.05,5,mean
2020-08-31,2020-08-31,4 wk ahead inc death,2020-09-26,38,quantile,0.1,6.66666666666667,mean
2020-08-31,2020-08-31,4 wk ahead inc death,2020-09-26,38,quantile,0.15,8,mean
2020-08-31,2020-08-31,4 wk ahead inc death,2020-09-26,38,quantile,0.2,9,mean
2020-08-31,2020-08-31,4 wk ahead inc death,2020-09-26,38,quantile,0.25,10.3333333333333,mean
2020-08-31,2020-08-31,4 wk ahead inc death,2020-09-26,38,quantile,0.3,11.6666666666667,mean
2020-08-31,2020-08-31,4 wk ahead inc death,2020-09-26,38,quantile,0.35,12.6666666666667,mean
2020-08-31,2020-08-31,4 wk ahead inc death,2020-09-26,38,quantile,0.4,14,mean
2020-08-31,2020-08-31,4 wk ahead inc death,2020-09-26,38,quantile,0.45,15.6666666666667,mean
2020-08-31,2020-08-31,4 wk ahead inc death,2020-09-26,38,quantile,0.5,16.3333333333333,mean
2020-08-31,2020-08-31,4 wk ahead inc death,2020-09-26,38,quantile,0.55,17.6666666666667,mean
2020-08-31,2020-08-31,4 wk ahead inc death,2020-09-26,38,quantile,0.6,19,mean
2020-08-31,2020-08-31,4 wk ahead inc death,2020-09-26,38,quantile,0.65,20.6666666666667,mean
2020-08-31,2020-08-31,4 wk ahead inc death,2020-09-26,38,quantile,0.7,22.6666666666667,mean
2020-08-31,2020-08-31,4 wk ahead inc death,2020-09-26,38,quantile,0.75,24,mean
2020-08-31,2020-08-31,4 wk ahead inc death,2020-09-26,38,quantile,0.8,26.4,mean
2020-08-31,2020-08-31,4 wk ahead inc death,2020-09-26,38,quantile,0.85,29.3333333333333,mean
2020-08-31,2020-08-31,4 wk ahead inc death,2020-09-26,38,quantile,0.9,33.6666666666667,mean
2020-08-31,2020-08-31,4 wk ahead inc death,2020-09-26,38,quantile,0.95,41.6666666666667,mean
2020-08-31,2020-08-31,4 wk ahead inc death,2020-09-26,38,quantile,0.975,48.3583333333333,mean
2020-08-31,2020-08-31,4 wk ahead inc death,2020-09-26,38,quantile,0.99,61.34,mean
2020-08-31,2020-08-31,1 wk ahead inc death,2020-09-05,39,point,,124.666666666667,mean
2020-08-31,2020-08-31,1 wk ahead inc death,2020-09-05,39,quantile,0.01,63.66,mean
2020-08-31,2020-08-31,1 wk ahead inc death,2020-09-05,39,quantile,0.025,70,mean
2020-08-31,2020-08-31,1 wk ahead inc death,2020-09-05,39,quantile,0.05,75.9666666666667,mean
2020-08-31,2020-08-31,1 wk ahead inc death,2020-09-05,39,quantile,0.1,85,mean
2020-08-31,2020-08-31,1 wk ahead inc death,2020-09-05,39,quantile,0.15,90.95,mean
2020-08-31,2020-08-31,1 wk ahead inc death,2020-09-05,39,quantile,0.2,96.3333333333333,mean
2020-08-31,2020-08-31,1 wk ahead inc death,2020-09-05,39,quantile,0.25,101.333333333333,mean
2020-08-31,2020-08-31,1 wk ahead inc death,2020-09-05,39,quantile,0.3,106.566666666667,mean
2020-08-31,2020-08-31,1 wk ahead inc death,2020-09-05,39,quantile,0.35,111,mean
2020-08-31,2020-08-31,1 wk ahead inc death,2020-09-05,39,quantile,0.4,115.666666666667,mean
2020-08-31,2020-08-31,1 wk ahead inc death,2020-09-05,39,quantile,0.45,120.333333333333,mean
2020-08-31,2020-08-31,1 wk ahead inc death,2020-09-05,39,quantile,0.5,124.666666666667,mean
2020-08-31,2020-08-31,1 wk ahead inc death,2020-09-05,39,quantile,0.55,129.816666666667,mean
2020-08-31,2020-08-31,1 wk ahead inc death,2020-09-05,39,quantile,0.6,134.666666666667,mean
2020-08-31,2020-08-31,1 wk ahead inc death,2020-09-05,39,quantile,0.65,139.666666666667,mean
2020-08-31,2020-08-31,1 wk ahead inc death,2020-09-05,39,quantile,0.7,144.866666666667,mean
2020-08-31,2020-08-31,1 wk ahead inc death,2020-09-05,39,quantile,0.75,150.416666666667,mean
2020-08-31,2020-08-31,1 wk ahead inc death,2020-09-05,39,quantile,0.8,156.733333333333,mean
2020-08-31,2020-08-31,1 wk ahead inc death,2020-09-05,39,quantile,0.85,165,mean
2020-08-31,2020-08-31,1 wk ahead inc death,2020-09-05,39,quantile,0.9,174.7,mean
2020-08-31,2020-08-31,1 wk ahead inc death,2020-09-05,39,quantile,0.95,188.033333333333,mean
2020-08-31,2020-08-31,1 wk ahead inc death,2020-09-05,39,quantile,0.975,199.333333333333,mean
2020-08-31,2020-08-31,1 wk ahead inc death,2020-09-05,39,quantile,0.99,210.69,mean
2020-08-31,2020-08-31,2 wk ahead inc death,2020-09-12,39,point,,132.333333333333,mean
2020-08-31,2020-08-31,2 wk ahead inc death,2020-09-12,39,quantile,0.01,57.3233333333333,mean
2020-08-31,2020-08-31,2 wk ahead inc death,2020-09-12,39,quantile,0.025,64.325,mean
2020-08-31,2020-08-31,2 wk ahead inc death,2020-09-12,39,quantile,0.05,72.95,mean
2020-08-31,2020-08-31,2 wk ahead inc death,2020-09-12,39,quantile,0.1,84,mean
2020-08-31,2020-08-31,2 wk ahead inc death,2020-09-12,39,quantile,0.15,90.95,mean
2020-08-31,2020-08-31,2 wk ahead inc death,2020-09-12,39,quantile,0.2,98.3333333333333,mean
2020-08-31,2020-08-31,2 wk ahead inc death,2020-09-12,39,quantile,0.25,105,mean
2020-08-31,2020-08-31,2 wk ahead inc death,2020-09-12,39,quantile,0.3,111,mean
2020-08-31,2020-08-31,2 wk ahead inc death,2020-09-12,39,quantile,0.35,115.666666666667,mean
2020-08-31,2020-08-31,2 wk ahead inc death,2020-09-12,39,quantile,0.4,121.333333333333,mean
2020-08-31,2020-08-31,2 wk ahead inc death,2020-09-12,39,quantile,0.45,126.85,mean
2020-08-31,2020-08-31,2 wk ahead inc death,2020-09-12,39,quantile,0.5,132.333333333333,mean
2020-08-31,2020-08-31,2 wk ahead inc death,2020-09-12,39,quantile,0.55,138.333333333333,mean
2020-08-31,2020-08-31,2 wk ahead inc death,2020-09-12,39,quantile,0.6,144.666666666667,mean
2020-08-31,2020-08-31,2 wk ahead inc death,2020-09-12,39,quantile,0.65,152.333333333333,mean
2020-08-31,2020-08-31,2 wk ahead inc death,2020-09-12,39,quantile,0.7,159.333333333333,mean
2020-08-31,2020-08-31,2 wk ahead inc death,2020-09-12,39,quantile,0.75,165.75,mean
2020-08-31,2020-08-31,2 wk ahead inc death,2020-09-12,39,quantile,0.8,173.733333333333,mean
2020-08-31,2020-08-31,2 wk ahead inc death,2020-09-12,39,quantile,0.85,186,mean
2020-08-31,2020-08-31,2 wk ahead inc death,2020-09-12,39,quantile,0.9,198.033333333333,mean
2020-08-31,2020-08-31,2 wk ahead inc death,2020-09-12,39,quantile,0.95,217.683333333333,mean
2020-08-31,2020-08-31,2 wk ahead inc death,2020-09-12,39,quantile,0.975,233.691666666667,mean
2020-08-31,2020-08-31,2 wk ahead inc death,2020-09-12,39,quantile,0.99,254.673333333333,mean
2020-08-31,2020-08-31,3 wk ahead inc death,2020-09-19,39,point,,138.333333333333,mean
2020-08-31,2020-08-31,3 wk ahead inc death,2020-09-19,39,quantile,0.01,51.6633333333333,mean
2020-08-31,2020-08-31,3 wk ahead inc death,2020-09-19,39,quantile,0.025,60.9833333333333,mean
2020-08-31,2020-08-31,3 wk ahead inc death,2020-09-19,39,quantile,0.05,69.65,mean
2020-08-31,2020-08-31,3 wk ahead inc death,2020-09-19,39,quantile,0.1,80.6333333333333,mean
2020-08-31,2020-08-31,3 wk ahead inc death,2020-09-19,39,quantile,0.15,88.95,mean
2020-08-31,2020-08-31,3 wk ahead inc death,2020-09-19,39,quantile,0.2,96.3333333333333,mean
2020-08-31,2020-08-31,3 wk ahead inc death,2020-09-19,39,quantile,0.25,103.666666666667,mean
2020-08-31,2020-08-31,3 wk ahead inc death,2020-09-19,39,quantile,0.3,110.333333333333,mean
2020-08-31,2020-08-31,3 wk ahead inc death,2020-09-19,39,quantile,0.35,117.666666666667,mean
2020-08-31,2020-08-31,3 wk ahead inc death,2020-09-19,39,quantile,0.4,124.333333333333,mean
2020-08-31,2020-08-31,3 wk ahead inc death,2020-09-19,39,quantile,0.45,131.333333333333,mean
2020-08-31,2020-08-31,3 wk ahead inc death,2020-09-19,39,quantile,0.5,138.333333333333,mean
2020-08-31,2020-08-31,3 wk ahead inc death,2020-09-19,39,quantile,0.55,145.666666666667,mean
2020-08-31,2020-08-31,3 wk ahead inc death,2020-09-19,39,quantile,0.6,153.333333333333,mean
2020-08-31,2020-08-31,3 wk ahead inc death,2020-09-19,39,quantile,0.65,161,mean
2020-08-31,2020-08-31,3 wk ahead inc death,2020-09-19,39,quantile,0.7,169.333333333333,mean
2020-08-31,2020-08-31,3 wk ahead inc death,2020-09-19,39,quantile,0.75,178.75,mean
2020-08-31,2020-08-31,3 wk ahead inc death,2020-09-19,39,quantile,0.8,190.666666666667,mean
2020-08-31,2020-08-31,3 wk ahead inc death,2020-09-19,39,quantile,0.85,204.1,mean
2020-08-31,2020-08-31,3 wk ahead inc death,2020-09-19,39,quantile,0.9,222.4,mean
2020-08-31,2020-08-31,3 wk ahead inc death,2020-09-19,39,quantile,0.95,248.033333333333,mean
2020-08-31,2020-08-31,3 wk ahead inc death,2020-09-19,39,quantile,0.975,274.041666666667,mean
2020-08-31,2020-08-31,3 wk ahead inc death,2020-09-19,39,quantile,0.99,301.05,mean
2020-08-31,2020-08-31,4 wk ahead inc death,2020-09-26,39,point,,146.666666666667,mean
2020-08-31,2020-08-31,4 wk ahead inc death,2020-09-26,39,quantile,0.01,48.9866666666667,mean
2020-08-31,2020-08-31,4 wk ahead inc death,2020-09-26,39,quantile,0.025,55,mean
2020-08-31,2020-08-31,4 wk ahead inc death,2020-09-26,39,quantile,0.05,65.3333333333333,mean
2020-08-31,2020-08-31,4 wk ahead inc death,2020-09-26,39,quantile,0.1,79.6333333333334,mean
2020-08-31,2020-08-31,4 wk ahead inc death,2020-09-26,39,quantile,0.15,89.6666666666667,mean
2020-08-31,2020-08-31,4 wk ahead inc death,2020-09-26,39,quantile,0.2,98.3333333333333,mean
2020-08-31,2020-08-31,4 wk ahead inc death,2020-09-26,39,quantile,0.25,106,mean
2020-08-31,2020-08-31,4 wk ahead inc death,2020-09-26,39,quantile,0.3,114,mean
2020-08-31,2020-08-31,4 wk ahead inc death,2020-09-26,39,quantile,0.35,123.666666666667,mean
2020-08-31,2020-08-31,4 wk ahead inc death,2020-09-26,39,quantile,0.4,130.866666666667,mean
2020-08-31,2020-08-31,4 wk ahead inc death,2020-09-26,39,quantile,0.45,138,mean
2020-08-31,2020-08-31,4 wk ahead inc death,2020-09-26,39,quantile,0.5,146.666666666667,mean
2020-08-31,2020-08-31,4 wk ahead inc death,2020-09-26,39,quantile,0.55,155.15,mean
2020-08-31,2020-08-31,4 wk ahead inc death,2020-09-26,39,quantile,0.6,165.466666666667,mean
2020-08-31,2020-08-31,4 wk ahead inc death,2020-09-26,39,quantile,0.65,175,mean
2020-08-31,2020-08-31,4 wk ahead inc death,2020-09-26,39,quantile,0.7,185.666666666667,mean
2020-08-31,2020-08-31,4 wk ahead inc death,2020-09-26,39,quantile,0.75,198.666666666667,mean
2020-08-31,2020-08-31,4 wk ahead inc death,2020-09-26,39,quantile,0.8,213.4,mean
2020-08-31,2020-08-31,4 wk ahead inc death,2020-09-26,39,quantile,0.85,230.766666666667,mean
2020-08-31,2020-08-31,4 wk ahead inc death,2020-09-26,39,quantile,0.9,252,mean
2020-08-31,2020-08-31,4 wk ahead inc death,2020-09-26,39,quantile,0.95,290.4,mean
2020-08-31,2020-08-31,4 wk ahead inc death,2020-09-26,39,quantile,0.975,334.708333333333,mean
2020-08-31,2020-08-31,4 wk ahead inc death,2020-09-26,39,quantile,0.99,379.79,mean
2020-08-31,2020-08-31,1 wk ahead inc death,2020-09-05,40,point,,54.5,mean
2020-08-31,2020-08-31,1 wk ahead inc death,2020-09-05,40,quantile,0.01,29.33,mean
2020-08-31,2020-08-31,1 wk ahead inc death,2020-09-05,40,quantile,0.025,32,mean
2020-08-31,2020-08-31,1 wk ahead inc death,2020-09-05,40,quantile,0.05,34.3333333333333,mean
2020-08-31,2020-08-31,1 wk ahead inc death,2020-09-05,40,quantile,0.1,38,mean
2020-08-31,2020-08-31,1 wk ahead inc death,2020-09-05,40,quantile,0.15,41.3333333333333,mean
2020-08-31,2020-08-31,1 wk ahead inc death,2020-09-05,40,quantile,0.2,43,mean
2020-08-31,2020-08-31,1 wk ahead inc death,2020-09-05,40,quantile,0.25,45,mean
2020-08-31,2020-08-31,1 wk ahead inc death,2020-09-05,40,quantile,0.3,47,mean
2020-08-31,2020-08-31,1 wk ahead inc death,2020-09-05,40,quantile,0.35,49,mean
2020-08-31,2020-08-31,1 wk ahead inc death,2020-09-05,40,quantile,0.4,50.5333333333333,mean
2020-08-31,2020-08-31,1 wk ahead inc death,2020-09-05,40,quantile,0.45,52.3333333333333,mean
2020-08-31,2020-08-31,1 wk ahead inc death,2020-09-05,40,quantile,0.5,54.5,mean
2020-08-31,2020-08-31,1 wk ahead inc death,2020-09-05,40,quantile,0.55,56,mean
2020-08-31,2020-08-31,1 wk ahead inc death,2020-09-05,40,quantile,0.6,58,mean
2020-08-31,2020-08-31,1 wk ahead inc death,2020-09-05,40,quantile,0.65,60,mean
2020-08-31,2020-08-31,1 wk ahead inc death,2020-09-05,40,quantile,0.7,62.3333333333333,mean
2020-08-31,2020-08-31,1 wk ahead inc death,2020-09-05,40,quantile,0.75,64.6666666666667,mean
2020-08-31,2020-08-31,1 wk ahead inc death,2020-09-05,40,quantile,0.8,67,mean
2020-08-31,2020-08-31,1 wk ahead inc death,2020-09-05,40,quantile,0.85,70,mean
2020-08-31,2020-08-31,1 wk ahead inc death,2020-09-05,40,quantile,0.9,74,mean
2020-08-31,2020-08-31,1 wk ahead inc death,2020-09-05,40,quantile,0.95,79.3333333333333,mean
2020-08-31,2020-08-31,1 wk ahead inc death,2020-09-05,40,quantile,0.975,84.675,mean
2020-08-31,2020-08-31,1 wk ahead inc death,2020-09-05,40,quantile,0.99,90.0066666666667,mean
2020-08-31,2020-08-31,2 wk ahead inc death,2020-09-12,40,point,,60.3333333333333,mean
2020-08-31,2020-08-31,2 wk ahead inc death,2020-09-12,40,quantile,0.01,26.9966666666667,mean
2020-08-31,2020-08-31,2 wk ahead inc death,2020-09-12,40,quantile,0.025,30.6583333333333,mean
2020-08-31,2020-08-31,2 wk ahead inc death,2020-09-12,40,quantile,0.05,34.6666666666667,mean
2020-08-31,2020-08-31,2 wk ahead inc death,2020-09-12,40,quantile,0.1,38,mean
2020-08-31,2020-08-31,2 wk ahead inc death,2020-09-12,40,quantile,0.15,42,mean
2020-08-31,2020-08-31,2 wk ahead inc death,2020-09-12,40,quantile,0.2,44.9333333333333,mean
2020-08-31,2020-08-31,2 wk ahead inc death,2020-09-12,40,quantile,0.25,47.6666666666667,mean
2020-08-31,2020-08-31,2 wk ahead inc death,2020-09-12,40,quantile,0.3,50.3333333333333,mean
2020-08-31,2020-08-31,2 wk ahead inc death,2020-09-12,40,quantile,0.35,52.6666666666667,mean
2020-08-31,2020-08-31,2 wk ahead inc death,2020-09-12,40,quantile,0.4,55,mean
2020-08-31,2020-08-31,2 wk ahead inc death,2020-09-12,40,quantile,0.45,57.3333333333333,mean
2020-08-31,2020-08-31,2 wk ahead inc death,2020-09-12,40,quantile,0.5,60.3333333333333,mean
2020-08-31,2020-08-31,2 wk ahead inc death,2020-09-12,40,quantile,0.55,62.3333333333333,mean
2020-08-31,2020-08-31,2 wk ahead inc death,2020-09-12,40,quantile,0.6,65.1333333333334,mean
2020-08-31,2020-08-31,2 wk ahead inc death,2020-09-12,40,quantile,0.65,68,mean
2020-08-31,2020-08-31,2 wk ahead inc death,2020-09-12,40,quantile,0.7,71,mean
2020-08-31,2020-08-31,2 wk ahead inc death,2020-09-12,40,quantile,0.75,74.3333333333333,mean
2020-08-31,2020-08-31,2 wk ahead inc death,2020-09-12,40,quantile,0.8,78.3333333333333,mean
2020-08-31,2020-08-31,2 wk ahead inc death,2020-09-12,40,quantile,0.85,82.3833333333334,mean
2020-08-31,2020-08-31,2 wk ahead inc death,2020-09-12,40,quantile,0.9,88.0333333333334,mean
2020-08-31,2020-08-31,2 wk ahead inc death,2020-09-12,40,quantile,0.95,95.6666666666667,mean
2020-08-31,2020-08-31,2 wk ahead inc death,2020-09-12,40,quantile,0.975,102.333333333333,mean
2020-08-31,2020-08-31,2 wk ahead inc death,2020-09-12,40,quantile,0.99,108.676666666667,mean
2020-08-31,2020-08-31,3 wk ahead inc death,2020-09-19,40,point,,64,mean
2020-08-31,2020-08-31,3 wk ahead inc death,2020-09-19,40,quantile,0.01,24.3266666666667,mean
2020-08-31,2020-08-31,3 wk ahead inc death,2020-09-19,40,quantile,0.025,28.3333333333333,mean
2020-08-31,2020-08-31,3 wk ahead inc death,2020-09-19,40,quantile,0.05,31.3333333333333,mean
2020-08-31,2020-08-31,3 wk ahead inc death,2020-09-19,40,quantile,0.1,36.6666666666667,mean
2020-08-31,2020-08-31,3 wk ahead inc death,2020-09-19,40,quantile,0.15,41,mean
2020-08-31,2020-08-31,3 wk ahead inc death,2020-09-19,40,quantile,0.2,44.6666666666667,mean
2020-08-31,2020-08-31,3 wk ahead inc death,2020-09-19,40,quantile,0.25,48.3333333333333,mean
2020-08-31,2020-08-31,3 wk ahead inc death,2020-09-19,40,quantile,0.3,52.3333333333333,mean
2020-08-31,2020-08-31,3 wk ahead inc death,2020-09-19,40,quantile,0.35,55.2166666666667,mean
2020-08-31,2020-08-31,3 wk ahead inc death,2020-09-19,40,quantile,0.4,57.6666666666667,mean
2020-08-31,2020-08-31,3 wk ahead inc death,2020-09-19,40,quantile,0.45,61,mean
2020-08-31,2020-08-31,3 wk ahead inc death,2020-09-19,40,quantile,0.5,64,mean
2020-08-31,2020-08-31,3 wk ahead inc death,2020-09-19,40,quantile,0.55,67.3333333333333,mean
2020-08-31,2020-08-31,3 wk ahead inc death,2020-09-19,40,quantile,0.6,71,mean
2020-08-31,2020-08-31,3 wk ahead inc death,2020-09-19,40,quantile,0.65,75.3333333333333,mean
2020-08-31,2020-08-31,3 wk ahead inc death,2020-09-19,40,quantile,0.7,79,mean
2020-08-31,2020-08-31,3 wk ahead inc death,2020-09-19,40,quantile,0.75,85,mean
2020-08-31,2020-08-31,3 wk ahead inc death,2020-09-19,40,quantile,0.8,90,mean
2020-08-31,2020-08-31,3 wk ahead inc death,2020-09-19,40,quantile,0.85,96.6666666666667,mean
2020-08-31,2020-08-31,3 wk ahead inc death,2020-09-19,40,quantile,0.9,105.033333333333,mean
2020-08-31,2020-08-31,3 wk ahead inc death,2020-09-19,40,quantile,0.95,116.35,mean
2020-08-31,2020-08-31,3 wk ahead inc death,2020-09-19,40,quantile,0.975,127.008333333333,mean
2020-08-31,2020-08-31,3 wk ahead inc death,2020-09-19,40,quantile,0.99,138.69,mean
2020-08-31,2020-08-31,4 wk ahead inc death,2020-09-26,40,point,,70,mean
2020-08-31,2020-08-31,4 wk ahead inc death,2020-09-26,40,quantile,0.01,21.99,mean
2020-08-31,2020-08-31,4 wk ahead inc death,2020-09-26,40,quantile,0.025,25.9833333333333,mean
2020-08-31,2020-08-31,4 wk ahead inc death,2020-09-26,40,quantile,0.05,30,mean
2020-08-31,2020-08-31,4 wk ahead inc death,2020-09-26,40,quantile,0.1,36.3333333333333,mean
2020-08-31,2020-08-31,4 wk ahead inc death,2020-09-26,40,quantile,0.15,41.3333333333333,mean
2020-08-31,2020-08-31,4 wk ahead inc death,2020-09-26,40,quantile,0.2,45,mean
2020-08-31,2020-08-31,4 wk ahead inc death,2020-09-26,40,quantile,0.25,48.9166666666667,mean
2020-08-31,2020-08-31,4 wk ahead inc death,2020-09-26,40,quantile,0.3,53.5666666666667,mean
2020-08-31,2020-08-31,4 wk ahead inc death,2020-09-26,40,quantile,0.35,57.3333333333333,mean
2020-08-31,2020-08-31,4 wk ahead inc death,2020-09-26,40,quantile,0.4,61.3333333333333,mean
2020-08-31,2020-08-31,4 wk ahead inc death,2020-09-26,40,quantile,0.45,66,mean
2020-08-31,2020-08-31,4 wk ahead inc death,2020-09-26,40,quantile,0.5,70,mean
2020-08-31,2020-08-31,4 wk ahead inc death,2020-09-26,40,quantile,0.55,74.4833333333334,mean
2020-08-31,2020-08-31,4 wk ahead inc death,2020-09-26,40,quantile,0.6,79.0000000000001,mean
2020-08-31,2020-08-31,4 wk ahead inc death,2020-09-26,40,quantile,0.65,85.3333333333333,mean
2020-08-31,2020-08-31,4 wk ahead inc death,2020-09-26,40,quantile,0.7,92,mean
2020-08-31,2020-08-31,4 wk ahead inc death,2020-09-26,40,quantile,0.75,99,mean
2020-08-31,2020-08-31,4 wk ahead inc death,2020-09-26,40,quantile,0.8,107.333333333333,mean
2020-08-31,2020-08-31,4 wk ahead inc death,2020-09-26,40,quantile,0.85,117.666666666667,mean
2020-08-31,2020-08-31,4 wk ahead inc death,2020-09-26,40,quantile,0.9,130.7,mean
2020-08-31,2020-08-31,4 wk ahead inc death,2020-09-26,40,quantile,0.95,152,mean
2020-08-31,2020-08-31,4 wk ahead inc death,2020-09-26,40,quantile,0.975,174.691666666667,mean
2020-08-31,2020-08-31,4 wk ahead inc death,2020-09-26,40,quantile,0.99,200.386666666667,mean
2020-08-31,2020-08-31,1 wk ahead inc death,2020-09-05,41,point,,31,mean
2020-08-31,2020-08-31,1 wk ahead inc death,2020-09-05,41,quantile,0.01,14.3333333333333,mean
2020-08-31,2020-08-31,1 wk ahead inc death,2020-09-05,41,quantile,0.025,16,mean
2020-08-31,2020-08-31,1 wk ahead inc death,2020-09-05,41,quantile,0.05,17.6666666666667,mean
2020-08-31,2020-08-31,1 wk ahead inc death,2020-09-05,41,quantile,0.1,19.6666666666667,mean
2020-08-31,2020-08-31,1 wk ahead inc death,2020-09-05,41,quantile,0.15,22,mean
2020-08-31,2020-08-31,1 wk ahead inc death,2020-09-05,41,quantile,0.2,23.3333333333333,mean
2020-08-31,2020-08-31,1 wk ahead inc death,2020-09-05,41,quantile,0.25,24.6666666666667,mean
2020-08-31,2020-08-31,1 wk ahead inc death,2020-09-05,41,quantile,0.3,26,mean
2020-08-31,2020-08-31,1 wk ahead inc death,2020-09-05,41,quantile,0.35,27,mean
2020-08-31,2020-08-31,1 wk ahead inc death,2020-09-05,41,quantile,0.4,28,mean
2020-08-31,2020-08-31,1 wk ahead inc death,2020-09-05,41,quantile,0.45,29.6666666666667,mean
2020-08-31,2020-08-31,1 wk ahead inc death,2020-09-05,41,quantile,0.5,31,mean
2020-08-31,2020-08-31,1 wk ahead inc death,2020-09-05,41,quantile,0.55,32,mean
2020-08-31,2020-08-31,1 wk ahead inc death,2020-09-05,41,quantile,0.6,33.3333333333333,mean
2020-08-31,2020-08-31,1 wk ahead inc death,2020-09-05,41,quantile,0.65,34.6666666666667,mean
2020-08-31,2020-08-31,1 wk ahead inc death,2020-09-05,41,quantile,0.7,36.3333333333333,mean
2020-08-31,2020-08-31,1 wk ahead inc death,2020-09-05,41,quantile,0.75,38,mean
2020-08-31,2020-08-31,1 wk ahead inc death,2020-09-05,41,quantile,0.8,40,mean
2020-08-31,2020-08-31,1 wk ahead inc death,2020-09-05,41,quantile,0.85,42.3833333333334,mean
2020-08-31,2020-08-31,1 wk ahead inc death,2020-09-05,41,quantile,0.9,45.6666666666667,mean
2020-08-31,2020-08-31,1 wk ahead inc death,2020-09-05,41,quantile,0.95,49.6666666666667,mean
2020-08-31,2020-08-31,1 wk ahead inc death,2020-09-05,41,quantile,0.975,54,mean
2020-08-31,2020-08-31,1 wk ahead inc death,2020-09-05,41,quantile,0.99,59.01,mean
2020-08-31,2020-08-31,2 wk ahead inc death,2020-09-12,41,point,,33,mean
2020-08-31,2020-08-31,2 wk ahead inc death,2020-09-12,41,quantile,0.01,11.6633333333333,mean
2020-08-31,2020-08-31,2 wk ahead inc death,2020-09-12,41,quantile,0.025,13.3333333333333,mean
2020-08-31,2020-08-31,2 wk ahead inc death,2020-09-12,41,quantile,0.05,15.9833333333333,mean
2020-08-31,2020-08-31,2 wk ahead inc death,2020-09-12,41,quantile,0.1,18.3333333333333,mean
2020-08-31,2020-08-31,2 wk ahead inc death,2020-09-12,41,quantile,0.15,21.3333333333333,mean
2020-08-31,2020-08-31,2 wk ahead inc death,2020-09-12,41,quantile,0.2,23.3333333333333,mean
2020-08-31,2020-08-31,2 wk ahead inc death,2020-09-12,41,quantile,0.25,25,mean
2020-08-31,2020-08-31,2 wk ahead inc death,2020-09-12,41,quantile,0.3,26.3333333333333,mean
2020-08-31,2020-08-31,2 wk ahead inc death,2020-09-12,41,quantile,0.35,28,mean
2020-08-31,2020-08-31,2 wk ahead inc death,2020-09-12,41,quantile,0.4,29.6666666666667,mean
2020-08-31,2020-08-31,2 wk ahead inc death,2020-09-12,41,quantile,0.45,31.3333333333333,mean
2020-08-31,2020-08-31,2 wk ahead inc death,2020-09-12,41,quantile,0.5,33,mean
2020-08-31,2020-08-31,2 wk ahead inc death,2020-09-12,41,quantile,0.55,34.3333333333333,mean
2020-08-31,2020-08-31,2 wk ahead inc death,2020-09-12,41,quantile,0.6,36.3333333333333,mean
2020-08-31,2020-08-31,2 wk ahead inc death,2020-09-12,41,quantile,0.65,38.3333333333333,mean
2020-08-31,2020-08-31,2 wk ahead inc death,2020-09-12,41,quantile,0.7,40,mean
2020-08-31,2020-08-31,2 wk ahead inc death,2020-09-12,41,quantile,0.75,42.3333333333333,mean
2020-08-31,2020-08-31,2 wk ahead inc death,2020-09-12,41,quantile,0.8,45,mean
2020-08-31,2020-08-31,2 wk ahead inc death,2020-09-12,41,quantile,0.85,48.3333333333333,mean
2020-08-31,2020-08-31,2 wk ahead inc death,2020-09-12,41,quantile,0.9,52.3333333333333,mean
2020-08-31,2020-08-31,2 wk ahead inc death,2020-09-12,41,quantile,0.95,59.3333333333333,mean
2020-08-31,2020-08-31,2 wk ahead inc death,2020-09-12,41,quantile,0.975,65.0083333333333,mean
2020-08-31,2020-08-31,2 wk ahead inc death,2020-09-12,41,quantile,0.99,73.6766666666667,mean
2020-08-31,2020-08-31,3 wk ahead inc death,2020-09-19,41,point,,34.3333333333333,mean
2020-08-31,2020-08-31,3 wk ahead inc death,2020-09-19,41,quantile,0.01,9.99666666666667,mean
2020-08-31,2020-08-31,3 wk ahead inc death,2020-09-19,41,quantile,0.025,11.6666666666667,mean
2020-08-31,2020-08-31,3 wk ahead inc death,2020-09-19,41,quantile,0.05,14.3166666666667,mean
2020-08-31,2020-08-31,3 wk ahead inc death,2020-09-19,41,quantile,0.1,17.9666666666667,mean
2020-08-31,2020-08-31,3 wk ahead inc death,2020-09-19,41,quantile,0.15,20,mean
2020-08-31,2020-08-31,3 wk ahead inc death,2020-09-19,41,quantile,0.2,22.3333333333333,mean
2020-08-31,2020-08-31,3 wk ahead inc death,2020-09-19,41,quantile,0.25,24.3333333333333,mean
2020-08-31,2020-08-31,3 wk ahead inc death,2020-09-19,41,quantile,0.3,26.9,mean
2020-08-31,2020-08-31,3 wk ahead inc death,2020-09-19,41,quantile,0.35,28.6666666666667,mean
2020-08-31,2020-08-31,3 wk ahead inc death,2020-09-19,41,quantile,0.4,30.5333333333333,mean
2020-08-31,2020-08-31,3 wk ahead inc death,2020-09-19,41,quantile,0.45,32.6666666666667,mean
2020-08-31,2020-08-31,3 wk ahead inc death,2020-09-19,41,quantile,0.5,34.3333333333333,mean
2020-08-31,2020-08-31,3 wk ahead inc death,2020-09-19,41,quantile,0.55,36.3333333333333,mean
2020-08-31,2020-08-31,3 wk ahead inc death,2020-09-19,41,quantile,0.6,39,mean
2020-08-31,2020-08-31,3 wk ahead inc death,2020-09-19,41,quantile,0.65,41,mean
2020-08-31,2020-08-31,3 wk ahead inc death,2020-09-19,41,quantile,0.7,44,mean
2020-08-31,2020-08-31,3 wk ahead inc death,2020-09-19,41,quantile,0.75,47,mean
2020-08-31,2020-08-31,3 wk ahead inc death,2020-09-19,41,quantile,0.8,50,mean
2020-08-31,2020-08-31,3 wk ahead inc death,2020-09-19,41,quantile,0.85,54.3333333333333,mean
2020-08-31,2020-08-31,3 wk ahead inc death,2020-09-19,41,quantile,0.9,61,mean
2020-08-31,2020-08-31,3 wk ahead inc death,2020-09-19,41,quantile,0.95,71.0166666666667,mean
2020-08-31,2020-08-31,3 wk ahead inc death,2020-09-19,41,quantile,0.975,79.3333333333333,mean
2020-08-31,2020-08-31,3 wk ahead inc death,2020-09-19,41,quantile,0.99,87.0033333333333,mean
2020-08-31,2020-08-31,4 wk ahead inc death,2020-09-26,41,point,,35.6666666666667,mean
2020-08-31,2020-08-31,4 wk ahead inc death,2020-09-26,41,quantile,0.01,7.66666666666667,mean
2020-08-31,2020-08-31,4 wk ahead inc death,2020-09-26,41,quantile,0.025,10.3166666666667,mean
2020-08-31,2020-08-31,4 wk ahead inc death,2020-09-26,41,quantile,0.05,12.9833333333333,mean
2020-08-31,2020-08-31,4 wk ahead inc death,2020-09-26,41,quantile,0.1,16.3333333333333,mean
2020-08-31,2020-08-31,4 wk ahead inc death,2020-09-26,41,quantile,0.15,19.6666666666667,mean
2020-08-31,2020-08-31,4 wk ahead inc death,2020-09-26,41,quantile,0.2,22,mean
2020-08-31,2020-08-31,4 wk ahead inc death,2020-09-26,41,quantile,0.25,24.3333333333333,mean
2020-08-31,2020-08-31,4 wk ahead inc death,2020-09-26,41,quantile,0.3,26.3333333333333,mean
2020-08-31,2020-08-31,4 wk ahead inc death,2020-09-26,41,quantile,0.35,28.8833333333333,mean
2020-08-31,2020-08-31,4 wk ahead inc death,2020-09-26,41,quantile,0.4,31.3333333333333,mean
2020-08-31,2020-08-31,4 wk ahead inc death,2020-09-26,41,quantile,0.45,33.6666666666667,mean
2020-08-31,2020-08-31,4 wk ahead inc death,2020-09-26,41,quantile,0.5,35.6666666666667,mean
2020-08-31,2020-08-31,4 wk ahead inc death,2020-09-26,41,quantile,0.55,38.4833333333333,mean
2020-08-31,2020-08-31,4 wk ahead inc death,2020-09-26,41,quantile,0.6,41,mean
2020-08-31,2020-08-31,4 wk ahead inc death,2020-09-26,41,quantile,0.65,43.6666666666667,mean
2020-08-31,2020-08-31,4 wk ahead inc death,2020-09-26,41,quantile,0.7,47.3333333333333,mean
2020-08-31,2020-08-31,4 wk ahead inc death,2020-09-26,41,quantile,0.75,51,mean
2020-08-31,2020-08-31,4 wk ahead inc death,2020-09-26,41,quantile,0.8,55.3333333333333,mean
2020-08-31,2020-08-31,4 wk ahead inc death,2020-09-26,41,quantile,0.85,61.0500000000001,mean
2020-08-31,2020-08-31,4 wk ahead inc death,2020-09-26,41,quantile,0.9,71,mean
2020-08-31,2020-08-31,4 wk ahead inc death,2020-09-26,41,quantile,0.95,86.6666666666667,mean
2020-08-31,2020-08-31,4 wk ahead inc death,2020-09-26,41,quantile,0.975,99,mean
2020-08-31,2020-08-31,4 wk ahead inc death,2020-09-26,41,quantile,0.99,118.006666666667,mean
2020-08-31,2020-08-31,1 wk ahead inc death,2020-09-05,42,point,,81.6666666666667,mean
2020-08-31,2020-08-31,1 wk ahead inc death,2020-09-05,42,quantile,0.01,41.3266666666667,mean
2020-08-31,2020-08-31,1 wk ahead inc death,2020-09-05,42,quantile,0.025,45,mean
2020-08-31,2020-08-31,1 wk ahead inc death,2020-09-05,42,quantile,0.05,49.3333333333333,mean
2020-08-31,2020-08-31,1 wk ahead inc death,2020-09-05,42,quantile,0.1,54.3333333333333,mean
2020-08-31,2020-08-31,1 wk ahead inc death,2020-09-05,42,quantile,0.15,58.3333333333333,mean
2020-08-31,2020-08-31,1 wk ahead inc death,2020-09-05,42,quantile,0.2,62.3333333333333,mean
2020-08-31,2020-08-31,1 wk ahead inc death,2020-09-05,42,quantile,0.25,66,mean
2020-08-31,2020-08-31,1 wk ahead inc death,2020-09-05,42,quantile,0.3,69.3333333333333,mean
2020-08-31,2020-08-31,1 wk ahead inc death,2020-09-05,42,quantile,0.35,73,mean
2020-08-31,2020-08-31,1 wk ahead inc death,2020-09-05,42,quantile,0.4,76,mean
2020-08-31,2020-08-31,1 wk ahead inc death,2020-09-05,42,quantile,0.45,78.6666666666667,mean
2020-08-31,2020-08-31,1 wk ahead inc death,2020-09-05,42,quantile,0.5,81.6666666666667,mean
2020-08-31,2020-08-31,1 wk ahead inc death,2020-09-05,42,quantile,0.55,84.6666666666667,mean
2020-08-31,2020-08-31,1 wk ahead inc death,2020-09-05,42,quantile,0.6,88,mean
2020-08-31,2020-08-31,1 wk ahead inc death,2020-09-05,42,quantile,0.65,91.3333333333333,mean
2020-08-31,2020-08-31,1 wk ahead inc death,2020-09-05,42,quantile,0.7,95,mean
2020-08-31,2020-08-31,1 wk ahead inc death,2020-09-05,42,quantile,0.75,99,mean
2020-08-31,2020-08-31,1 wk ahead inc death,2020-09-05,42,quantile,0.8,104,mean
2020-08-31,2020-08-31,1 wk ahead inc death,2020-09-05,42,quantile,0.85,109.666666666667,mean
2020-08-31,2020-08-31,1 wk ahead inc death,2020-09-05,42,quantile,0.9,116,mean
2020-08-31,2020-08-31,1 wk ahead inc death,2020-09-05,42,quantile,0.95,127,mean
2020-08-31,2020-08-31,1 wk ahead inc death,2020-09-05,42,quantile,0.975,137.7,mean
2020-08-31,2020-08-31,1 wk ahead inc death,2020-09-05,42,quantile,0.99,148.34,mean
2020-08-31,2020-08-31,2 wk ahead inc death,2020-09-12,42,point,,90.6666666666667,mean
2020-08-31,2020-08-31,2 wk ahead inc death,2020-09-12,42,quantile,0.01,36.3266666666667,mean
2020-08-31,2020-08-31,2 wk ahead inc death,2020-09-12,42,quantile,0.025,42.325,mean
2020-08-31,2020-08-31,2 wk ahead inc death,2020-09-12,42,quantile,0.05,48,mean
2020-08-31,2020-08-31,2 wk ahead inc death,2020-09-12,42,quantile,0.1,56.3,mean
2020-08-31,2020-08-31,2 wk ahead inc death,2020-09-12,42,quantile,0.15,62,mean
2020-08-31,2020-08-31,2 wk ahead inc death,2020-09-12,42,quantile,0.2,66.6666666666667,mean
2020-08-31,2020-08-31,2 wk ahead inc death,2020-09-12,42,quantile,0.25,71,mean
2020-08-31,2020-08-31,2 wk ahead inc death,2020-09-12,42,quantile,0.3,75,mean
2020-08-31,2020-08-31,2 wk ahead inc death,2020-09-12,42,quantile,0.35,78.6666666666667,mean
2020-08-31,2020-08-31,2 wk ahead inc death,2020-09-12,42,quantile,0.4,82.3333333333333,mean
2020-08-31,2020-08-31,2 wk ahead inc death,2020-09-12,42,quantile,0.45,86.85,mean
2020-08-31,2020-08-31,2 wk ahead inc death,2020-09-12,42,quantile,0.5,90.6666666666667,mean
2020-08-31,2020-08-31,2 wk ahead inc death,2020-09-12,42,quantile,0.55,94.6666666666667,mean
2020-08-31,2020-08-31,2 wk ahead inc death,2020-09-12,42,quantile,0.6,99.1333333333333,mean
2020-08-31,2020-08-31,2 wk ahead inc death,2020-09-12,42,quantile,0.65,102.333333333333,mean
2020-08-31,2020-08-31,2 wk ahead inc death,2020-09-12,42,quantile,0.7,107.333333333333,mean
2020-08-31,2020-08-31,2 wk ahead inc death,2020-09-12,42,quantile,0.75,112.666666666667,mean
2020-08-31,2020-08-31,2 wk ahead inc death,2020-09-12,42,quantile,0.8,117.733333333333,mean
2020-08-31,2020-08-31,2 wk ahead inc death,2020-09-12,42,quantile,0.85,124.05,mean
2020-08-31,2020-08-31,2 wk ahead inc death,2020-09-12,42,quantile,0.9,132.7,mean
2020-08-31,2020-08-31,2 wk ahead inc death,2020-09-12,42,quantile,0.95,145.683333333333,mean
2020-08-31,2020-08-31,2 wk ahead inc death,2020-09-12,42,quantile,0.975,155.333333333333,mean
2020-08-31,2020-08-31,2 wk ahead inc death,2020-09-12,42,quantile,0.99,167.353333333333,mean
2020-08-31,2020-08-31,3 wk ahead inc death,2020-09-19,42,point,,89.8333333333333,mean
2020-08-31,2020-08-31,3 wk ahead inc death,2020-09-19,42,quantile,0.01,29.33,mean
2020-08-31,2020-08-31,3 wk ahead inc death,2020-09-19,42,quantile,0.025,36.6583333333333,mean
2020-08-31,2020-08-31,3 wk ahead inc death,2020-09-19,42,quantile,0.05,43.3333333333333,mean
2020-08-31,2020-08-31,3 wk ahead inc death,2020-09-19,42,quantile,0.1,52.6666666666667,mean
2020-08-31,2020-08-31,3 wk ahead inc death,2020-09-19,42,quantile,0.15,58,mean
2020-08-31,2020-08-31,3 wk ahead inc death,2020-09-19,42,quantile,0.2,64.3333333333333,mean
2020-08-31,2020-08-31,3 wk ahead inc death,2020-09-19,42,quantile,0.25,69,mean
2020-08-31,2020-08-31,3 wk ahead inc death,2020-09-19,42,quantile,0.3,73.5666666666667,mean
2020-08-31,2020-08-31,3 wk ahead inc death,2020-09-19,42,quantile,0.35,78,mean
2020-08-31,2020-08-31,3 wk ahead inc death,2020-09-19,42,quantile,0.4,82,mean
2020-08-31,2020-08-31,3 wk ahead inc death,2020-09-19,42,quantile,0.45,85.5166666666667,mean
2020-08-31,2020-08-31,3 wk ahead inc death,2020-09-19,42,quantile,0.5,89.8333333333333,mean
2020-08-31,2020-08-31,3 wk ahead inc death,2020-09-19,42,quantile,0.55,94.8166666666667,mean
2020-08-31,2020-08-31,3 wk ahead inc death,2020-09-19,42,quantile,0.6,100.133333333333,mean
2020-08-31,2020-08-31,3 wk ahead inc death,2020-09-19,42,quantile,0.65,105,mean
2020-08-31,2020-08-31,3 wk ahead inc death,2020-09-19,42,quantile,0.7,111,mean
2020-08-31,2020-08-31,3 wk ahead inc death,2020-09-19,42,quantile,0.75,117,mean
2020-08-31,2020-08-31,3 wk ahead inc death,2020-09-19,42,quantile,0.8,123.666666666667,mean
2020-08-31,2020-08-31,3 wk ahead inc death,2020-09-19,42,quantile,0.85,133,mean
2020-08-31,2020-08-31,3 wk ahead inc death,2020-09-19,42,quantile,0.9,143,mean
2020-08-31,2020-08-31,3 wk ahead inc death,2020-09-19,42,quantile,0.95,157.366666666667,mean
2020-08-31,2020-08-31,3 wk ahead inc death,2020-09-19,42,quantile,0.975,173.708333333333,mean
2020-08-31,2020-08-31,3 wk ahead inc death,2020-09-19,42,quantile,0.99,192.333333333333,mean
2020-08-31,2020-08-31,4 wk ahead inc death,2020-09-26,42,point,,94.5,mean
2020-08-31,2020-08-31,4 wk ahead inc death,2020-09-26,42,quantile,0.01,28.33,mean
2020-08-31,2020-08-31,4 wk ahead inc death,2020-09-26,42,quantile,0.025,33.3333333333333,mean
2020-08-31,2020-08-31,4 wk ahead inc death,2020-09-26,42,quantile,0.05,40,mean
2020-08-31,2020-08-31,4 wk ahead inc death,2020-09-26,42,quantile,0.1,49.3,mean
2020-08-31,2020-08-31,4 wk ahead inc death,2020-09-26,42,quantile,0.15,57.3333333333333,mean
2020-08-31,2020-08-31,4 wk ahead inc death,2020-09-26,42,quantile,0.2,63.3333333333333,mean
2020-08-31,2020-08-31,4 wk ahead inc death,2020-09-26,42,quantile,0.25,68.3333333333333,mean
2020-08-31,2020-08-31,4 wk ahead inc death,2020-09-26,42,quantile,0.3,73.9,mean
2020-08-31,2020-08-31,4 wk ahead inc death,2020-09-26,42,quantile,0.35,78.6666666666667,mean
2020-08-31,2020-08-31,4 wk ahead inc death,2020-09-26,42,quantile,0.4,83.6666666666667,mean
2020-08-31,2020-08-31,4 wk ahead inc death,2020-09-26,42,quantile,0.45,89,mean
2020-08-31,2020-08-31,4 wk ahead inc death,2020-09-26,42,quantile,0.5,94.5,mean
2020-08-31,2020-08-31,4 wk ahead inc death,2020-09-26,42,quantile,0.55,99.3333333333333,mean
2020-08-31,2020-08-31,4 wk ahead inc death,2020-09-26,42,quantile,0.6,105.666666666667,mean
2020-08-31,2020-08-31,4 wk ahead inc death,2020-09-26,42,quantile,0.65,111.333333333333,mean
2020-08-31,2020-08-31,4 wk ahead inc death,2020-09-26,42,quantile,0.7,117.333333333333,mean
2020-08-31,2020-08-31,4 wk ahead inc death,2020-09-26,42,quantile,0.75,124.083333333333,mean
2020-08-31,2020-08-31,4 wk ahead inc death,2020-09-26,42,quantile,0.8,132.733333333333,mean
2020-08-31,2020-08-31,4 wk ahead inc death,2020-09-26,42,quantile,0.85,144.333333333333,mean
2020-08-31,2020-08-31,4 wk ahead inc death,2020-09-26,42,quantile,0.9,158.666666666667,mean
2020-08-31,2020-08-31,4 wk ahead inc death,2020-09-26,42,quantile,0.95,183,mean
2020-08-31,2020-08-31,4 wk ahead inc death,2020-09-26,42,quantile,0.975,204.016666666667,mean
2020-08-31,2020-08-31,4 wk ahead inc death,2020-09-26,42,quantile,0.99,244.083333333333,mean
2020-08-31,2020-08-31,1 wk ahead inc death,2020-09-05,44,point,,55,mean
2020-08-31,2020-08-31,1 wk ahead inc death,2020-09-05,44,quantile,0.01,25.3333333333333,mean
2020-08-31,2020-08-31,1 wk ahead inc death,2020-09-05,44,quantile,0.025,26.6666666666667,mean
2020-08-31,2020-08-31,1 wk ahead inc death,2020-09-05,44,quantile,0.05,28.3166666666667,mean
2020-08-31,2020-08-31,1 wk ahead inc death,2020-09-05,44,quantile,0.1,31.3333333333333,mean
2020-08-31,2020-08-31,1 wk ahead inc death,2020-09-05,44,quantile,0.15,33.6666666666667,mean
2020-08-31,2020-08-31,1 wk ahead inc death,2020-09-05,44,quantile,0.2,36.6666666666667,mean
2020-08-31,2020-08-31,1 wk ahead inc death,2020-09-05,44,quantile,0.25,39,mean
2020-08-31,2020-08-31,1 wk ahead inc death,2020-09-05,44,quantile,0.3,41.6666666666667,mean
2020-08-31,2020-08-31,1 wk ahead inc death,2020-09-05,44,quantile,0.35,45,mean
2020-08-31,2020-08-31,1 wk ahead inc death,2020-09-05,44,quantile,0.4,47.6666666666667,mean
2020-08-31,2020-08-31,1 wk ahead inc death,2020-09-05,44,quantile,0.45,51,mean
2020-08-31,2020-08-31,1 wk ahead inc death,2020-09-05,44,quantile,0.5,55,mean
2020-08-31,2020-08-31,1 wk ahead inc death,2020-09-05,44,quantile,0.55,60.3333333333333,mean
2020-08-31,2020-08-31,1 wk ahead inc death,2020-09-05,44,quantile,0.6,66,mean
2020-08-31,2020-08-31,1 wk ahead inc death,2020-09-05,44,quantile,0.65,71.6666666666667,mean
2020-08-31,2020-08-31,1 wk ahead inc death,2020-09-05,44,quantile,0.7,79,mean
2020-08-31,2020-08-31,1 wk ahead inc death,2020-09-05,44,quantile,0.75,90.6666666666667,mean
2020-08-31,2020-08-31,1 wk ahead inc death,2020-09-05,44,quantile,0.8,102.666666666667,mean
2020-08-31,2020-08-31,1 wk ahead inc death,2020-09-05,44,quantile,0.85,116.333333333333,mean
2020-08-31,2020-08-31,1 wk ahead inc death,2020-09-05,44,quantile,0.9,138.333333333333,mean
2020-08-31,2020-08-31,1 wk ahead inc death,2020-09-05,44,quantile,0.95,179.333333333333,mean
2020-08-31,2020-08-31,1 wk ahead inc death,2020-09-05,44,quantile,0.975,206,mean
2020-08-31,2020-08-31,1 wk ahead inc death,2020-09-05,44,quantile,0.99,237.333333333333,mean
2020-08-31,2020-08-31,2 wk ahead inc death,2020-09-12,44,point,,109.666666666667,mean
2020-08-31,2020-08-31,2 wk ahead inc death,2020-09-12,44,quantile,0.01,15.9933333333333,mean
2020-08-31,2020-08-31,2 wk ahead inc death,2020-09-12,44,quantile,0.025,19.3333333333333,mean
2020-08-31,2020-08-31,2 wk ahead inc death,2020-09-12,44,quantile,0.05,23,mean
2020-08-31,2020-08-31,2 wk ahead inc death,2020-09-12,44,quantile,0.1,27.3333333333333,mean
2020-08-31,2020-08-31,2 wk ahead inc death,2020-09-12,44,quantile,0.15,33,mean
2020-08-31,2020-08-31,2 wk ahead inc death,2020-09-12,44,quantile,0.2,37.6666666666667,mean
2020-08-31,2020-08-31,2 wk ahead inc death,2020-09-12,44,quantile,0.25,45.3333333333333,mean
2020-08-31,2020-08-31,2 wk ahead inc death,2020-09-12,44,quantile,0.3,55,mean
2020-08-31,2020-08-31,2 wk ahead inc death,2020-09-12,44,quantile,0.35,65.6666666666667,mean
2020-08-31,2020-08-31,2 wk ahead inc death,2020-09-12,44,quantile,0.4,77,mean
2020-08-31,2020-08-31,2 wk ahead inc death,2020-09-12,44,quantile,0.45,90.3333333333333,mean
2020-08-31,2020-08-31,2 wk ahead inc death,2020-09-12,44,quantile,0.5,109.666666666667,mean
2020-08-31,2020-08-31,2 wk ahead inc death,2020-09-12,44,quantile,0.55,137.333333333333,mean
2020-08-31,2020-08-31,2 wk ahead inc death,2020-09-12,44,quantile,0.6,164.333333333333,mean
2020-08-31,2020-08-31,2 wk ahead inc death,2020-09-12,44,quantile,0.65,202.333333333333,mean
2020-08-31,2020-08-31,2 wk ahead inc death,2020-09-12,44,quantile,0.7,237.333333333333,mean
2020-08-31,2020-08-31,2 wk ahead inc death,2020-09-12,44,quantile,0.75,291.75,mean
2020-08-31,2020-08-31,2 wk ahead inc death,2020-09-12,44,quantile,0.8,350,mean
2020-08-31,2020-08-31,2 wk ahead inc death,2020-09-12,44,quantile,0.85,439.383333333333,mean
2020-08-31,2020-08-31,2 wk ahead inc death,2020-09-12,44,quantile,0.9,529.666666666667,mean
2020-08-31,2020-08-31,2 wk ahead inc death,2020-09-12,44,quantile,0.95,658.666666666667,mean
2020-08-31,2020-08-31,2 wk ahead inc death,2020-09-12,44,quantile,0.975,746.333333333333,mean
2020-08-31,2020-08-31,2 wk ahead inc death,2020-09-12,44,quantile,0.99,803.336666666667,mean
2020-08-31,2020-08-31,3 wk ahead inc death,2020-09-19,44,point,,185.333333333333,mean
2020-08-31,2020-08-31,3 wk ahead inc death,2020-09-19,44,quantile,0.01,16.33,mean
2020-08-31,2020-08-31,3 wk ahead inc death,2020-09-19,44,quantile,0.025,19.6666666666667,mean
2020-08-31,2020-08-31,3 wk ahead inc death,2020-09-19,44,quantile,0.05,24.65,mean
2020-08-31,2020-08-31,3 wk ahead inc death,2020-09-19,44,quantile,0.1,33,mean
2020-08-31,2020-08-31,3 wk ahead inc death,2020-09-19,44,quantile,0.15,43.6666666666667,mean
2020-08-31,2020-08-31,3 wk ahead inc death,2020-09-19,44,quantile,0.2,55,mean
2020-08-31,2020-08-31,3 wk ahead inc death,2020-09-19,44,quantile,0.25,71.3333333333333,mean
2020-08-31,2020-08-31,3 wk ahead inc death,2020-09-19,44,quantile,0.3,85.3333333333333,mean
2020-08-31,2020-08-31,3 wk ahead inc death,2020-09-19,44,quantile,0.35,109.333333333333,mean
2020-08-31,2020-08-31,3 wk ahead inc death,2020-09-19,44,quantile,0.4,132,mean
2020-08-31,2020-08-31,3 wk ahead inc death,2020-09-19,44,quantile,0.45,158.666666666667,mean
2020-08-31,2020-08-31,3 wk ahead inc death,2020-09-19,44,quantile,0.5,185.333333333333,mean
2020-08-31,2020-08-31,3 wk ahead inc death,2020-09-19,44,quantile,0.55,213.666666666667,mean
2020-08-31,2020-08-31,3 wk ahead inc death,2020-09-19,44,quantile,0.6,251.666666666667,mean
2020-08-31,2020-08-31,3 wk ahead inc death,2020-09-19,44,quantile,0.65,288.45,mean
2020-08-31,2020-08-31,3 wk ahead inc death,2020-09-19,44,quantile,0.7,331,mean
2020-08-31,2020-08-31,3 wk ahead inc death,2020-09-19,44,quantile,0.75,384,mean
2020-08-31,2020-08-31,3 wk ahead inc death,2020-09-19,44,quantile,0.8,452.666666666667,mean
2020-08-31,2020-08-31,3 wk ahead inc death,2020-09-19,44,quantile,0.85,534.666666666667,mean
2020-08-31,2020-08-31,3 wk ahead inc death,2020-09-19,44,quantile,0.9,626.666666666667,mean
2020-08-31,2020-08-31,3 wk ahead inc death,2020-09-19,44,quantile,0.95,764.333333333333,mean
2020-08-31,2020-08-31,3 wk ahead inc death,2020-09-19,44,quantile,0.975,849.675,mean
2020-08-31,2020-08-31,3 wk ahead inc death,2020-09-19,44,quantile,0.99,926.013333333333,mean
2020-08-31,2020-08-31,4 wk ahead inc death,2020-09-26,44,point,,181.666666666667,mean
2020-08-31,2020-08-31,4 wk ahead inc death,2020-09-26,44,quantile,0.01,17.9966666666667,mean
2020-08-31,2020-08-31,4 wk ahead inc death,2020-09-26,44,quantile,0.025,23,mean
2020-08-31,2020-08-31,4 wk ahead inc death,2020-09-26,44,quantile,0.05,27.6666666666667,mean
2020-08-31,2020-08-31,4 wk ahead inc death,2020-09-26,44,quantile,0.1,39,mean
2020-08-31,2020-08-31,4 wk ahead inc death,2020-09-26,44,quantile,0.15,53.6666666666667,mean
2020-08-31,2020-08-31,4 wk ahead inc death,2020-09-26,44,quantile,0.2,67.6666666666667,mean
2020-08-31,2020-08-31,4 wk ahead inc death,2020-09-26,44,quantile,0.25,87.3333333333333,mean
2020-08-31,2020-08-31,4 wk ahead inc death,2020-09-26,44,quantile,0.3,105,mean
2020-08-31,2020-08-31,4 wk ahead inc death,2020-09-26,44,quantile,0.35,124,mean
2020-08-31,2020-08-31,4 wk ahead inc death,2020-09-26,44,quantile,0.4,144.666666666667,mean
2020-08-31,2020-08-31,4 wk ahead inc death,2020-09-26,44,quantile,0.45,163.333333333333,mean
2020-08-31,2020-08-31,4 wk ahead inc death,2020-09-26,44,quantile,0.5,181.666666666667,mean
2020-08-31,2020-08-31,4 wk ahead inc death,2020-09-26,44,quantile,0.55,205.666666666667,mean
2020-08-31,2020-08-31,4 wk ahead inc death,2020-09-26,44,quantile,0.6,234.666666666667,mean
2020-08-31,2020-08-31,4 wk ahead inc death,2020-09-26,44,quantile,0.65,261.666666666667,mean
2020-08-31,2020-08-31,4 wk ahead inc death,2020-09-26,44,quantile,0.7,293.333333333333,mean
2020-08-31,2020-08-31,4 wk ahead inc death,2020-09-26,44,quantile,0.75,327,mean
2020-08-31,2020-08-31,4 wk ahead inc death,2020-09-26,44,quantile,0.8,372.666666666667,mean
2020-08-31,2020-08-31,4 wk ahead inc death,2020-09-26,44,quantile,0.85,423.666666666667,mean
2020-08-31,2020-08-31,4 wk ahead inc death,2020-09-26,44,quantile,0.9,489.333333333333,mean
2020-08-31,2020-08-31,4 wk ahead inc death,2020-09-26,44,quantile,0.95,569.333333333333,mean
2020-08-31,2020-08-31,4 wk ahead inc death,2020-09-26,44,quantile,0.975,628.683333333333,mean
2020-08-31,2020-08-31,4 wk ahead inc death,2020-09-26,44,quantile,0.99,699.04,mean
2020-08-31,2020-08-31,1 wk ahead inc death,2020-09-05,45,point,,158.666666666667,mean
2020-08-31,2020-08-31,1 wk ahead inc death,2020-09-05,45,quantile,0.01,87.66,mean
2020-08-31,2020-08-31,1 wk ahead inc death,2020-09-05,45,quantile,0.025,94.3333333333333,mean
2020-08-31,2020-08-31,1 wk ahead inc death,2020-09-05,45,quantile,0.05,101.983333333333,mean
2020-08-31,2020-08-31,1 wk ahead inc death,2020-09-05,45,quantile,0.1,112.633333333333,mean
2020-08-31,2020-08-31,1 wk ahead inc death,2020-09-05,45,quantile,0.15,120.283333333333,mean
2020-08-31,2020-08-31,1 wk ahead inc death,2020-09-05,45,quantile,0.2,126.6,mean
2020-08-31,2020-08-31,1 wk ahead inc death,2020-09-05,45,quantile,0.25,131.333333333333,mean
2020-08-31,2020-08-31,1 wk ahead inc death,2020-09-05,45,quantile,0.3,137.333333333333,mean
2020-08-31,2020-08-31,1 wk ahead inc death,2020-09-05,45,quantile,0.35,142,mean
2020-08-31,2020-08-31,1 wk ahead inc death,2020-09-05,45,quantile,0.4,147.666666666667,mean
2020-08-31,2020-08-31,1 wk ahead inc death,2020-09-05,45,quantile,0.45,153,mean
2020-08-31,2020-08-31,1 wk ahead inc death,2020-09-05,45,quantile,0.5,158.666666666667,mean
2020-08-31,2020-08-31,1 wk ahead inc death,2020-09-05,45,quantile,0.55,163,mean
2020-08-31,2020-08-31,1 wk ahead inc death,2020-09-05,45,quantile,0.6,168.333333333333,mean
2020-08-31,2020-08-31,1 wk ahead inc death,2020-09-05,45,quantile,0.65,174,mean
2020-08-31,2020-08-31,1 wk ahead inc death,2020-09-05,45,quantile,0.7,180.333333333333,mean
2020-08-31,2020-08-31,1 wk ahead inc death,2020-09-05,45,quantile,0.75,188.083333333333,mean
2020-08-31,2020-08-31,1 wk ahead inc death,2020-09-05,45,quantile,0.8,196,mean
2020-08-31,2020-08-31,1 wk ahead inc death,2020-09-05,45,quantile,0.85,206,mean
2020-08-31,2020-08-31,1 wk ahead inc death,2020-09-05,45,quantile,0.9,217.666666666667,mean
2020-08-31,2020-08-31,1 wk ahead inc death,2020-09-05,45,quantile,0.95,233.683333333333,mean
2020-08-31,2020-08-31,1 wk ahead inc death,2020-09-05,45,quantile,0.975,247.025,mean
2020-08-31,2020-08-31,1 wk ahead inc death,2020-09-05,45,quantile,0.99,262.006666666667,mean
2020-08-31,2020-08-31,2 wk ahead inc death,2020-09-12,45,point,,159,mean
2020-08-31,2020-08-31,2 wk ahead inc death,2020-09-12,45,quantile,0.01,68.3266666666667,mean
2020-08-31,2020-08-31,2 wk ahead inc death,2020-09-12,45,quantile,0.025,76.9833333333333,mean
2020-08-31,2020-08-31,2 wk ahead inc death,2020-09-12,45,quantile,0.05,85,mean
2020-08-31,2020-08-31,2 wk ahead inc death,2020-09-12,45,quantile,0.1,97.9666666666667,mean
2020-08-31,2020-08-31,2 wk ahead inc death,2020-09-12,45,quantile,0.15,107.666666666667,mean
2020-08-31,2020-08-31,2 wk ahead inc death,2020-09-12,45,quantile,0.2,117,mean
2020-08-31,2020-08-31,2 wk ahead inc death,2020-09-12,45,quantile,0.25,125.25,mean
2020-08-31,2020-08-31,2 wk ahead inc death,2020-09-12,45,quantile,0.3,132.333333333333,mean
2020-08-31,2020-08-31,2 wk ahead inc death,2020-09-12,45,quantile,0.35,138.55,mean
2020-08-31,2020-08-31,2 wk ahead inc death,2020-09-12,45,quantile,0.4,145,mean
2020-08-31,2020-08-31,2 wk ahead inc death,2020-09-12,45,quantile,0.45,153,mean
2020-08-31,2020-08-31,2 wk ahead inc death,2020-09-12,45,quantile,0.5,159,mean
2020-08-31,2020-08-31,2 wk ahead inc death,2020-09-12,45,quantile,0.55,166.483333333333,mean
2020-08-31,2020-08-31,2 wk ahead inc death,2020-09-12,45,quantile,0.6,174.666666666667,mean
2020-08-31,2020-08-31,2 wk ahead inc death,2020-09-12,45,quantile,0.65,183.116666666667,mean
2020-08-31,2020-08-31,2 wk ahead inc death,2020-09-12,45,quantile,0.7,194,mean
2020-08-31,2020-08-31,2 wk ahead inc death,2020-09-12,45,quantile,0.75,203.333333333333,mean
2020-08-31,2020-08-31,2 wk ahead inc death,2020-09-12,45,quantile,0.8,217,mean
2020-08-31,2020-08-31,2 wk ahead inc death,2020-09-12,45,quantile,0.85,232.333333333333,mean
2020-08-31,2020-08-31,2 wk ahead inc death,2020-09-12,45,quantile,0.9,251.7,mean
2020-08-31,2020-08-31,2 wk ahead inc death,2020-09-12,45,quantile,0.95,282.716666666667,mean
2020-08-31,2020-08-31,2 wk ahead inc death,2020-09-12,45,quantile,0.975,315.7,mean
2020-08-31,2020-08-31,2 wk ahead inc death,2020-09-12,45,quantile,0.99,345.713333333333,mean
2020-08-31,2020-08-31,3 wk ahead inc death,2020-09-19,45,point,,166.666666666667,mean
2020-08-31,2020-08-31,3 wk ahead inc death,2020-09-19,45,quantile,0.01,55.33,mean
2020-08-31,2020-08-31,3 wk ahead inc death,2020-09-19,45,quantile,0.025,65,mean
2020-08-31,2020-08-31,3 wk ahead inc death,2020-09-19,45,quantile,0.05,76.3166666666667,mean
2020-08-31,2020-08-31,3 wk ahead inc death,2020-09-19,45,quantile,0.1,91.6666666666667,mean
2020-08-31,2020-08-31,3 wk ahead inc death,2020-09-19,45,quantile,0.15,102.333333333333,mean
2020-08-31,2020-08-31,3 wk ahead inc death,2020-09-19,45,quantile,0.2,111,mean
2020-08-31,2020-08-31,3 wk ahead inc death,2020-09-19,45,quantile,0.25,120.25,mean
2020-08-31,2020-08-31,3 wk ahead inc death,2020-09-19,45,quantile,0.3,128.9,mean
2020-08-31,2020-08-31,3 wk ahead inc death,2020-09-19,45,quantile,0.35,137.666666666667,mean
2020-08-31,2020-08-31,3 wk ahead inc death,2020-09-19,45,quantile,0.4,146.666666666667,mean
2020-08-31,2020-08-31,3 wk ahead inc death,2020-09-19,45,quantile,0.45,157.333333333333,mean
2020-08-31,2020-08-31,3 wk ahead inc death,2020-09-19,45,quantile,0.5,166.666666666667,mean
2020-08-31,2020-08-31,3 wk ahead inc death,2020-09-19,45,quantile,0.55,177.666666666667,mean
2020-08-31,2020-08-31,3 wk ahead inc death,2020-09-19,45,quantile,0.6,188.8,mean
2020-08-31,2020-08-31,3 wk ahead inc death,2020-09-19,45,quantile,0.65,200.116666666667,mean
2020-08-31,2020-08-31,3 wk ahead inc death,2020-09-19,45,quantile,0.7,212.433333333333,mean
2020-08-31,2020-08-31,3 wk ahead inc death,2020-09-19,45,quantile,0.75,228.083333333333,mean
2020-08-31,2020-08-31,3 wk ahead inc death,2020-09-19,45,quantile,0.8,248.733333333333,mean
2020-08-31,2020-08-31,3 wk ahead inc death,2020-09-19,45,quantile,0.85,277.433333333333,mean
2020-08-31,2020-08-31,3 wk ahead inc death,2020-09-19,45,quantile,0.9,309.033333333333,mean
2020-08-31,2020-08-31,3 wk ahead inc death,2020-09-19,45,quantile,0.95,363.016666666667,mean
2020-08-31,2020-08-31,3 wk ahead inc death,2020-09-19,45,quantile,0.975,421.683333333333,mean
2020-08-31,2020-08-31,3 wk ahead inc death,2020-09-19,45,quantile,0.99,472.126666666667,mean
2020-08-31,2020-08-31,4 wk ahead inc death,2020-09-26,45,point,,179,mean
2020-08-31,2020-08-31,4 wk ahead inc death,2020-09-26,45,quantile,0.01,49.9933333333333,mean
2020-08-31,2020-08-31,4 wk ahead inc death,2020-09-26,45,quantile,0.025,62,mean
2020-08-31,2020-08-31,4 wk ahead inc death,2020-09-26,45,quantile,0.05,75.6166666666667,mean
2020-08-31,2020-08-31,4 wk ahead inc death,2020-09-26,45,quantile,0.1,90.6666666666667,mean
2020-08-31,2020-08-31,4 wk ahead inc death,2020-09-26,45,quantile,0.15,101.666666666667,mean
2020-08-31,2020-08-31,4 wk ahead inc death,2020-09-26,45,quantile,0.2,113.266666666667,mean
2020-08-31,2020-08-31,4 wk ahead inc death,2020-09-26,45,quantile,0.25,124.333333333333,mean
2020-08-31,2020-08-31,4 wk ahead inc death,2020-09-26,45,quantile,0.3,135,mean
2020-08-31,2020-08-31,4 wk ahead inc death,2020-09-26,45,quantile,0.35,145,mean
2020-08-31,2020-08-31,4 wk ahead inc death,2020-09-26,45,quantile,0.4,155.866666666667,mean
2020-08-31,2020-08-31,4 wk ahead inc death,2020-09-26,45,quantile,0.45,166.333333333333,mean
2020-08-31,2020-08-31,4 wk ahead inc death,2020-09-26,45,quantile,0.5,179,mean
2020-08-31,2020-08-31,4 wk ahead inc death,2020-09-26,45,quantile,0.55,192.333333333333,mean
2020-08-31,2020-08-31,4 wk ahead inc death,2020-09-26,45,quantile,0.6,206.666666666667,mean
2020-08-31,2020-08-31,4 wk ahead inc death,2020-09-26,45,quantile,0.65,224.116666666667,mean
2020-08-31,2020-08-31,4 wk ahead inc death,2020-09-26,45,quantile,0.7,243.433333333333,mean
2020-08-31,2020-08-31,4 wk ahead inc death,2020-09-26,45,quantile,0.75,269.333333333333,mean
2020-08-31,2020-08-31,4 wk ahead inc death,2020-09-26,45,quantile,0.8,300.733333333333,mean
2020-08-31,2020-08-31,4 wk ahead inc death,2020-09-26,45,quantile,0.85,346.383333333333,mean
2020-08-31,2020-08-31,4 wk ahead inc death,2020-09-26,45,quantile,0.9,402.866666666667,mean
2020-08-31,2020-08-31,4 wk ahead inc death,2020-09-26,45,quantile,0.95,505.383333333333,mean
2020-08-31,2020-08-31,4 wk ahead inc death,2020-09-26,45,quantile,0.975,651.783333333333,mean
2020-08-31,2020-08-31,4 wk ahead inc death,2020-09-26,45,quantile,0.99,785.736666666667,mean
2020-08-31,2020-08-31,1 wk ahead inc death,2020-09-05,46,point,,7.66666666666667,mean
2020-08-31,2020-08-31,1 wk ahead inc death,2020-09-05,46,quantile,0.01,1.33333333333333,mean
2020-08-31,2020-08-31,1 wk ahead inc death,2020-09-05,46,quantile,0.025,1.66666666666667,mean
2020-08-31,2020-08-31,1 wk ahead inc death,2020-09-05,46,quantile,0.05,2.66666666666667,mean
2020-08-31,2020-08-31,1 wk ahead inc death,2020-09-05,46,quantile,0.1,3.33333333333333,mean
2020-08-31,2020-08-31,1 wk ahead inc death,2020-09-05,46,quantile,0.15,4,mean
2020-08-31,2020-08-31,1 wk ahead inc death,2020-09-05,46,quantile,0.2,4.66666666666667,mean
2020-08-31,2020-08-31,1 wk ahead inc death,2020-09-05,46,quantile,0.25,5,mean
2020-08-31,2020-08-31,1 wk ahead inc death,2020-09-05,46,quantile,0.3,6,mean
2020-08-31,2020-08-31,1 wk ahead inc death,2020-09-05,46,quantile,0.35,6.33333333333333,mean
2020-08-31,2020-08-31,1 wk ahead inc death,2020-09-05,46,quantile,0.4,6.86666666666667,mean
2020-08-31,2020-08-31,1 wk ahead inc death,2020-09-05,46,quantile,0.45,7.33333333333333,mean
2020-08-31,2020-08-31,1 wk ahead inc death,2020-09-05,46,quantile,0.5,7.66666666666667,mean
2020-08-31,2020-08-31,1 wk ahead inc death,2020-09-05,46,quantile,0.55,8.66666666666667,mean
2020-08-31,2020-08-31,1 wk ahead inc death,2020-09-05,46,quantile,0.6,9,mean
2020-08-31,2020-08-31,1 wk ahead inc death,2020-09-05,46,quantile,0.65,10,mean
2020-08-31,2020-08-31,1 wk ahead inc death,2020-09-05,46,quantile,0.7,10.3333333333333,mean
2020-08-31,2020-08-31,1 wk ahead inc death,2020-09-05,46,quantile,0.75,11,mean
2020-08-31,2020-08-31,1 wk ahead inc death,2020-09-05,46,quantile,0.8,12,mean
2020-08-31,2020-08-31,1 wk ahead inc death,2020-09-05,46,quantile,0.85,13,mean
2020-08-31,2020-08-31,1 wk ahead inc death,2020-09-05,46,quantile,0.9,14.3333333333333,mean
2020-08-31,2020-08-31,1 wk ahead inc death,2020-09-05,46,quantile,0.95,16.6666666666667,mean
2020-08-31,2020-08-31,1 wk ahead inc death,2020-09-05,46,quantile,0.975,18.6666666666667,mean
2020-08-31,2020-08-31,1 wk ahead inc death,2020-09-05,46,quantile,0.99,21.3366666666667,mean
2020-08-31,2020-08-31,2 wk ahead inc death,2020-09-12,46,point,,12,mean
2020-08-31,2020-08-31,2 wk ahead inc death,2020-09-12,46,quantile,0.01,2.33,mean
2020-08-31,2020-08-31,2 wk ahead inc death,2020-09-12,46,quantile,0.025,3,mean
2020-08-31,2020-08-31,2 wk ahead inc death,2020-09-12,46,quantile,0.05,4.33333333333333,mean
2020-08-31,2020-08-31,2 wk ahead inc death,2020-09-12,46,quantile,0.1,5.33333333333333,mean
2020-08-31,2020-08-31,2 wk ahead inc death,2020-09-12,46,quantile,0.15,6.66666666666667,mean
2020-08-31,2020-08-31,2 wk ahead inc death,2020-09-12,46,quantile,0.2,7.26666666666667,mean
2020-08-31,2020-08-31,2 wk ahead inc death,2020-09-12,46,quantile,0.25,7.66666666666667,mean
2020-08-31,2020-08-31,2 wk ahead inc death,2020-09-12,46,quantile,0.3,8.66666666666667,mean
2020-08-31,2020-08-31,2 wk ahead inc death,2020-09-12,46,quantile,0.35,9,mean
2020-08-31,2020-08-31,2 wk ahead inc death,2020-09-12,46,quantile,0.4,10.3333333333333,mean
2020-08-31,2020-08-31,2 wk ahead inc death,2020-09-12,46,quantile,0.45,11,mean
2020-08-31,2020-08-31,2 wk ahead inc death,2020-09-12,46,quantile,0.5,12,mean
2020-08-31,2020-08-31,2 wk ahead inc death,2020-09-12,46,quantile,0.55,12.6666666666667,mean
2020-08-31,2020-08-31,2 wk ahead inc death,2020-09-12,46,quantile,0.6,13.3333333333333,mean
2020-08-31,2020-08-31,2 wk ahead inc death,2020-09-12,46,quantile,0.65,14.6666666666667,mean
2020-08-31,2020-08-31,2 wk ahead inc death,2020-09-12,46,quantile,0.7,15.6666666666667,mean
2020-08-31,2020-08-31,2 wk ahead inc death,2020-09-12,46,quantile,0.75,16.6666666666667,mean
2020-08-31,2020-08-31,2 wk ahead inc death,2020-09-12,46,quantile,0.8,18.3333333333333,mean
2020-08-31,2020-08-31,2 wk ahead inc death,2020-09-12,46,quantile,0.85,20.3333333333333,mean
2020-08-31,2020-08-31,2 wk ahead inc death,2020-09-12,46,quantile,0.9,22.3333333333333,mean
2020-08-31,2020-08-31,2 wk ahead inc death,2020-09-12,46,quantile,0.95,26.3333333333333,mean
2020-08-31,2020-08-31,2 wk ahead inc death,2020-09-12,46,quantile,0.975,31.3416666666667,mean
2020-08-31,2020-08-31,2 wk ahead inc death,2020-09-12,46,quantile,0.99,36.0066666666667,mean
2020-08-31,2020-08-31,3 wk ahead inc death,2020-09-19,46,point,,17.6666666666667,mean
2020-08-31,2020-08-31,3 wk ahead inc death,2020-09-19,46,quantile,0.01,3.66666666666667,mean
2020-08-31,2020-08-31,3 wk ahead inc death,2020-09-19,46,quantile,0.025,4.66666666666667,mean
2020-08-31,2020-08-31,3 wk ahead inc death,2020-09-19,46,quantile,0.05,6,mean
2020-08-31,2020-08-31,3 wk ahead inc death,2020-09-19,46,quantile,0.1,7.66666666666667,mean
2020-08-31,2020-08-31,3 wk ahead inc death,2020-09-19,46,quantile,0.15,9,mean
2020-08-31,2020-08-31,3 wk ahead inc death,2020-09-19,46,quantile,0.2,10,mean
2020-08-31,2020-08-31,3 wk ahead inc death,2020-09-19,46,quantile,0.25,11.5833333333333,mean
2020-08-31,2020-08-31,3 wk ahead inc death,2020-09-19,46,quantile,0.3,12.6666666666667,mean
2020-08-31,2020-08-31,3 wk ahead inc death,2020-09-19,46,quantile,0.35,14,mean
2020-08-31,2020-08-31,3 wk ahead inc death,2020-09-19,46,quantile,0.4,15,mean
2020-08-31,2020-08-31,3 wk ahead inc death,2020-09-19,46,quantile,0.45,16.6666666666667,mean
2020-08-31,2020-08-31,3 wk ahead inc death,2020-09-19,46,quantile,0.5,17.6666666666667,mean
2020-08-31,2020-08-31,3 wk ahead inc death,2020-09-19,46,quantile,0.55,19,mean
2020-08-31,2020-08-31,3 wk ahead inc death,2020-09-19,46,quantile,0.6,20.6666666666667,mean
2020-08-31,2020-08-31,3 wk ahead inc death,2020-09-19,46,quantile,0.65,22,mean
2020-08-31,2020-08-31,3 wk ahead inc death,2020-09-19,46,quantile,0.7,24.3333333333333,mean
2020-08-31,2020-08-31,3 wk ahead inc death,2020-09-19,46,quantile,0.75,26.3333333333333,mean
2020-08-31,2020-08-31,3 wk ahead inc death,2020-09-19,46,quantile,0.8,29,mean
2020-08-31,2020-08-31,3 wk ahead inc death,2020-09-19,46,quantile,0.85,32.3333333333333,mean
2020-08-31,2020-08-31,3 wk ahead inc death,2020-09-19,46,quantile,0.9,37.7,mean
2020-08-31,2020-08-31,3 wk ahead inc death,2020-09-19,46,quantile,0.95,46.6833333333333,mean
2020-08-31,2020-08-31,3 wk ahead inc death,2020-09-19,46,quantile,0.975,59.0083333333333,mean
2020-08-31,2020-08-31,3 wk ahead inc death,2020-09-19,46,quantile,0.99,70.67,mean
2020-08-31,2020-08-31,4 wk ahead inc death,2020-09-26,46,point,,27.6666666666667,mean
2020-08-31,2020-08-31,4 wk ahead inc death,2020-09-26,46,quantile,0.01,6.33333333333333,mean
2020-08-31,2020-08-31,4 wk ahead inc death,2020-09-26,46,quantile,0.025,8,mean
2020-08-31,2020-08-31,4 wk ahead inc death,2020-09-26,46,quantile,0.05,10.3166666666667,mean
2020-08-31,2020-08-31,4 wk ahead inc death,2020-09-26,46,quantile,0.1,12.3333333333333,mean
2020-08-31,2020-08-31,4 wk ahead inc death,2020-09-26,46,quantile,0.15,14.6666666666667,mean
2020-08-31,2020-08-31,4 wk ahead inc death,2020-09-26,46,quantile,0.2,17.3333333333333,mean
2020-08-31,2020-08-31,4 wk ahead inc death,2020-09-26,46,quantile,0.25,18.6666666666667,mean
2020-08-31,2020-08-31,4 wk ahead inc death,2020-09-26,46,quantile,0.3,20.3333333333333,mean
2020-08-31,2020-08-31,4 wk ahead inc death,2020-09-26,46,quantile,0.35,22.2166666666667,mean
2020-08-31,2020-08-31,4 wk ahead inc death,2020-09-26,46,quantile,0.4,24,mean
2020-08-31,2020-08-31,4 wk ahead inc death,2020-09-26,46,quantile,0.45,25.3333333333333,mean
2020-08-31,2020-08-31,4 wk ahead inc death,2020-09-26,46,quantile,0.5,27.6666666666667,mean
2020-08-31,2020-08-31,4 wk ahead inc death,2020-09-26,46,quantile,0.55,29.6666666666667,mean
2020-08-31,2020-08-31,4 wk ahead inc death,2020-09-26,46,quantile,0.6,32,mean
2020-08-31,2020-08-31,4 wk ahead inc death,2020-09-26,46,quantile,0.65,34.6666666666667,mean
2020-08-31,2020-08-31,4 wk ahead inc death,2020-09-26,46,quantile,0.7,37.6666666666667,mean
2020-08-31,2020-08-31,4 wk ahead inc death,2020-09-26,46,quantile,0.75,42.75,mean
2020-08-31,2020-08-31,4 wk ahead inc death,2020-09-26,46,quantile,0.8,48,mean
2020-08-31,2020-08-31,4 wk ahead inc death,2020-09-26,46,quantile,0.85,55.4333333333333,mean
2020-08-31,2020-08-31,4 wk ahead inc death,2020-09-26,46,quantile,0.9,66.7,mean
2020-08-31,2020-08-31,4 wk ahead inc death,2020-09-26,46,quantile,0.95,91.3333333333333,mean
2020-08-31,2020-08-31,4 wk ahead inc death,2020-09-26,46,quantile,0.975,115.391666666667,mean
2020-08-31,2020-08-31,4 wk ahead inc death,2020-09-26,46,quantile,0.99,159.813333333333,mean
2020-08-31,2020-08-31,1 wk ahead inc death,2020-09-05,47,point,,156.833333333333,mean
2020-08-31,2020-08-31,1 wk ahead inc death,2020-09-05,47,quantile,0.01,95.9933333333333,mean
2020-08-31,2020-08-31,1 wk ahead inc death,2020-09-05,47,quantile,0.025,102.65,mean
2020-08-31,2020-08-31,1 wk ahead inc death,2020-09-05,47,quantile,0.05,107,mean
2020-08-31,2020-08-31,1 wk ahead inc death,2020-09-05,47,quantile,0.1,116,mean
2020-08-31,2020-08-31,1 wk ahead inc death,2020-09-05,47,quantile,0.15,122.9,mean
2020-08-31,2020-08-31,1 wk ahead inc death,2020-09-05,47,quantile,0.2,128.933333333333,mean
2020-08-31,2020-08-31,1 wk ahead inc death,2020-09-05,47,quantile,0.25,133.333333333333,mean
2020-08-31,2020-08-31,1 wk ahead inc death,2020-09-05,47,quantile,0.3,138,mean
2020-08-31,2020-08-31,1 wk ahead inc death,2020-09-05,47,quantile,0.35,143,mean
2020-08-31,2020-08-31,1 wk ahead inc death,2020-09-05,47,quantile,0.4,147.666666666667,mean
2020-08-31,2020-08-31,1 wk ahead inc death,2020-09-05,47,quantile,0.45,152.666666666667,mean
2020-08-31,2020-08-31,1 wk ahead inc death,2020-09-05,47,quantile,0.5,156.833333333333,mean
2020-08-31,2020-08-31,1 wk ahead inc death,2020-09-05,47,quantile,0.55,161.333333333333,mean
2020-08-31,2020-08-31,1 wk ahead inc death,2020-09-05,47,quantile,0.6,165.666666666667,mean
2020-08-31,2020-08-31,1 wk ahead inc death,2020-09-05,47,quantile,0.65,170.333333333333,mean
2020-08-31,2020-08-31,1 wk ahead inc death,2020-09-05,47,quantile,0.7,175.666666666667,mean
2020-08-31,2020-08-31,1 wk ahead inc death,2020-09-05,47,quantile,0.75,181.083333333333,mean
2020-08-31,2020-08-31,1 wk ahead inc death,2020-09-05,47,quantile,0.8,187,mean
2020-08-31,2020-08-31,1 wk ahead inc death,2020-09-05,47,quantile,0.85,194.333333333333,mean
2020-08-31,2020-08-31,1 wk ahead inc death,2020-09-05,47,quantile,0.9,205.033333333333,mean
2020-08-31,2020-08-31,1 wk ahead inc death,2020-09-05,47,quantile,0.95,219.683333333333,mean
2020-08-31,2020-08-31,1 wk ahead inc death,2020-09-05,47,quantile,0.975,231.666666666667,mean
2020-08-31,2020-08-31,1 wk ahead inc death,2020-09-05,47,quantile,0.99,249.006666666667,mean
2020-08-31,2020-08-31,2 wk ahead inc death,2020-09-12,47,point,,164,mean
2020-08-31,2020-08-31,2 wk ahead inc death,2020-09-12,47,quantile,0.01,79.66,mean
2020-08-31,2020-08-31,2 wk ahead inc death,2020-09-12,47,quantile,0.025,88.625,mean
2020-08-31,2020-08-31,2 wk ahead inc death,2020-09-12,47,quantile,0.05,98,mean
2020-08-31,2020-08-31,2 wk ahead inc death,2020-09-12,47,quantile,0.1,110,mean
2020-08-31,2020-08-31,2 wk ahead inc death,2020-09-12,47,quantile,0.15,119,mean
2020-08-31,2020-08-31,2 wk ahead inc death,2020-09-12,47,quantile,0.2,127.333333333333,mean
2020-08-31,2020-08-31,2 wk ahead inc death,2020-09-12,47,quantile,0.25,134.333333333333,mean
2020-08-31,2020-08-31,2 wk ahead inc death,2020-09-12,47,quantile,0.3,140.666666666667,mean
2020-08-31,2020-08-31,2 wk ahead inc death,2020-09-12,47,quantile,0.35,146.55,mean
2020-08-31,2020-08-31,2 wk ahead inc death,2020-09-12,47,quantile,0.4,152,mean
2020-08-31,2020-08-31,2 wk ahead inc death,2020-09-12,47,quantile,0.45,157.516666666667,mean
2020-08-31,2020-08-31,2 wk ahead inc death,2020-09-12,47,quantile,0.5,164,mean
2020-08-31,2020-08-31,2 wk ahead inc death,2020-09-12,47,quantile,0.55,169.666666666667,mean
2020-08-31,2020-08-31,2 wk ahead inc death,2020-09-12,47,quantile,0.6,176.466666666667,mean
2020-08-31,2020-08-31,2 wk ahead inc death,2020-09-12,47,quantile,0.65,183,mean
2020-08-31,2020-08-31,2 wk ahead inc death,2020-09-12,47,quantile,0.7,189.666666666667,mean
2020-08-31,2020-08-31,2 wk ahead inc death,2020-09-12,47,quantile,0.75,196.75,mean
2020-08-31,2020-08-31,2 wk ahead inc death,2020-09-12,47,quantile,0.8,205.333333333333,mean
2020-08-31,2020-08-31,2 wk ahead inc death,2020-09-12,47,quantile,0.85,216,mean
2020-08-31,2020-08-31,2 wk ahead inc death,2020-09-12,47,quantile,0.9,226.7,mean
2020-08-31,2020-08-31,2 wk ahead inc death,2020-09-12,47,quantile,0.95,244.033333333333,mean
2020-08-31,2020-08-31,2 wk ahead inc death,2020-09-12,47,quantile,0.975,261.016666666667,mean
2020-08-31,2020-08-31,2 wk ahead inc death,2020-09-12,47,quantile,0.99,280.016666666667,mean
2020-08-31,2020-08-31,3 wk ahead inc death,2020-09-19,47,point,,172.333333333333,mean
2020-08-31,2020-08-31,3 wk ahead inc death,2020-09-19,47,quantile,0.01,74.9966666666667,mean
2020-08-31,2020-08-31,3 wk ahead inc death,2020-09-19,47,quantile,0.025,85.325,mean
2020-08-31,2020-08-31,3 wk ahead inc death,2020-09-19,47,quantile,0.05,96.9833333333333,mean
2020-08-31,2020-08-31,3 wk ahead inc death,2020-09-19,47,quantile,0.1,109.633333333333,mean
2020-08-31,2020-08-31,3 wk ahead inc death,2020-09-19,47,quantile,0.15,119.283333333333,mean
2020-08-31,2020-08-31,3 wk ahead inc death,2020-09-19,47,quantile,0.2,129,mean
2020-08-31,2020-08-31,3 wk ahead inc death,2020-09-19,47,quantile,0.25,137.333333333333,mean
2020-08-31,2020-08-31,3 wk ahead inc death,2020-09-19,47,quantile,0.3,145.333333333333,mean
2020-08-31,2020-08-31,3 wk ahead inc death,2020-09-19,47,quantile,0.35,152.666666666667,mean
2020-08-31,2020-08-31,3 wk ahead inc death,2020-09-19,47,quantile,0.4,158.333333333333,mean
2020-08-31,2020-08-31,3 wk ahead inc death,2020-09-19,47,quantile,0.45,165,mean
2020-08-31,2020-08-31,3 wk ahead inc death,2020-09-19,47,quantile,0.5,172.333333333333,mean
2020-08-31,2020-08-31,3 wk ahead inc death,2020-09-19,47,quantile,0.55,180,mean
2020-08-31,2020-08-31,3 wk ahead inc death,2020-09-19,47,quantile,0.6,188,mean
2020-08-31,2020-08-31,3 wk ahead inc death,2020-09-19,47,quantile,0.65,196,mean
2020-08-31,2020-08-31,3 wk ahead inc death,2020-09-19,47,quantile,0.7,204.666666666667,mean
2020-08-31,2020-08-31,3 wk ahead inc death,2020-09-19,47,quantile,0.75,214,mean
2020-08-31,2020-08-31,3 wk ahead inc death,2020-09-19,47,quantile,0.8,223.666666666667,mean
2020-08-31,2020-08-31,3 wk ahead inc death,2020-09-19,47,quantile,0.85,235.666666666667,mean
2020-08-31,2020-08-31,3 wk ahead inc death,2020-09-19,47,quantile,0.9,251.7,mean
2020-08-31,2020-08-31,3 wk ahead inc death,2020-09-19,47,quantile,0.95,277.366666666667,mean
2020-08-31,2020-08-31,3 wk ahead inc death,2020-09-19,47,quantile,0.975,298.341666666667,mean
2020-08-31,2020-08-31,3 wk ahead inc death,2020-09-19,47,quantile,0.99,317.346666666667,mean
2020-08-31,2020-08-31,4 wk ahead inc death,2020-09-26,47,point,,184.666666666667,mean
2020-08-31,2020-08-31,4 wk ahead inc death,2020-09-26,47,quantile,0.01,65.6566666666667,mean
2020-08-31,2020-08-31,4 wk ahead inc death,2020-09-26,47,quantile,0.025,76.6583333333333,mean
2020-08-31,2020-08-31,4 wk ahead inc death,2020-09-26,47,quantile,0.05,87.6666666666667,mean
2020-08-31,2020-08-31,4 wk ahead inc death,2020-09-26,47,quantile,0.1,104.333333333333,mean
2020-08-31,2020-08-31,4 wk ahead inc death,2020-09-26,47,quantile,0.15,117,mean
2020-08-31,2020-08-31,4 wk ahead inc death,2020-09-26,47,quantile,0.2,130,mean
2020-08-31,2020-08-31,4 wk ahead inc death,2020-09-26,47,quantile,0.25,139.916666666667,mean
2020-08-31,2020-08-31,4 wk ahead inc death,2020-09-26,47,quantile,0.3,148.666666666667,mean
2020-08-31,2020-08-31,4 wk ahead inc death,2020-09-26,47,quantile,0.35,157,mean
2020-08-31,2020-08-31,4 wk ahead inc death,2020-09-26,47,quantile,0.4,166.666666666667,mean
2020-08-31,2020-08-31,4 wk ahead inc death,2020-09-26,47,quantile,0.45,175.85,mean
2020-08-31,2020-08-31,4 wk ahead inc death,2020-09-26,47,quantile,0.5,184.666666666667,mean
2020-08-31,2020-08-31,4 wk ahead inc death,2020-09-26,47,quantile,0.55,193.666666666667,mean
2020-08-31,2020-08-31,4 wk ahead inc death,2020-09-26,47,quantile,0.6,202.666666666667,mean
2020-08-31,2020-08-31,4 wk ahead inc death,2020-09-26,47,quantile,0.65,211.666666666667,mean
2020-08-31,2020-08-31,4 wk ahead inc death,2020-09-26,47,quantile,0.7,223.333333333333,mean
2020-08-31,2020-08-31,4 wk ahead inc death,2020-09-26,47,quantile,0.75,236.666666666667,mean
2020-08-31,2020-08-31,4 wk ahead inc death,2020-09-26,47,quantile,0.8,250.333333333333,mean
2020-08-31,2020-08-31,4 wk ahead inc death,2020-09-26,47,quantile,0.85,268.15,mean
2020-08-31,2020-08-31,4 wk ahead inc death,2020-09-26,47,quantile,0.9,288.033333333333,mean
2020-08-31,2020-08-31,4 wk ahead inc death,2020-09-26,47,quantile,0.95,326,mean
2020-08-31,2020-08-31,4 wk ahead inc death,2020-09-26,47,quantile,0.975,357.016666666667,mean
2020-08-31,2020-08-31,4 wk ahead inc death,2020-09-26,47,quantile,0.99,409.346666666667,mean
2020-08-31,2020-08-31,1 wk ahead inc death,2020-09-05,48,point,,909.333333333333,mean
2020-08-31,2020-08-31,1 wk ahead inc death,2020-09-05,48,quantile,0.01,437.963333333333,mean
2020-08-31,2020-08-31,1 wk ahead inc death,2020-09-05,48,quantile,0.025,489.941666666667,mean
2020-08-31,2020-08-31,1 wk ahead inc death,2020-09-05,48,quantile,0.05,539.966666666667,mean
2020-08-31,2020-08-31,1 wk ahead inc death,2020-09-05,48,quantile,0.1,601.633333333333,mean
2020-08-31,2020-08-31,1 wk ahead inc death,2020-09-05,48,quantile,0.15,654.133333333333,mean
2020-08-31,2020-08-31,1 wk ahead inc death,2020-09-05,48,quantile,0.2,695.933333333333,mean
2020-08-31,2020-08-31,1 wk ahead inc death,2020-09-05,48,quantile,0.25,735.583333333333,mean
2020-08-31,2020-08-31,1 wk ahead inc death,2020-09-05,48,quantile,0.3,769.333333333333,mean
2020-08-31,2020-08-31,1 wk ahead inc death,2020-09-05,48,quantile,0.35,805,mean
2020-08-31,2020-08-31,1 wk ahead inc death,2020-09-05,48,quantile,0.4,844.066666666667,mean
2020-08-31,2020-08-31,1 wk ahead inc death,2020-09-05,48,quantile,0.45,875.85,mean
2020-08-31,2020-08-31,1 wk ahead inc death,2020-09-05,48,quantile,0.5,909.333333333333,mean
2020-08-31,2020-08-31,1 wk ahead inc death,2020-09-05,48,quantile,0.55,949,mean
2020-08-31,2020-08-31,1 wk ahead inc death,2020-09-05,48,quantile,0.6,988.6,mean
2020-08-31,2020-08-31,1 wk ahead inc death,2020-09-05,48,quantile,0.65,1027.23333333333,mean
2020-08-31,2020-08-31,1 wk ahead inc death,2020-09-05,48,quantile,0.7,1066.86666666667,mean
2020-08-31,2020-08-31,1 wk ahead inc death,2020-09-05,48,quantile,0.75,1118.66666666667,mean
2020-08-31,2020-08-31,1 wk ahead inc death,2020-09-05,48,quantile,0.8,1171.13333333333,mean
2020-08-31,2020-08-31,1 wk ahead inc death,2020-09-05,48,quantile,0.85,1234.91666666667,mean
2020-08-31,2020-08-31,1 wk ahead inc death,2020-09-05,48,quantile,0.9,1323.4,mean
2020-08-31,2020-08-31,1 wk ahead inc death,2020-09-05,48,quantile,0.95,1466.35,mean
2020-08-31,2020-08-31,1 wk ahead inc death,2020-09-05,48,quantile,0.975,1582.575,mean
2020-08-31,2020-08-31,1 wk ahead inc death,2020-09-05,48,quantile,0.99,1710.16333333333,mean
2020-08-31,2020-08-31,2 wk ahead inc death,2020-09-12,48,point,,897,mean
2020-08-31,2020-08-31,2 wk ahead inc death,2020-09-12,48,quantile,0.01,305.63,mean
2020-08-31,2020-08-31,2 wk ahead inc death,2020-09-12,48,quantile,0.025,368.641666666667,mean
2020-08-31,2020-08-31,2 wk ahead inc death,2020-09-12,48,quantile,0.05,417.05,mean
2020-08-31,2020-08-31,2 wk ahead inc death,2020-09-12,48,quantile,0.1,504.9,mean
2020-08-31,2020-08-31,2 wk ahead inc death,2020-09-12,48,quantile,0.15,562.133333333333,mean
2020-08-31,2020-08-31,2 wk ahead inc death,2020-09-12,48,quantile,0.2,619.133333333333,mean
2020-08-31,2020-08-31,2 wk ahead inc death,2020-09-12,48,quantile,0.25,672.75,mean
2020-08-31,2020-08-31,2 wk ahead inc death,2020-09-12,48,quantile,0.3,724.366666666667,mean
2020-08-31,2020-08-31,2 wk ahead inc death,2020-09-12,48,quantile,0.35,762.55,mean
2020-08-31,2020-08-31,2 wk ahead inc death,2020-09-12,48,quantile,0.4,806.733333333333,mean
2020-08-31,2020-08-31,2 wk ahead inc death,2020-09-12,48,quantile,0.45,850.85,mean
2020-08-31,2020-08-31,2 wk ahead inc death,2020-09-12,48,quantile,0.5,897,mean
2020-08-31,2020-08-31,2 wk ahead inc death,2020-09-12,48,quantile,0.55,940.816666666667,mean
2020-08-31,2020-08-31,2 wk ahead inc death,2020-09-12,48,quantile,0.6,988.266666666667,mean
2020-08-31,2020-08-31,2 wk ahead inc death,2020-09-12,48,quantile,0.65,1041.35,mean
2020-08-31,2020-08-31,2 wk ahead inc death,2020-09-12,48,quantile,0.7,1102.16666666667,mean
2020-08-31,2020-08-31,2 wk ahead inc death,2020-09-12,48,quantile,0.75,1161.5,mean
2020-08-31,2020-08-31,2 wk ahead inc death,2020-09-12,48,quantile,0.8,1230.93333333333,mean
2020-08-31,2020-08-31,2 wk ahead inc death,2020-09-12,48,quantile,0.85,1317.43333333333,mean
2020-08-31,2020-08-31,2 wk ahead inc death,2020-09-12,48,quantile,0.9,1424.73333333333,mean
2020-08-31,2020-08-31,2 wk ahead inc death,2020-09-12,48,quantile,0.95,1598.11666666667,mean
2020-08-31,2020-08-31,2 wk ahead inc death,2020-09-12,48,quantile,0.975,1769.725,mean
2020-08-31,2020-08-31,2 wk ahead inc death,2020-09-12,48,quantile,0.99,1920.04,mean
2020-08-31,2020-08-31,3 wk ahead inc death,2020-09-19,48,point,,823.833333333333,mean
2020-08-31,2020-08-31,3 wk ahead inc death,2020-09-19,48,quantile,0.01,219.636666666667,mean
2020-08-31,2020-08-31,3 wk ahead inc death,2020-09-19,48,quantile,0.025,269.291666666667,mean
2020-08-31,2020-08-31,3 wk ahead inc death,2020-09-19,48,quantile,0.05,326.516666666667,mean
2020-08-31,2020-08-31,3 wk ahead inc death,2020-09-19,48,quantile,0.1,420.2,mean
2020-08-31,2020-08-31,3 wk ahead inc death,2020-09-19,48,quantile,0.15,488.566666666667,mean
2020-08-31,2020-08-31,3 wk ahead inc death,2020-09-19,48,quantile,0.2,537.533333333333,mean
2020-08-31,2020-08-31,3 wk ahead inc death,2020-09-19,48,quantile,0.25,586.583333333333,mean
2020-08-31,2020-08-31,3 wk ahead inc death,2020-09-19,48,quantile,0.3,642.233333333333,mean
2020-08-31,2020-08-31,3 wk ahead inc death,2020-09-19,48,quantile,0.35,684.433333333333,mean
2020-08-31,2020-08-31,3 wk ahead inc death,2020-09-19,48,quantile,0.4,728.6,mean
2020-08-31,2020-08-31,3 wk ahead inc death,2020-09-19,48,quantile,0.45,776.216666666667,mean
2020-08-31,2020-08-31,3 wk ahead inc death,2020-09-19,48,quantile,0.5,823.833333333333,mean
2020-08-31,2020-08-31,3 wk ahead inc death,2020-09-19,48,quantile,0.55,879.483333333333,mean
2020-08-31,2020-08-31,3 wk ahead inc death,2020-09-19,48,quantile,0.6,926,mean
2020-08-31,2020-08-31,3 wk ahead inc death,2020-09-19,48,quantile,0.65,984.566666666667,mean
2020-08-31,2020-08-31,3 wk ahead inc death,2020-09-19,48,quantile,0.7,1038.86666666667,mean
2020-08-31,2020-08-31,3 wk ahead inc death,2020-09-19,48,quantile,0.75,1104.33333333333,mean
2020-08-31,2020-08-31,3 wk ahead inc death,2020-09-19,48,quantile,0.8,1188.2,mean
2020-08-31,2020-08-31,3 wk ahead inc death,2020-09-19,48,quantile,0.85,1282.68333333333,mean
2020-08-31,2020-08-31,3 wk ahead inc death,2020-09-19,48,quantile,0.9,1403.5,mean
2020-08-31,2020-08-31,3 wk ahead inc death,2020-09-19,48,quantile,0.95,1592.7,mean
2020-08-31,2020-08-31,3 wk ahead inc death,2020-09-19,48,quantile,0.975,1784.78333333333,mean
2020-08-31,2020-08-31,3 wk ahead inc death,2020-09-19,48,quantile,0.99,1939.83,mean
2020-08-31,2020-08-31,4 wk ahead inc death,2020-09-26,48,point,,775.833333333333,mean
2020-08-31,2020-08-31,4 wk ahead inc death,2020-09-26,48,quantile,0.01,163.2,mean
2020-08-31,2020-08-31,4 wk ahead inc death,2020-09-26,48,quantile,0.025,224.283333333333,mean
2020-08-31,2020-08-31,4 wk ahead inc death,2020-09-26,48,quantile,0.05,283.883333333333,mean
2020-08-31,2020-08-31,4 wk ahead inc death,2020-09-26,48,quantile,0.1,369.3,mean
2020-08-31,2020-08-31,4 wk ahead inc death,2020-09-26,48,quantile,0.15,437.95,mean
2020-08-31,2020-08-31,4 wk ahead inc death,2020-09-26,48,quantile,0.2,494.266666666667,mean
2020-08-31,2020-08-31,4 wk ahead inc death,2020-09-26,48,quantile,0.25,539.75,mean
2020-08-31,2020-08-31,4 wk ahead inc death,2020-09-26,48,quantile,0.3,591.333333333333,mean
2020-08-31,2020-08-31,4 wk ahead inc death,2020-09-26,48,quantile,0.35,641.533333333333,mean
2020-08-31,2020-08-31,4 wk ahead inc death,2020-09-26,48,quantile,0.4,684.533333333333,mean
2020-08-31,2020-08-31,4 wk ahead inc death,2020-09-26,48,quantile,0.45,729.616666666667,mean
2020-08-31,2020-08-31,4 wk ahead inc death,2020-09-26,48,quantile,0.5,775.833333333333,mean
2020-08-31,2020-08-31,4 wk ahead inc death,2020-09-26,48,quantile,0.55,826.116666666667,mean
2020-08-31,2020-08-31,4 wk ahead inc death,2020-09-26,48,quantile,0.6,877.333333333333,mean
2020-08-31,2020-08-31,4 wk ahead inc death,2020-09-26,48,quantile,0.65,935.45,mean
2020-08-31,2020-08-31,4 wk ahead inc death,2020-09-26,48,quantile,0.7,1003.2,mean
2020-08-31,2020-08-31,4 wk ahead inc death,2020-09-26,48,quantile,0.75,1080.25,mean
2020-08-31,2020-08-31,4 wk ahead inc death,2020-09-26,48,quantile,0.8,1163.86666666667,mean
2020-08-31,2020-08-31,4 wk ahead inc death,2020-09-26,48,quantile,0.85,1274.15,mean
2020-08-31,2020-08-31,4 wk ahead inc death,2020-09-26,48,quantile,0.9,1442.6,mean
2020-08-31,2020-08-31,4 wk ahead inc death,2020-09-26,48,quantile,0.95,1714.41666666667,mean
2020-08-31,2020-08-31,4 wk ahead inc death,2020-09-26,48,quantile,0.975,1902.88333333333,mean
2020-08-31,2020-08-31,4 wk ahead inc death,2020-09-26,48,quantile,0.99,2148.52,mean
2020-08-31,2020-08-31,1 wk ahead inc death,2020-09-05,49,point,,13,mean
2020-08-31,2020-08-31,1 wk ahead inc death,2020-09-05,49,quantile,0.01,3.99666666666667,mean
2020-08-31,2020-08-31,1 wk ahead inc death,2020-09-05,49,quantile,0.025,4.33333333333333,mean
2020-08-31,2020-08-31,1 wk ahead inc death,2020-09-05,49,quantile,0.05,5,mean
2020-08-31,2020-08-31,1 wk ahead inc death,2020-09-05,49,quantile,0.1,6.66666666666667,mean
2020-08-31,2020-08-31,1 wk ahead inc death,2020-09-05,49,quantile,0.15,7.66666666666667,mean
2020-08-31,2020-08-31,1 wk ahead inc death,2020-09-05,49,quantile,0.2,8.33333333333333,mean
2020-08-31,2020-08-31,1 wk ahead inc death,2020-09-05,49,quantile,0.25,9.33333333333333,mean
2020-08-31,2020-08-31,1 wk ahead inc death,2020-09-05,49,quantile,0.3,10.3333333333333,mean
2020-08-31,2020-08-31,1 wk ahead inc death,2020-09-05,49,quantile,0.35,10.3333333333333,mean
2020-08-31,2020-08-31,1 wk ahead inc death,2020-09-05,49,quantile,0.4,11.3333333333333,mean
2020-08-31,2020-08-31,1 wk ahead inc death,2020-09-05,49,quantile,0.45,12.3333333333333,mean
2020-08-31,2020-08-31,1 wk ahead inc death,2020-09-05,49,quantile,0.5,13,mean
2020-08-31,2020-08-31,1 wk ahead inc death,2020-09-05,49,quantile,0.55,13.6666666666667,mean
2020-08-31,2020-08-31,1 wk ahead inc death,2020-09-05,49,quantile,0.6,14.6666666666667,mean
2020-08-31,2020-08-31,1 wk ahead inc death,2020-09-05,49,quantile,0.65,15.3333333333333,mean
2020-08-31,2020-08-31,1 wk ahead inc death,2020-09-05,49,quantile,0.7,16.3333333333333,mean
2020-08-31,2020-08-31,1 wk ahead inc death,2020-09-05,49,quantile,0.75,17.6666666666667,mean
2020-08-31,2020-08-31,1 wk ahead inc death,2020-09-05,49,quantile,0.8,18.6666666666667,mean
2020-08-31,2020-08-31,1 wk ahead inc death,2020-09-05,49,quantile,0.85,20,mean
2020-08-31,2020-08-31,1 wk ahead inc death,2020-09-05,49,quantile,0.9,22,mean
2020-08-31,2020-08-31,1 wk ahead inc death,2020-09-05,49,quantile,0.95,24.6666666666667,mean
2020-08-31,2020-08-31,1 wk ahead inc death,2020-09-05,49,quantile,0.975,26.3416666666667,mean
2020-08-31,2020-08-31,1 wk ahead inc death,2020-09-05,49,quantile,0.99,29.0033333333333,mean
2020-08-31,2020-08-31,2 wk ahead inc death,2020-09-12,49,point,,15.3333333333333,mean
2020-08-31,2020-08-31,2 wk ahead inc death,2020-09-12,49,quantile,0.01,4,mean
2020-08-31,2020-08-31,2 wk ahead inc death,2020-09-12,49,quantile,0.025,5,mean
2020-08-31,2020-08-31,2 wk ahead inc death,2020-09-12,49,quantile,0.05,5.66666666666667,mean
2020-08-31,2020-08-31,2 wk ahead inc death,2020-09-12,49,quantile,0.1,7.66666666666667,mean
2020-08-31,2020-08-31,2 wk ahead inc death,2020-09-12,49,quantile,0.15,8.33333333333333,mean
2020-08-31,2020-08-31,2 wk ahead inc death,2020-09-12,49,quantile,0.2,9.66666666666667,mean
2020-08-31,2020-08-31,2 wk ahead inc death,2020-09-12,49,quantile,0.25,10.9166666666667,mean
2020-08-31,2020-08-31,2 wk ahead inc death,2020-09-12,49,quantile,0.3,11.6666666666667,mean
2020-08-31,2020-08-31,2 wk ahead inc death,2020-09-12,49,quantile,0.35,12.6666666666667,mean
2020-08-31,2020-08-31,2 wk ahead inc death,2020-09-12,49,quantile,0.4,13.6666666666667,mean
2020-08-31,2020-08-31,2 wk ahead inc death,2020-09-12,49,quantile,0.45,14.3333333333333,mean
2020-08-31,2020-08-31,2 wk ahead inc death,2020-09-12,49,quantile,0.5,15.3333333333333,mean
2020-08-31,2020-08-31,2 wk ahead inc death,2020-09-12,49,quantile,0.55,16.3333333333333,mean
2020-08-31,2020-08-31,2 wk ahead inc death,2020-09-12,49,quantile,0.6,17.6666666666667,mean
2020-08-31,2020-08-31,2 wk ahead inc death,2020-09-12,49,quantile,0.65,18.6666666666667,mean
2020-08-31,2020-08-31,2 wk ahead inc death,2020-09-12,49,quantile,0.7,19.3333333333333,mean
2020-08-31,2020-08-31,2 wk ahead inc death,2020-09-12,49,quantile,0.75,21,mean
2020-08-31,2020-08-31,2 wk ahead inc death,2020-09-12,49,quantile,0.8,22.6666666666667,mean
2020-08-31,2020-08-31,2 wk ahead inc death,2020-09-12,49,quantile,0.85,24.3333333333333,mean
2020-08-31,2020-08-31,2 wk ahead inc death,2020-09-12,49,quantile,0.9,26.3666666666667,mean
2020-08-31,2020-08-31,2 wk ahead inc death,2020-09-12,49,quantile,0.95,30.6666666666667,mean
2020-08-31,2020-08-31,2 wk ahead inc death,2020-09-12,49,quantile,0.975,35.0083333333333,mean
2020-08-31,2020-08-31,2 wk ahead inc death,2020-09-12,49,quantile,0.99,38,mean
2020-08-31,2020-08-31,3 wk ahead inc death,2020-09-19,49,point,,15,mean
2020-08-31,2020-08-31,3 wk ahead inc death,2020-09-19,49,quantile,0.01,2.66333333333333,mean
2020-08-31,2020-08-31,3 wk ahead inc death,2020-09-19,49,quantile,0.025,3.66666666666667,mean
2020-08-31,2020-08-31,3 wk ahead inc death,2020-09-19,49,quantile,0.05,4.66666666666667,mean
2020-08-31,2020-08-31,3 wk ahead inc death,2020-09-19,49,quantile,0.1,7,mean
2020-08-31,2020-08-31,3 wk ahead inc death,2020-09-19,49,quantile,0.15,8.33333333333333,mean
2020-08-31,2020-08-31,3 wk ahead inc death,2020-09-19,49,quantile,0.2,9.33333333333333,mean
2020-08-31,2020-08-31,3 wk ahead inc death,2020-09-19,49,quantile,0.25,10.3333333333333,mean
2020-08-31,2020-08-31,3 wk ahead inc death,2020-09-19,49,quantile,0.3,11.3333333333333,mean
2020-08-31,2020-08-31,3 wk ahead inc death,2020-09-19,49,quantile,0.35,12.3333333333333,mean
2020-08-31,2020-08-31,3 wk ahead inc death,2020-09-19,49,quantile,0.4,13.3333333333333,mean
2020-08-31,2020-08-31,3 wk ahead inc death,2020-09-19,49,quantile,0.45,14.3333333333333,mean
2020-08-31,2020-08-31,3 wk ahead inc death,2020-09-19,49,quantile,0.5,15,mean
2020-08-31,2020-08-31,3 wk ahead inc death,2020-09-19,49,quantile,0.55,16.3333333333333,mean
2020-08-31,2020-08-31,3 wk ahead inc death,2020-09-19,49,quantile,0.6,17.3333333333333,mean
2020-08-31,2020-08-31,3 wk ahead inc death,2020-09-19,49,quantile,0.65,18.6666666666667,mean
2020-08-31,2020-08-31,3 wk ahead inc death,2020-09-19,49,quantile,0.7,19.6666666666667,mean
2020-08-31,2020-08-31,3 wk ahead inc death,2020-09-19,49,quantile,0.75,21.3333333333333,mean
2020-08-31,2020-08-31,3 wk ahead inc death,2020-09-19,49,quantile,0.8,23,mean
2020-08-31,2020-08-31,3 wk ahead inc death,2020-09-19,49,quantile,0.85,25.3333333333333,mean
2020-08-31,2020-08-31,3 wk ahead inc death,2020-09-19,49,quantile,0.9,28.3333333333333,mean
2020-08-31,2020-08-31,3 wk ahead inc death,2020-09-19,49,quantile,0.95,33.35,mean
2020-08-31,2020-08-31,3 wk ahead inc death,2020-09-19,49,quantile,0.975,39,mean
2020-08-31,2020-08-31,3 wk ahead inc death,2020-09-19,49,quantile,0.99,43.6933333333333,mean
2020-08-31,2020-08-31,4 wk ahead inc death,2020-09-26,49,point,,15.3333333333333,mean
2020-08-31,2020-08-31,4 wk ahead inc death,2020-09-26,49,quantile,0.01,2.99666666666667,mean
2020-08-31,2020-08-31,4 wk ahead inc death,2020-09-26,49,quantile,0.025,4,mean
2020-08-31,2020-08-31,4 wk ahead inc death,2020-09-26,49,quantile,0.05,5,mean
2020-08-31,2020-08-31,4 wk ahead inc death,2020-09-26,49,quantile,0.1,7,mean
2020-08-31,2020-08-31,4 wk ahead inc death,2020-09-26,49,quantile,0.15,8.33333333333333,mean
2020-08-31,2020-08-31,4 wk ahead inc death,2020-09-26,49,quantile,0.2,9.26666666666667,mean
2020-08-31,2020-08-31,4 wk ahead inc death,2020-09-26,49,quantile,0.25,10.6666666666667,mean
2020-08-31,2020-08-31,4 wk ahead inc death,2020-09-26,49,quantile,0.3,11.3333333333333,mean
2020-08-31,2020-08-31,4 wk ahead inc death,2020-09-26,49,quantile,0.35,12.6666666666667,mean
2020-08-31,2020-08-31,4 wk ahead inc death,2020-09-26,49,quantile,0.4,13.3333333333333,mean
2020-08-31,2020-08-31,4 wk ahead inc death,2020-09-26,49,quantile,0.45,14.6666666666667,mean
2020-08-31,2020-08-31,4 wk ahead inc death,2020-09-26,49,quantile,0.5,15.3333333333333,mean
2020-08-31,2020-08-31,4 wk ahead inc death,2020-09-26,49,quantile,0.55,17.15,mean
2020-08-31,2020-08-31,4 wk ahead inc death,2020-09-26,49,quantile,0.6,18.3333333333333,mean
2020-08-31,2020-08-31,4 wk ahead inc death,2020-09-26,49,quantile,0.65,19.6666666666667,mean
2020-08-31,2020-08-31,4 wk ahead inc death,2020-09-26,49,quantile,0.7,21.1,mean
2020-08-31,2020-08-31,4 wk ahead inc death,2020-09-26,49,quantile,0.75,23,mean
2020-08-31,2020-08-31,4 wk ahead inc death,2020-09-26,49,quantile,0.8,25,mean
2020-08-31,2020-08-31,4 wk ahead inc death,2020-09-26,49,quantile,0.85,28,mean
2020-08-31,2020-08-31,4 wk ahead inc death,2020-09-26,49,quantile,0.9,31.7,mean
2020-08-31,2020-08-31,4 wk ahead inc death,2020-09-26,49,quantile,0.95,38,mean
2020-08-31,2020-08-31,4 wk ahead inc death,2020-09-26,49,quantile,0.975,43.35,mean
2020-08-31,2020-08-31,4 wk ahead inc death,2020-09-26,49,quantile,0.99,51.3433333333333,mean
2020-08-31,2020-08-31,1 wk ahead inc death,2020-09-05,50,point,,0,mean
2020-08-31,2020-08-31,1 wk ahead inc death,2020-09-05,50,quantile,0.01,0,mean
2020-08-31,2020-08-31,1 wk ahead inc death,2020-09-05,50,quantile,0.025,0,mean
2020-08-31,2020-08-31,1 wk ahead inc death,2020-09-05,50,quantile,0.05,0,mean
2020-08-31,2020-08-31,1 wk ahead inc death,2020-09-05,50,quantile,0.1,0,mean
2020-08-31,2020-08-31,1 wk ahead inc death,2020-09-05,50,quantile,0.15,0,mean
2020-08-31,2020-08-31,1 wk ahead inc death,2020-09-05,50,quantile,0.2,0,mean
2020-08-31,2020-08-31,1 wk ahead inc death,2020-09-05,50,quantile,0.25,0,mean
2020-08-31,2020-08-31,1 wk ahead inc death,2020-09-05,50,quantile,0.3,0,mean
2020-08-31,2020-08-31,1 wk ahead inc death,2020-09-05,50,quantile,0.35,0,mean
2020-08-31,2020-08-31,1 wk ahead inc death,2020-09-05,50,quantile,0.4,0,mean
2020-08-31,2020-08-31,1 wk ahead inc death,2020-09-05,50,quantile,0.45,0,mean
2020-08-31,2020-08-31,1 wk ahead inc death,2020-09-05,50,quantile,0.5,0,mean
2020-08-31,2020-08-31,1 wk ahead inc death,2020-09-05,50,quantile,0.55,0,mean
2020-08-31,2020-08-31,1 wk ahead inc death,2020-09-05,50,quantile,0.6,0,mean
2020-08-31,2020-08-31,1 wk ahead inc death,2020-09-05,50,quantile,0.65,0,mean
2020-08-31,2020-08-31,1 wk ahead inc death,2020-09-05,50,quantile,0.7,0,mean
2020-08-31,2020-08-31,1 wk ahead inc death,2020-09-05,50,quantile,0.75,0.666666666666667,mean
2020-08-31,2020-08-31,1 wk ahead inc death,2020-09-05,50,quantile,0.8,0.666666666666667,mean
2020-08-31,2020-08-31,1 wk ahead inc death,2020-09-05,50,quantile,0.85,0.666666666666667,mean
2020-08-31,2020-08-31,1 wk ahead inc death,2020-09-05,50,quantile,0.9,0.666666666666667,mean
2020-08-31,2020-08-31,1 wk ahead inc death,2020-09-05,50,quantile,0.95,1,mean
2020-08-31,2020-08-31,1 wk ahead inc death,2020-09-05,50,quantile,0.975,1.33333333333333,mean
2020-08-31,2020-08-31,1 wk ahead inc death,2020-09-05,50,quantile,0.99,2,mean
2020-08-31,2020-08-31,2 wk ahead inc death,2020-09-12,50,point,,0.333333333333333,mean
2020-08-31,2020-08-31,2 wk ahead inc death,2020-09-12,50,quantile,0.01,0,mean
2020-08-31,2020-08-31,2 wk ahead inc death,2020-09-12,50,quantile,0.025,0,mean
2020-08-31,2020-08-31,2 wk ahead inc death,2020-09-12,50,quantile,0.05,0,mean
2020-08-31,2020-08-31,2 wk ahead inc death,2020-09-12,50,quantile,0.1,0,mean
2020-08-31,2020-08-31,2 wk ahead inc death,2020-09-12,50,quantile,0.15,0,mean
2020-08-31,2020-08-31,2 wk ahead inc death,2020-09-12,50,quantile,0.2,0,mean
2020-08-31,2020-08-31,2 wk ahead inc death,2020-09-12,50,quantile,0.25,0,mean
2020-08-31,2020-08-31,2 wk ahead inc death,2020-09-12,50,quantile,0.3,0,mean
2020-08-31,2020-08-31,2 wk ahead inc death,2020-09-12,50,quantile,0.35,0.333333333333333,mean
2020-08-31,2020-08-31,2 wk ahead inc death,2020-09-12,50,quantile,0.4,0.333333333333333,mean
2020-08-31,2020-08-31,2 wk ahead inc death,2020-09-12,50,quantile,0.45,0.333333333333333,mean
2020-08-31,2020-08-31,2 wk ahead inc death,2020-09-12,50,quantile,0.5,0.333333333333333,mean
2020-08-31,2020-08-31,2 wk ahead inc death,2020-09-12,50,quantile,0.55,0.333333333333333,mean
2020-08-31,2020-08-31,2 wk ahead inc death,2020-09-12,50,quantile,0.6,0.333333333333333,mean
2020-08-31,2020-08-31,2 wk ahead inc death,2020-09-12,50,quantile,0.65,0.666666666666667,mean
2020-08-31,2020-08-31,2 wk ahead inc death,2020-09-12,50,quantile,0.7,0.666666666666667,mean
2020-08-31,2020-08-31,2 wk ahead inc death,2020-09-12,50,quantile,0.75,1,mean
2020-08-31,2020-08-31,2 wk ahead inc death,2020-09-12,50,quantile,0.8,1,mean
2020-08-31,2020-08-31,2 wk ahead inc death,2020-09-12,50,quantile,0.85,1,mean
2020-08-31,2020-08-31,2 wk ahead inc death,2020-09-12,50,quantile,0.9,1.33333333333333,mean
2020-08-31,2020-08-31,2 wk ahead inc death,2020-09-12,50,quantile,0.95,1.66666666666667,mean
2020-08-31,2020-08-31,2 wk ahead inc death,2020-09-12,50,quantile,0.975,2.33333333333333,mean
2020-08-31,2020-08-31,2 wk ahead inc death,2020-09-12,50,quantile,0.99,3,mean
2020-08-31,2020-08-31,3 wk ahead inc death,2020-09-19,50,point,,0.333333333333333,mean
2020-08-31,2020-08-31,3 wk ahead inc death,2020-09-19,50,quantile,0.01,0,mean
2020-08-31,2020-08-31,3 wk ahead inc death,2020-09-19,50,quantile,0.025,0,mean
2020-08-31,2020-08-31,3 wk ahead inc death,2020-09-19,50,quantile,0.05,0,mean
2020-08-31,2020-08-31,3 wk ahead inc death,2020-09-19,50,quantile,0.1,0,mean
2020-08-31,2020-08-31,3 wk ahead inc death,2020-09-19,50,quantile,0.15,0,mean
2020-08-31,2020-08-31,3 wk ahead inc death,2020-09-19,50,quantile,0.2,0,mean
2020-08-31,2020-08-31,3 wk ahead inc death,2020-09-19,50,quantile,0.25,0.333333333333333,mean
2020-08-31,2020-08-31,3 wk ahead inc death,2020-09-19,50,quantile,0.3,0.333333333333333,mean
2020-08-31,2020-08-31,3 wk ahead inc death,2020-09-19,50,quantile,0.35,0.333333333333333,mean
2020-08-31,2020-08-31,3 wk ahead inc death,2020-09-19,50,quantile,0.4,0.333333333333333,mean
2020-08-31,2020-08-31,3 wk ahead inc death,2020-09-19,50,quantile,0.45,0.333333333333333,mean
2020-08-31,2020-08-31,3 wk ahead inc death,2020-09-19,50,quantile,0.5,0.333333333333333,mean
2020-08-31,2020-08-31,3 wk ahead inc death,2020-09-19,50,quantile,0.55,0.333333333333333,mean
2020-08-31,2020-08-31,3 wk ahead inc death,2020-09-19,50,quantile,0.6,1,mean
2020-08-31,2020-08-31,3 wk ahead inc death,2020-09-19,50,quantile,0.65,1,mean
2020-08-31,2020-08-31,3 wk ahead inc death,2020-09-19,50,quantile,0.7,1,mean
2020-08-31,2020-08-31,3 wk ahead inc death,2020-09-19,50,quantile,0.75,1,mean
2020-08-31,2020-08-31,3 wk ahead inc death,2020-09-19,50,quantile,0.8,1,mean
2020-08-31,2020-08-31,3 wk ahead inc death,2020-09-19,50,quantile,0.85,1.66666666666667,mean
2020-08-31,2020-08-31,3 wk ahead inc death,2020-09-19,50,quantile,0.9,1.66666666666667,mean
2020-08-31,2020-08-31,3 wk ahead inc death,2020-09-19,50,quantile,0.95,2.33333333333333,mean
2020-08-31,2020-08-31,3 wk ahead inc death,2020-09-19,50,quantile,0.975,2.66666666666667,mean
2020-08-31,2020-08-31,3 wk ahead inc death,2020-09-19,50,quantile,0.99,3.00666666666666,mean
2020-08-31,2020-08-31,4 wk ahead inc death,2020-09-26,50,point,,0.666666666666667,mean
2020-08-31,2020-08-31,4 wk ahead inc death,2020-09-26,50,quantile,0.01,0,mean
2020-08-31,2020-08-31,4 wk ahead inc death,2020-09-26,50,quantile,0.025,0,mean
2020-08-31,2020-08-31,4 wk ahead inc death,2020-09-26,50,quantile,0.05,0,mean
2020-08-31,2020-08-31,4 wk ahead inc death,2020-09-26,50,quantile,0.1,0,mean
2020-08-31,2020-08-31,4 wk ahead inc death,2020-09-26,50,quantile,0.15,0,mean
2020-08-31,2020-08-31,4 wk ahead inc death,2020-09-26,50,quantile,0.2,0.333333333333333,mean
2020-08-31,2020-08-31,4 wk ahead inc death,2020-09-26,50,quantile,0.25,0.333333333333333,mean
2020-08-31,2020-08-31,4 wk ahead inc death,2020-09-26,50,quantile,0.3,0.333333333333333,mean
2020-08-31,2020-08-31,4 wk ahead inc death,2020-09-26,50,quantile,0.35,0.333333333333333,mean
2020-08-31,2020-08-31,4 wk ahead inc death,2020-09-26,50,quantile,0.4,0.333333333333333,mean
2020-08-31,2020-08-31,4 wk ahead inc death,2020-09-26,50,quantile,0.45,0.333333333333333,mean
2020-08-31,2020-08-31,4 wk ahead inc death,2020-09-26,50,quantile,0.5,0.666666666666667,mean
2020-08-31,2020-08-31,4 wk ahead inc death,2020-09-26,50,quantile,0.55,0.666666666666667,mean
2020-08-31,2020-08-31,4 wk ahead inc death,2020-09-26,50,quantile,0.6,1,mean
2020-08-31,2020-08-31,4 wk ahead inc death,2020-09-26,50,quantile,0.65,1,mean
2020-08-31,2020-08-31,4 wk ahead inc death,2020-09-26,50,quantile,0.7,1,mean
2020-08-31,2020-08-31,4 wk ahead inc death,2020-09-26,50,quantile,0.75,1.33333333333333,mean
2020-08-31,2020-08-31,4 wk ahead inc death,2020-09-26,50,quantile,0.8,1.33333333333333,mean
2020-08-31,2020-08-31,4 wk ahead inc death,2020-09-26,50,quantile,0.85,1.66666666666667,mean
2020-08-31,2020-08-31,4 wk ahead inc death,2020-09-26,50,quantile,0.9,1.66666666666667,mean
2020-08-31,2020-08-31,4 wk ahead inc death,2020-09-26,50,quantile,0.95,2.66666666666667,mean
2020-08-31,2020-08-31,4 wk ahead inc death,2020-09-26,50,quantile,0.975,3,mean
2020-08-31,2020-08-31,4 wk ahead inc death,2020-09-26,50,quantile,0.99,4,mean
2020-08-31,2020-08-31,1 wk ahead inc death,2020-09-05,51,point,,95.6666666666667,mean
2020-08-31,2020-08-31,1 wk ahead inc death,2020-09-05,51,quantile,0.01,44.3233333333333,mean
2020-08-31,2020-08-31,1 wk ahead inc death,2020-09-05,51,quantile,0.025,49.325,mean
2020-08-31,2020-08-31,1 wk ahead inc death,2020-09-05,51,quantile,0.05,54.65,mean
2020-08-31,2020-08-31,1 wk ahead inc death,2020-09-05,51,quantile,0.1,62,mean
2020-08-31,2020-08-31,1 wk ahead inc death,2020-09-05,51,quantile,0.15,67,mean
2020-08-31,2020-08-31,1 wk ahead inc death,2020-09-05,51,quantile,0.2,71.3333333333333,mean
2020-08-31,2020-08-31,1 wk ahead inc death,2020-09-05,51,quantile,0.25,75.3333333333333,mean
2020-08-31,2020-08-31,1 wk ahead inc death,2020-09-05,51,quantile,0.3,79.5666666666667,mean
2020-08-31,2020-08-31,1 wk ahead inc death,2020-09-05,51,quantile,0.35,83.4333333333333,mean
2020-08-31,2020-08-31,1 wk ahead inc death,2020-09-05,51,quantile,0.4,87.3333333333333,mean
2020-08-31,2020-08-31,1 wk ahead inc death,2020-09-05,51,quantile,0.45,91.3333333333333,mean
2020-08-31,2020-08-31,1 wk ahead inc death,2020-09-05,51,quantile,0.5,95.6666666666667,mean
2020-08-31,2020-08-31,1 wk ahead inc death,2020-09-05,51,quantile,0.55,99.6666666666667,mean
2020-08-31,2020-08-31,1 wk ahead inc death,2020-09-05,51,quantile,0.6,104.333333333333,mean
2020-08-31,2020-08-31,1 wk ahead inc death,2020-09-05,51,quantile,0.65,108.566666666667,mean
2020-08-31,2020-08-31,1 wk ahead inc death,2020-09-05,51,quantile,0.7,113.766666666667,mean
2020-08-31,2020-08-31,1 wk ahead inc death,2020-09-05,51,quantile,0.75,119.75,mean
2020-08-31,2020-08-31,1 wk ahead inc death,2020-09-05,51,quantile,0.8,126.666666666667,mean
2020-08-31,2020-08-31,1 wk ahead inc death,2020-09-05,51,quantile,0.85,134.666666666667,mean
2020-08-31,2020-08-31,1 wk ahead inc death,2020-09-05,51,quantile,0.9,144,mean
2020-08-31,2020-08-31,1 wk ahead inc death,2020-09-05,51,quantile,0.95,158.35,mean
2020-08-31,2020-08-31,1 wk ahead inc death,2020-09-05,51,quantile,0.975,175.033333333333,mean
2020-08-31,2020-08-31,1 wk ahead inc death,2020-09-05,51,quantile,0.99,190.013333333333,mean
2020-08-31,2020-08-31,2 wk ahead inc death,2020-09-12,51,point,,106.166666666667,mean
2020-08-31,2020-08-31,2 wk ahead inc death,2020-09-12,51,quantile,0.01,41,mean
2020-08-31,2020-08-31,2 wk ahead inc death,2020-09-12,51,quantile,0.025,48.325,mean
2020-08-31,2020-08-31,2 wk ahead inc death,2020-09-12,51,quantile,0.05,54,mean
2020-08-31,2020-08-31,2 wk ahead inc death,2020-09-12,51,quantile,0.1,62.3,mean
2020-08-31,2020-08-31,2 wk ahead inc death,2020-09-12,51,quantile,0.15,68.6666666666667,mean
2020-08-31,2020-08-31,2 wk ahead inc death,2020-09-12,51,quantile,0.2,74.3333333333333,mean
2020-08-31,2020-08-31,2 wk ahead inc death,2020-09-12,51,quantile,0.25,79.3333333333333,mean
2020-08-31,2020-08-31,2 wk ahead inc death,2020-09-12,51,quantile,0.3,85.2333333333333,mean
2020-08-31,2020-08-31,2 wk ahead inc death,2020-09-12,51,quantile,0.35,90,mean
2020-08-31,2020-08-31,2 wk ahead inc death,2020-09-12,51,quantile,0.4,95,mean
2020-08-31,2020-08-31,2 wk ahead inc death,2020-09-12,51,quantile,0.45,100.333333333333,mean
2020-08-31,2020-08-31,2 wk ahead inc death,2020-09-12,51,quantile,0.5,106.166666666667,mean
2020-08-31,2020-08-31,2 wk ahead inc death,2020-09-12,51,quantile,0.55,112.333333333333,mean
2020-08-31,2020-08-31,2 wk ahead inc death,2020-09-12,51,quantile,0.6,118,mean
2020-08-31,2020-08-31,2 wk ahead inc death,2020-09-12,51,quantile,0.65,125.333333333333,mean
2020-08-31,2020-08-31,2 wk ahead inc death,2020-09-12,51,quantile,0.7,132.666666666667,mean
2020-08-31,2020-08-31,2 wk ahead inc death,2020-09-12,51,quantile,0.75,140.666666666667,mean
2020-08-31,2020-08-31,2 wk ahead inc death,2020-09-12,51,quantile,0.8,151.4,mean
2020-08-31,2020-08-31,2 wk ahead inc death,2020-09-12,51,quantile,0.85,164,mean
2020-08-31,2020-08-31,2 wk ahead inc death,2020-09-12,51,quantile,0.9,182.366666666667,mean
2020-08-31,2020-08-31,2 wk ahead inc death,2020-09-12,51,quantile,0.95,208.016666666667,mean
2020-08-31,2020-08-31,2 wk ahead inc death,2020-09-12,51,quantile,0.975,224.016666666667,mean
2020-08-31,2020-08-31,2 wk ahead inc death,2020-09-12,51,quantile,0.99,250.693333333333,mean
2020-08-31,2020-08-31,3 wk ahead inc death,2020-09-19,51,point,,113.666666666667,mean
2020-08-31,2020-08-31,3 wk ahead inc death,2020-09-19,51,quantile,0.01,39.33,mean
2020-08-31,2020-08-31,3 wk ahead inc death,2020-09-19,51,quantile,0.025,43.6583333333333,mean
2020-08-31,2020-08-31,3 wk ahead inc death,2020-09-19,51,quantile,0.05,50.6666666666667,mean
2020-08-31,2020-08-31,3 wk ahead inc death,2020-09-19,51,quantile,0.1,60.6666666666667,mean
2020-08-31,2020-08-31,3 wk ahead inc death,2020-09-19,51,quantile,0.15,68.6666666666667,mean
2020-08-31,2020-08-31,3 wk ahead inc death,2020-09-19,51,quantile,0.2,74.6666666666667,mean
2020-08-31,2020-08-31,3 wk ahead inc death,2020-09-19,51,quantile,0.25,81,mean
2020-08-31,2020-08-31,3 wk ahead inc death,2020-09-19,51,quantile,0.3,87.6666666666667,mean
2020-08-31,2020-08-31,3 wk ahead inc death,2020-09-19,51,quantile,0.35,93.2166666666667,mean
2020-08-31,2020-08-31,3 wk ahead inc death,2020-09-19,51,quantile,0.4,100.333333333333,mean
2020-08-31,2020-08-31,3 wk ahead inc death,2020-09-19,51,quantile,0.45,107,mean
2020-08-31,2020-08-31,3 wk ahead inc death,2020-09-19,51,quantile,0.5,113.666666666667,mean
2020-08-31,2020-08-31,3 wk ahead inc death,2020-09-19,51,quantile,0.55,119.816666666667,mean
2020-08-31,2020-08-31,3 wk ahead inc death,2020-09-19,51,quantile,0.6,126.133333333333,mean
2020-08-31,2020-08-31,3 wk ahead inc death,2020-09-19,51,quantile,0.65,136.666666666667,mean
2020-08-31,2020-08-31,3 wk ahead inc death,2020-09-19,51,quantile,0.7,146.1,mean
2020-08-31,2020-08-31,3 wk ahead inc death,2020-09-19,51,quantile,0.75,158,mean
2020-08-31,2020-08-31,3 wk ahead inc death,2020-09-19,51,quantile,0.8,174,mean
2020-08-31,2020-08-31,3 wk ahead inc death,2020-09-19,51,quantile,0.85,193.05,mean
2020-08-31,2020-08-31,3 wk ahead inc death,2020-09-19,51,quantile,0.9,223.366666666667,mean
2020-08-31,2020-08-31,3 wk ahead inc death,2020-09-19,51,quantile,0.95,261.7,mean
2020-08-31,2020-08-31,3 wk ahead inc death,2020-09-19,51,quantile,0.975,292.666666666667,mean
2020-08-31,2020-08-31,3 wk ahead inc death,2020-09-19,51,quantile,0.99,327.36,mean
2020-08-31,2020-08-31,4 wk ahead inc death,2020-09-26,51,point,,120,mean
2020-08-31,2020-08-31,4 wk ahead inc death,2020-09-26,51,quantile,0.01,36.33,mean
2020-08-31,2020-08-31,4 wk ahead inc death,2020-09-26,51,quantile,0.025,42.3083333333333,mean
2020-08-31,2020-08-31,4 wk ahead inc death,2020-09-26,51,quantile,0.05,49.3333333333333,mean
2020-08-31,2020-08-31,4 wk ahead inc death,2020-09-26,51,quantile,0.1,61,mean
2020-08-31,2020-08-31,4 wk ahead inc death,2020-09-26,51,quantile,0.15,70,mean
2020-08-31,2020-08-31,4 wk ahead inc death,2020-09-26,51,quantile,0.2,77.9333333333333,mean
2020-08-31,2020-08-31,4 wk ahead inc death,2020-09-26,51,quantile,0.25,85,mean
2020-08-31,2020-08-31,4 wk ahead inc death,2020-09-26,51,quantile,0.3,92,mean
2020-08-31,2020-08-31,4 wk ahead inc death,2020-09-26,51,quantile,0.35,98.3333333333333,mean
2020-08-31,2020-08-31,4 wk ahead inc death,2020-09-26,51,quantile,0.4,105.333333333333,mean
2020-08-31,2020-08-31,4 wk ahead inc death,2020-09-26,51,quantile,0.45,112,mean
2020-08-31,2020-08-31,4 wk ahead inc death,2020-09-26,51,quantile,0.5,120,mean
2020-08-31,2020-08-31,4 wk ahead inc death,2020-09-26,51,quantile,0.55,128.666666666667,mean
2020-08-31,2020-08-31,4 wk ahead inc death,2020-09-26,51,quantile,0.6,139,mean
2020-08-31,2020-08-31,4 wk ahead inc death,2020-09-26,51,quantile,0.65,151,mean
2020-08-31,2020-08-31,4 wk ahead inc death,2020-09-26,51,quantile,0.7,164,mean
2020-08-31,2020-08-31,4 wk ahead inc death,2020-09-26,51,quantile,0.75,180.083333333333,mean
2020-08-31,2020-08-31,4 wk ahead inc death,2020-09-26,51,quantile,0.8,200,mean
2020-08-31,2020-08-31,4 wk ahead inc death,2020-09-26,51,quantile,0.85,235.383333333333,mean
2020-08-31,2020-08-31,4 wk ahead inc death,2020-09-26,51,quantile,0.9,277.733333333333,mean
2020-08-31,2020-08-31,4 wk ahead inc death,2020-09-26,51,quantile,0.95,342.7,mean
2020-08-31,2020-08-31,4 wk ahead inc death,2020-09-26,51,quantile,0.975,406.666666666667,mean
2020-08-31,2020-08-31,4 wk ahead inc death,2020-09-26,51,quantile,0.99,472.393333333333,mean
2020-08-31,2020-08-31,1 wk ahead inc death,2020-09-05,53,point,,57.3333333333333,mean
2020-08-31,2020-08-31,1 wk ahead inc death,2020-09-05,53,quantile,0.01,25,mean
2020-08-31,2020-08-31,1 wk ahead inc death,2020-09-05,53,quantile,0.025,27.6666666666667,mean
2020-08-31,2020-08-31,1 wk ahead inc death,2020-09-05,53,quantile,0.05,31.6666666666667,mean
2020-08-31,2020-08-31,1 wk ahead inc death,2020-09-05,53,quantile,0.1,35.6666666666667,mean
2020-08-31,2020-08-31,1 wk ahead inc death,2020-09-05,53,quantile,0.15,39.6666666666667,mean
2020-08-31,2020-08-31,1 wk ahead inc death,2020-09-05,53,quantile,0.2,42.6666666666667,mean
2020-08-31,2020-08-31,1 wk ahead inc death,2020-09-05,53,quantile,0.25,45,mean
2020-08-31,2020-08-31,1 wk ahead inc death,2020-09-05,53,quantile,0.3,47.6666666666667,mean
2020-08-31,2020-08-31,1 wk ahead inc death,2020-09-05,53,quantile,0.35,49.6666666666667,mean
2020-08-31,2020-08-31,1 wk ahead inc death,2020-09-05,53,quantile,0.4,52.5333333333333,mean
2020-08-31,2020-08-31,1 wk ahead inc death,2020-09-05,53,quantile,0.45,55,mean
2020-08-31,2020-08-31,1 wk ahead inc death,2020-09-05,53,quantile,0.5,57.3333333333333,mean
2020-08-31,2020-08-31,1 wk ahead inc death,2020-09-05,53,quantile,0.55,60.3333333333333,mean
2020-08-31,2020-08-31,1 wk ahead inc death,2020-09-05,53,quantile,0.6,63.3333333333333,mean
2020-08-31,2020-08-31,1 wk ahead inc death,2020-09-05,53,quantile,0.65,66.6666666666667,mean
2020-08-31,2020-08-31,1 wk ahead inc death,2020-09-05,53,quantile,0.7,70,mean
2020-08-31,2020-08-31,1 wk ahead inc death,2020-09-05,53,quantile,0.75,73.75,mean
2020-08-31,2020-08-31,1 wk ahead inc death,2020-09-05,53,quantile,0.8,78.3333333333333,mean
2020-08-31,2020-08-31,1 wk ahead inc death,2020-09-05,53,quantile,0.85,83.0000000000001,mean
2020-08-31,2020-08-31,1 wk ahead inc death,2020-09-05,53,quantile,0.9,90.3333333333334,mean
2020-08-31,2020-08-31,1 wk ahead inc death,2020-09-05,53,quantile,0.95,100.35,mean
2020-08-31,2020-08-31,1 wk ahead inc death,2020-09-05,53,quantile,0.975,109.35,mean
2020-08-31,2020-08-31,1 wk ahead inc death,2020-09-05,53,quantile,0.99,119.673333333333,mean
2020-08-31,2020-08-31,2 wk ahead inc death,2020-09-12,53,point,,59.6666666666667,mean
2020-08-31,2020-08-31,2 wk ahead inc death,2020-09-12,53,quantile,0.01,17.33,mean
2020-08-31,2020-08-31,2 wk ahead inc death,2020-09-12,53,quantile,0.025,22.3166666666667,mean
2020-08-31,2020-08-31,2 wk ahead inc death,2020-09-12,53,quantile,0.05,26.3,mean
2020-08-31,2020-08-31,2 wk ahead inc death,2020-09-12,53,quantile,0.1,32.3333333333333,mean
2020-08-31,2020-08-31,2 wk ahead inc death,2020-09-12,53,quantile,0.15,36.6666666666667,mean
2020-08-31,2020-08-31,2 wk ahead inc death,2020-09-12,53,quantile,0.2,40.3333333333333,mean
2020-08-31,2020-08-31,2 wk ahead inc death,2020-09-12,53,quantile,0.25,43.3333333333333,mean
2020-08-31,2020-08-31,2 wk ahead inc death,2020-09-12,53,quantile,0.3,46,mean
2020-08-31,2020-08-31,2 wk ahead inc death,2020-09-12,53,quantile,0.35,50,mean
2020-08-31,2020-08-31,2 wk ahead inc death,2020-09-12,53,quantile,0.4,53.3333333333333,mean
2020-08-31,2020-08-31,2 wk ahead inc death,2020-09-12,53,quantile,0.45,56.3333333333333,mean
2020-08-31,2020-08-31,2 wk ahead inc death,2020-09-12,53,quantile,0.5,59.6666666666667,mean
2020-08-31,2020-08-31,2 wk ahead inc death,2020-09-12,53,quantile,0.55,64,mean
2020-08-31,2020-08-31,2 wk ahead inc death,2020-09-12,53,quantile,0.6,67.3333333333333,mean
2020-08-31,2020-08-31,2 wk ahead inc death,2020-09-12,53,quantile,0.65,70.4500000000001,mean
2020-08-31,2020-08-31,2 wk ahead inc death,2020-09-12,53,quantile,0.7,74.6666666666667,mean
2020-08-31,2020-08-31,2 wk ahead inc death,2020-09-12,53,quantile,0.75,79.6666666666667,mean
2020-08-31,2020-08-31,2 wk ahead inc death,2020-09-12,53,quantile,0.8,85.0666666666667,mean
2020-08-31,2020-08-31,2 wk ahead inc death,2020-09-12,53,quantile,0.85,90.6666666666667,mean
2020-08-31,2020-08-31,2 wk ahead inc death,2020-09-12,53,quantile,0.9,99.4,mean
2020-08-31,2020-08-31,2 wk ahead inc death,2020-09-12,53,quantile,0.95,111,mean
2020-08-31,2020-08-31,2 wk ahead inc death,2020-09-12,53,quantile,0.975,119.675,mean
2020-08-31,2020-08-31,2 wk ahead inc death,2020-09-12,53,quantile,0.99,136.343333333333,mean
2020-08-31,2020-08-31,3 wk ahead inc death,2020-09-19,53,point,,57.6666666666667,mean
2020-08-31,2020-08-31,3 wk ahead inc death,2020-09-19,53,quantile,0.01,12,mean
2020-08-31,2020-08-31,3 wk ahead inc death,2020-09-19,53,quantile,0.025,17.3333333333333,mean
2020-08-31,2020-08-31,3 wk ahead inc death,2020-09-19,53,quantile,0.05,22.3333333333333,mean
2020-08-31,2020-08-31,3 wk ahead inc death,2020-09-19,53,quantile,0.1,28.6333333333333,mean
2020-08-31,2020-08-31,3 wk ahead inc death,2020-09-19,53,quantile,0.15,32.6666666666667,mean
2020-08-31,2020-08-31,3 wk ahead inc death,2020-09-19,53,quantile,0.2,37.3333333333333,mean
2020-08-31,2020-08-31,3 wk ahead inc death,2020-09-19,53,quantile,0.25,41,mean
2020-08-31,2020-08-31,3 wk ahead inc death,2020-09-19,53,quantile,0.3,44.3333333333333,mean
2020-08-31,2020-08-31,3 wk ahead inc death,2020-09-19,53,quantile,0.35,47.3333333333333,mean
2020-08-31,2020-08-31,3 wk ahead inc death,2020-09-19,53,quantile,0.4,50.6666666666667,mean
2020-08-31,2020-08-31,3 wk ahead inc death,2020-09-19,53,quantile,0.45,54,mean
2020-08-31,2020-08-31,3 wk ahead inc death,2020-09-19,53,quantile,0.5,57.6666666666667,mean
2020-08-31,2020-08-31,3 wk ahead inc death,2020-09-19,53,quantile,0.55,62,mean
2020-08-31,2020-08-31,3 wk ahead inc death,2020-09-19,53,quantile,0.6,66.3333333333333,mean
2020-08-31,2020-08-31,3 wk ahead inc death,2020-09-19,53,quantile,0.65,70.3333333333333,mean
2020-08-31,2020-08-31,3 wk ahead inc death,2020-09-19,53,quantile,0.7,75.3333333333333,mean
2020-08-31,2020-08-31,3 wk ahead inc death,2020-09-19,53,quantile,0.75,80.4166666666667,mean
2020-08-31,2020-08-31,3 wk ahead inc death,2020-09-19,53,quantile,0.8,86,mean
2020-08-31,2020-08-31,3 wk ahead inc death,2020-09-19,53,quantile,0.85,93.3333333333333,mean
2020-08-31,2020-08-31,3 wk ahead inc death,2020-09-19,53,quantile,0.9,102.666666666667,mean
2020-08-31,2020-08-31,3 wk ahead inc death,2020-09-19,53,quantile,0.95,116.7,mean
2020-08-31,2020-08-31,3 wk ahead inc death,2020-09-19,53,quantile,0.975,127.666666666667,mean
2020-08-31,2020-08-31,3 wk ahead inc death,2020-09-19,53,quantile,0.99,142.343333333333,mean
2020-08-31,2020-08-31,4 wk ahead inc death,2020-09-26,53,point,,56.6666666666667,mean
2020-08-31,2020-08-31,4 wk ahead inc death,2020-09-26,53,quantile,0.01,10,mean
2020-08-31,2020-08-31,4 wk ahead inc death,2020-09-26,53,quantile,0.025,14.6666666666667,mean
2020-08-31,2020-08-31,4 wk ahead inc death,2020-09-26,53,quantile,0.05,19,mean
2020-08-31,2020-08-31,4 wk ahead inc death,2020-09-26,53,quantile,0.1,24.6666666666667,mean
2020-08-31,2020-08-31,4 wk ahead inc death,2020-09-26,53,quantile,0.15,29.2833333333333,mean
2020-08-31,2020-08-31,4 wk ahead inc death,2020-09-26,53,quantile,0.2,33,mean
2020-08-31,2020-08-31,4 wk ahead inc death,2020-09-26,53,quantile,0.25,37,mean
2020-08-31,2020-08-31,4 wk ahead inc death,2020-09-26,53,quantile,0.3,40.3333333333333,mean
2020-08-31,2020-08-31,4 wk ahead inc death,2020-09-26,53,quantile,0.35,44,mean
2020-08-31,2020-08-31,4 wk ahead inc death,2020-09-26,53,quantile,0.4,49,mean
2020-08-31,2020-08-31,4 wk ahead inc death,2020-09-26,53,quantile,0.45,52.3333333333333,mean
2020-08-31,2020-08-31,4 wk ahead inc death,2020-09-26,53,quantile,0.5,56.6666666666667,mean
2020-08-31,2020-08-31,4 wk ahead inc death,2020-09-26,53,quantile,0.55,61,mean
2020-08-31,2020-08-31,4 wk ahead inc death,2020-09-26,53,quantile,0.6,65.6666666666667,mean
2020-08-31,2020-08-31,4 wk ahead inc death,2020-09-26,53,quantile,0.65,70.0000000000001,mean
2020-08-31,2020-08-31,4 wk ahead inc death,2020-09-26,53,quantile,0.7,75.6666666666667,mean
2020-08-31,2020-08-31,4 wk ahead inc death,2020-09-26,53,quantile,0.75,82,mean
2020-08-31,2020-08-31,4 wk ahead inc death,2020-09-26,53,quantile,0.8,88.6666666666667,mean
2020-08-31,2020-08-31,4 wk ahead inc death,2020-09-26,53,quantile,0.85,98.05,mean
2020-08-31,2020-08-31,4 wk ahead inc death,2020-09-26,53,quantile,0.9,110.033333333333,mean
2020-08-31,2020-08-31,4 wk ahead inc death,2020-09-26,53,quantile,0.95,126.333333333333,mean
2020-08-31,2020-08-31,4 wk ahead inc death,2020-09-26,53,quantile,0.975,140.683333333333,mean
2020-08-31,2020-08-31,4 wk ahead inc death,2020-09-26,53,quantile,0.99,160.39,mean
2020-08-31,2020-08-31,1 wk ahead inc death,2020-09-05,54,point,,25.5,mean
2020-08-31,2020-08-31,1 wk ahead inc death,2020-09-05,54,quantile,0.01,8.33333333333333,mean
2020-08-31,2020-08-31,1 wk ahead inc death,2020-09-05,54,quantile,0.025,9.66666666666667,mean
2020-08-31,2020-08-31,1 wk ahead inc death,2020-09-05,54,quantile,0.05,11.3166666666667,mean
2020-08-31,2020-08-31,1 wk ahead inc death,2020-09-05,54,quantile,0.1,13.3333333333333,mean
2020-08-31,2020-08-31,1 wk ahead inc death,2020-09-05,54,quantile,0.15,14.6666666666667,mean
2020-08-31,2020-08-31,1 wk ahead inc death,2020-09-05,54,quantile,0.2,16.6666666666667,mean
2020-08-31,2020-08-31,1 wk ahead inc death,2020-09-05,54,quantile,0.25,18,mean
2020-08-31,2020-08-31,1 wk ahead inc death,2020-09-05,54,quantile,0.3,19.6666666666667,mean
2020-08-31,2020-08-31,1 wk ahead inc death,2020-09-05,54,quantile,0.35,21,mean
2020-08-31,2020-08-31,1 wk ahead inc death,2020-09-05,54,quantile,0.4,22,mean
2020-08-31,2020-08-31,1 wk ahead inc death,2020-09-05,54,quantile,0.45,24,mean
2020-08-31,2020-08-31,1 wk ahead inc death,2020-09-05,54,quantile,0.5,25.5,mean
2020-08-31,2020-08-31,1 wk ahead inc death,2020-09-05,54,quantile,0.55,26.6666666666667,mean
2020-08-31,2020-08-31,1 wk ahead inc death,2020-09-05,54,quantile,0.6,28.6666666666667,mean
2020-08-31,2020-08-31,1 wk ahead inc death,2020-09-05,54,quantile,0.65,30.3333333333333,mean
2020-08-31,2020-08-31,1 wk ahead inc death,2020-09-05,54,quantile,0.7,32,mean
2020-08-31,2020-08-31,1 wk ahead inc death,2020-09-05,54,quantile,0.75,34.3333333333333,mean
2020-08-31,2020-08-31,1 wk ahead inc death,2020-09-05,54,quantile,0.8,37.3333333333333,mean
2020-08-31,2020-08-31,1 wk ahead inc death,2020-09-05,54,quantile,0.85,39.6666666666667,mean
2020-08-31,2020-08-31,1 wk ahead inc death,2020-09-05,54,quantile,0.9,44.0333333333334,mean
2020-08-31,2020-08-31,1 wk ahead inc death,2020-09-05,54,quantile,0.95,49,mean
2020-08-31,2020-08-31,1 wk ahead inc death,2020-09-05,54,quantile,0.975,54.3333333333333,mean
2020-08-31,2020-08-31,1 wk ahead inc death,2020-09-05,54,quantile,0.99,60.3333333333333,mean
2020-08-31,2020-08-31,2 wk ahead inc death,2020-09-12,54,point,,34,mean
2020-08-31,2020-08-31,2 wk ahead inc death,2020-09-12,54,quantile,0.01,8.66666666666667,mean
2020-08-31,2020-08-31,2 wk ahead inc death,2020-09-12,54,quantile,0.025,10.3333333333333,mean
2020-08-31,2020-08-31,2 wk ahead inc death,2020-09-12,54,quantile,0.05,12.6666666666667,mean
2020-08-31,2020-08-31,2 wk ahead inc death,2020-09-12,54,quantile,0.1,15.3333333333333,mean
2020-08-31,2020-08-31,2 wk ahead inc death,2020-09-12,54,quantile,0.15,18,mean
2020-08-31,2020-08-31,2 wk ahead inc death,2020-09-12,54,quantile,0.2,20.6666666666667,mean
2020-08-31,2020-08-31,2 wk ahead inc death,2020-09-12,54,quantile,0.25,23,mean
2020-08-31,2020-08-31,2 wk ahead inc death,2020-09-12,54,quantile,0.3,25.3333333333333,mean
2020-08-31,2020-08-31,2 wk ahead inc death,2020-09-12,54,quantile,0.35,27,mean
2020-08-31,2020-08-31,2 wk ahead inc death,2020-09-12,54,quantile,0.4,29.6666666666667,mean
2020-08-31,2020-08-31,2 wk ahead inc death,2020-09-12,54,quantile,0.45,31.6666666666667,mean
2020-08-31,2020-08-31,2 wk ahead inc death,2020-09-12,54,quantile,0.5,34,mean
2020-08-31,2020-08-31,2 wk ahead inc death,2020-09-12,54,quantile,0.55,36.15,mean
2020-08-31,2020-08-31,2 wk ahead inc death,2020-09-12,54,quantile,0.6,39,mean
2020-08-31,2020-08-31,2 wk ahead inc death,2020-09-12,54,quantile,0.65,41.3333333333333,mean
2020-08-31,2020-08-31,2 wk ahead inc death,2020-09-12,54,quantile,0.7,45,mean
2020-08-31,2020-08-31,2 wk ahead inc death,2020-09-12,54,quantile,0.75,49,mean
2020-08-31,2020-08-31,2 wk ahead inc death,2020-09-12,54,quantile,0.8,53,mean
2020-08-31,2020-08-31,2 wk ahead inc death,2020-09-12,54,quantile,0.85,59,mean
2020-08-31,2020-08-31,2 wk ahead inc death,2020-09-12,54,quantile,0.9,65.3333333333333,mean
2020-08-31,2020-08-31,2 wk ahead inc death,2020-09-12,54,quantile,0.95,76,mean
2020-08-31,2020-08-31,2 wk ahead inc death,2020-09-12,54,quantile,0.975,85.35,mean
2020-08-31,2020-08-31,2 wk ahead inc death,2020-09-12,54,quantile,0.99,94.35,mean
2020-08-31,2020-08-31,3 wk ahead inc death,2020-09-19,54,point,,40.3333333333333,mean
2020-08-31,2020-08-31,3 wk ahead inc death,2020-09-19,54,quantile,0.01,7.33333333333333,mean
2020-08-31,2020-08-31,3 wk ahead inc death,2020-09-19,54,quantile,0.025,9.65833333333333,mean
2020-08-31,2020-08-31,3 wk ahead inc death,2020-09-19,54,quantile,0.05,12,mean
2020-08-31,2020-08-31,3 wk ahead inc death,2020-09-19,54,quantile,0.1,15.9666666666667,mean
2020-08-31,2020-08-31,3 wk ahead inc death,2020-09-19,54,quantile,0.15,18.6666666666667,mean
2020-08-31,2020-08-31,3 wk ahead inc death,2020-09-19,54,quantile,0.2,22,mean
2020-08-31,2020-08-31,3 wk ahead inc death,2020-09-19,54,quantile,0.25,24.3333333333333,mean
2020-08-31,2020-08-31,3 wk ahead inc death,2020-09-19,54,quantile,0.3,27.6666666666667,mean
2020-08-31,2020-08-31,3 wk ahead inc death,2020-09-19,54,quantile,0.35,31,mean
2020-08-31,2020-08-31,3 wk ahead inc death,2020-09-19,54,quantile,0.4,33.3333333333333,mean
2020-08-31,2020-08-31,3 wk ahead inc death,2020-09-19,54,quantile,0.45,36.3333333333333,mean
2020-08-31,2020-08-31,3 wk ahead inc death,2020-09-19,54,quantile,0.5,40.3333333333333,mean
2020-08-31,2020-08-31,3 wk ahead inc death,2020-09-19,54,quantile,0.55,44.3333333333333,mean
2020-08-31,2020-08-31,3 wk ahead inc death,2020-09-19,54,quantile,0.6,48.6666666666667,mean
2020-08-31,2020-08-31,3 wk ahead inc death,2020-09-19,54,quantile,0.65,53.1166666666667,mean
2020-08-31,2020-08-31,3 wk ahead inc death,2020-09-19,54,quantile,0.7,58,mean
2020-08-31,2020-08-31,3 wk ahead inc death,2020-09-19,54,quantile,0.75,63.6666666666667,mean
2020-08-31,2020-08-31,3 wk ahead inc death,2020-09-19,54,quantile,0.8,70.7333333333334,mean
2020-08-31,2020-08-31,3 wk ahead inc death,2020-09-19,54,quantile,0.85,81,mean
2020-08-31,2020-08-31,3 wk ahead inc death,2020-09-19,54,quantile,0.9,95,mean
2020-08-31,2020-08-31,3 wk ahead inc death,2020-09-19,54,quantile,0.95,111.383333333333,mean
2020-08-31,2020-08-31,3 wk ahead inc death,2020-09-19,54,quantile,0.975,132.666666666667,mean
2020-08-31,2020-08-31,3 wk ahead inc death,2020-09-19,54,quantile,0.99,160.36,mean
2020-08-31,2020-08-31,4 wk ahead inc death,2020-09-26,54,point,,48,mean
2020-08-31,2020-08-31,4 wk ahead inc death,2020-09-26,54,quantile,0.01,6.99333333333333,mean
2020-08-31,2020-08-31,4 wk ahead inc death,2020-09-26,54,quantile,0.025,9.33333333333333,mean
2020-08-31,2020-08-31,4 wk ahead inc death,2020-09-26,54,quantile,0.05,11.3333333333333,mean
2020-08-31,2020-08-31,4 wk ahead inc death,2020-09-26,54,quantile,0.1,15.6333333333333,mean
2020-08-31,2020-08-31,4 wk ahead inc death,2020-09-26,54,quantile,0.15,19,mean
2020-08-31,2020-08-31,4 wk ahead inc death,2020-09-26,54,quantile,0.2,23.3333333333333,mean
2020-08-31,2020-08-31,4 wk ahead inc death,2020-09-26,54,quantile,0.25,26.6666666666667,mean
2020-08-31,2020-08-31,4 wk ahead inc death,2020-09-26,54,quantile,0.3,30.3333333333333,mean
2020-08-31,2020-08-31,4 wk ahead inc death,2020-09-26,54,quantile,0.35,34,mean
2020-08-31,2020-08-31,4 wk ahead inc death,2020-09-26,54,quantile,0.4,38.3333333333333,mean
2020-08-31,2020-08-31,4 wk ahead inc death,2020-09-26,54,quantile,0.45,43.3333333333333,mean
2020-08-31,2020-08-31,4 wk ahead inc death,2020-09-26,54,quantile,0.5,48,mean
2020-08-31,2020-08-31,4 wk ahead inc death,2020-09-26,54,quantile,0.55,53.4833333333334,mean
2020-08-31,2020-08-31,4 wk ahead inc death,2020-09-26,54,quantile,0.6,59.6666666666667,mean
2020-08-31,2020-08-31,4 wk ahead inc death,2020-09-26,54,quantile,0.65,66.3333333333333,mean
2020-08-31,2020-08-31,4 wk ahead inc death,2020-09-26,54,quantile,0.7,73.6666666666667,mean
2020-08-31,2020-08-31,4 wk ahead inc death,2020-09-26,54,quantile,0.75,83.4166666666667,mean
2020-08-31,2020-08-31,4 wk ahead inc death,2020-09-26,54,quantile,0.8,95,mean
2020-08-31,2020-08-31,4 wk ahead inc death,2020-09-26,54,quantile,0.85,109.383333333333,mean
2020-08-31,2020-08-31,4 wk ahead inc death,2020-09-26,54,quantile,0.9,134,mean
2020-08-31,2020-08-31,4 wk ahead inc death,2020-09-26,54,quantile,0.95,188.083333333333,mean
2020-08-31,2020-08-31,4 wk ahead inc death,2020-09-26,54,quantile,0.975,246.35,mean
2020-08-31,2020-08-31,4 wk ahead inc death,2020-09-26,54,quantile,0.99,323.48,mean
2020-08-31,2020-08-31,1 wk ahead inc death,2020-09-05,55,point,,37.5,mean
2020-08-31,2020-08-31,1 wk ahead inc death,2020-09-05,55,quantile,0.01,22.66,mean
2020-08-31,2020-08-31,1 wk ahead inc death,2020-09-05,55,quantile,0.025,24.3333333333333,mean
2020-08-31,2020-08-31,1 wk ahead inc death,2020-09-05,55,quantile,0.05,26,mean
2020-08-31,2020-08-31,1 wk ahead inc death,2020-09-05,55,quantile,0.1,28,mean
2020-08-31,2020-08-31,1 wk ahead inc death,2020-09-05,55,quantile,0.15,29.6666666666667,mean
2020-08-31,2020-08-31,1 wk ahead inc death,2020-09-05,55,quantile,0.2,30.6666666666667,mean
2020-08-31,2020-08-31,1 wk ahead inc death,2020-09-05,55,quantile,0.25,32,mean
2020-08-31,2020-08-31,1 wk ahead inc death,2020-09-05,55,quantile,0.3,33,mean
2020-08-31,2020-08-31,1 wk ahead inc death,2020-09-05,55,quantile,0.35,34.3333333333333,mean
2020-08-31,2020-08-31,1 wk ahead inc death,2020-09-05,55,quantile,0.4,35.3333333333333,mean
2020-08-31,2020-08-31,1 wk ahead inc death,2020-09-05,55,quantile,0.45,36.3333333333333,mean
2020-08-31,2020-08-31,1 wk ahead inc death,2020-09-05,55,quantile,0.5,37.5,mean
2020-08-31,2020-08-31,1 wk ahead inc death,2020-09-05,55,quantile,0.55,38.6666666666667,mean
2020-08-31,2020-08-31,1 wk ahead inc death,2020-09-05,55,quantile,0.6,39.6666666666667,mean
2020-08-31,2020-08-31,1 wk ahead inc death,2020-09-05,55,quantile,0.65,41,mean
2020-08-31,2020-08-31,1 wk ahead inc death,2020-09-05,55,quantile,0.7,42.3333333333333,mean
2020-08-31,2020-08-31,1 wk ahead inc death,2020-09-05,55,quantile,0.75,44,mean
2020-08-31,2020-08-31,1 wk ahead inc death,2020-09-05,55,quantile,0.8,45.3333333333333,mean
2020-08-31,2020-08-31,1 wk ahead inc death,2020-09-05,55,quantile,0.85,47.6666666666667,mean
2020-08-31,2020-08-31,1 wk ahead inc death,2020-09-05,55,quantile,0.9,49.3333333333333,mean
2020-08-31,2020-08-31,1 wk ahead inc death,2020-09-05,55,quantile,0.95,52.6666666666667,mean
2020-08-31,2020-08-31,1 wk ahead inc death,2020-09-05,55,quantile,0.975,55.0083333333333,mean
2020-08-31,2020-08-31,1 wk ahead inc death,2020-09-05,55,quantile,0.99,58,mean
2020-08-31,2020-08-31,2 wk ahead inc death,2020-09-12,55,point,,37.6666666666667,mean
2020-08-31,2020-08-31,2 wk ahead inc death,2020-09-12,55,quantile,0.01,17.9966666666667,mean
2020-08-31,2020-08-31,2 wk ahead inc death,2020-09-12,55,quantile,0.025,19.3333333333333,mean
2020-08-31,2020-08-31,2 wk ahead inc death,2020-09-12,55,quantile,0.05,21.3333333333333,mean
2020-08-31,2020-08-31,2 wk ahead inc death,2020-09-12,55,quantile,0.1,23.6666666666667,mean
2020-08-31,2020-08-31,2 wk ahead inc death,2020-09-12,55,quantile,0.15,26,mean
2020-08-31,2020-08-31,2 wk ahead inc death,2020-09-12,55,quantile,0.2,27.6666666666667,mean
2020-08-31,2020-08-31,2 wk ahead inc death,2020-09-12,55,quantile,0.25,29.3333333333333,mean
2020-08-31,2020-08-31,2 wk ahead inc death,2020-09-12,55,quantile,0.3,31.3333333333333,mean
2020-08-31,2020-08-31,2 wk ahead inc death,2020-09-12,55,quantile,0.35,33,mean
2020-08-31,2020-08-31,2 wk ahead inc death,2020-09-12,55,quantile,0.4,34.3333333333333,mean
2020-08-31,2020-08-31,2 wk ahead inc death,2020-09-12,55,quantile,0.45,36,mean
2020-08-31,2020-08-31,2 wk ahead inc death,2020-09-12,55,quantile,0.5,37.6666666666667,mean
2020-08-31,2020-08-31,2 wk ahead inc death,2020-09-12,55,quantile,0.55,39,mean
2020-08-31,2020-08-31,2 wk ahead inc death,2020-09-12,55,quantile,0.6,41,mean
2020-08-31,2020-08-31,2 wk ahead inc death,2020-09-12,55,quantile,0.65,43,mean
2020-08-31,2020-08-31,2 wk ahead inc death,2020-09-12,55,quantile,0.7,45,mean
2020-08-31,2020-08-31,2 wk ahead inc death,2020-09-12,55,quantile,0.75,47.6666666666667,mean
2020-08-31,2020-08-31,2 wk ahead inc death,2020-09-12,55,quantile,0.8,50.6666666666667,mean
2020-08-31,2020-08-31,2 wk ahead inc death,2020-09-12,55,quantile,0.85,54.3333333333333,mean
2020-08-31,2020-08-31,2 wk ahead inc death,2020-09-12,55,quantile,0.9,58.3333333333333,mean
2020-08-31,2020-08-31,2 wk ahead inc death,2020-09-12,55,quantile,0.95,65.6666666666667,mean
2020-08-31,2020-08-31,2 wk ahead inc death,2020-09-12,55,quantile,0.975,71.675,mean
2020-08-31,2020-08-31,2 wk ahead inc death,2020-09-12,55,quantile,0.99,76.0066666666667,mean
2020-08-31,2020-08-31,3 wk ahead inc death,2020-09-19,55,point,,35.6666666666667,mean
2020-08-31,2020-08-31,3 wk ahead inc death,2020-09-19,55,quantile,0.01,11.33,mean
2020-08-31,2020-08-31,3 wk ahead inc death,2020-09-19,55,quantile,0.025,14,mean
2020-08-31,2020-08-31,3 wk ahead inc death,2020-09-19,55,quantile,0.05,16.6666666666667,mean
2020-08-31,2020-08-31,3 wk ahead inc death,2020-09-19,55,quantile,0.1,19.6666666666667,mean
2020-08-31,2020-08-31,3 wk ahead inc death,2020-09-19,55,quantile,0.15,22,mean
2020-08-31,2020-08-31,3 wk ahead inc death,2020-09-19,55,quantile,0.2,24.2666666666667,mean
2020-08-31,2020-08-31,3 wk ahead inc death,2020-09-19,55,quantile,0.25,25.6666666666667,mean
2020-08-31,2020-08-31,3 wk ahead inc death,2020-09-19,55,quantile,0.3,27.6666666666667,mean
2020-08-31,2020-08-31,3 wk ahead inc death,2020-09-19,55,quantile,0.35,29.3333333333333,mean
2020-08-31,2020-08-31,3 wk ahead inc death,2020-09-19,55,quantile,0.4,31.3333333333333,mean
2020-08-31,2020-08-31,3 wk ahead inc death,2020-09-19,55,quantile,0.45,33.6666666666667,mean
2020-08-31,2020-08-31,3 wk ahead inc death,2020-09-19,55,quantile,0.5,35.6666666666667,mean
2020-08-31,2020-08-31,3 wk ahead inc death,2020-09-19,55,quantile,0.55,37.6666666666667,mean
2020-08-31,2020-08-31,3 wk ahead inc death,2020-09-19,55,quantile,0.6,40,mean
2020-08-31,2020-08-31,3 wk ahead inc death,2020-09-19,55,quantile,0.65,42.6666666666667,mean
2020-08-31,2020-08-31,3 wk ahead inc death,2020-09-19,55,quantile,0.7,46,mean
2020-08-31,2020-08-31,3 wk ahead inc death,2020-09-19,55,quantile,0.75,50.3333333333333,mean
2020-08-31,2020-08-31,3 wk ahead inc death,2020-09-19,55,quantile,0.8,55,mean
2020-08-31,2020-08-31,3 wk ahead inc death,2020-09-19,55,quantile,0.85,62.3333333333333,mean
2020-08-31,2020-08-31,3 wk ahead inc death,2020-09-19,55,quantile,0.9,69.0333333333334,mean
2020-08-31,2020-08-31,3 wk ahead inc death,2020-09-19,55,quantile,0.95,84,mean
2020-08-31,2020-08-31,3 wk ahead inc death,2020-09-19,55,quantile,0.975,94.6666666666667,mean
2020-08-31,2020-08-31,3 wk ahead inc death,2020-09-19,55,quantile,0.99,104.34,mean
2020-08-31,2020-08-31,4 wk ahead inc death,2020-09-26,55,point,,33.3333333333333,mean
2020-08-31,2020-08-31,4 wk ahead inc death,2020-09-26,55,quantile,0.01,6.66666666666667,mean
2020-08-31,2020-08-31,4 wk ahead inc death,2020-09-26,55,quantile,0.025,9.65833333333333,mean
2020-08-31,2020-08-31,4 wk ahead inc death,2020-09-26,55,quantile,0.05,12.3333333333333,mean
2020-08-31,2020-08-31,4 wk ahead inc death,2020-09-26,55,quantile,0.1,15.3333333333333,mean
2020-08-31,2020-08-31,4 wk ahead inc death,2020-09-26,55,quantile,0.15,18,mean
2020-08-31,2020-08-31,4 wk ahead inc death,2020-09-26,55,quantile,0.2,20.3333333333333,mean
2020-08-31,2020-08-31,4 wk ahead inc death,2020-09-26,55,quantile,0.25,22.3333333333333,mean
2020-08-31,2020-08-31,4 wk ahead inc death,2020-09-26,55,quantile,0.3,24,mean
2020-08-31,2020-08-31,4 wk ahead inc death,2020-09-26,55,quantile,0.35,26,mean
2020-08-31,2020-08-31,4 wk ahead inc death,2020-09-26,55,quantile,0.4,28.6666666666667,mean
2020-08-31,2020-08-31,4 wk ahead inc death,2020-09-26,55,quantile,0.45,30.6666666666667,mean
2020-08-31,2020-08-31,4 wk ahead inc death,2020-09-26,55,quantile,0.5,33.3333333333333,mean
2020-08-31,2020-08-31,4 wk ahead inc death,2020-09-26,55,quantile,0.55,35.8166666666667,mean
2020-08-31,2020-08-31,4 wk ahead inc death,2020-09-26,55,quantile,0.6,39,mean
2020-08-31,2020-08-31,4 wk ahead inc death,2020-09-26,55,quantile,0.65,42.6666666666667,mean
2020-08-31,2020-08-31,4 wk ahead inc death,2020-09-26,55,quantile,0.7,47.3333333333333,mean
2020-08-31,2020-08-31,4 wk ahead inc death,2020-09-26,55,quantile,0.75,53.4166666666667,mean
2020-08-31,2020-08-31,4 wk ahead inc death,2020-09-26,55,quantile,0.8,61.3333333333333,mean
2020-08-31,2020-08-31,4 wk ahead inc death,2020-09-26,55,quantile,0.85,71.6666666666667,mean
2020-08-31,2020-08-31,4 wk ahead inc death,2020-09-26,55,quantile,0.9,89,mean
2020-08-31,2020-08-31,4 wk ahead inc death,2020-09-26,55,quantile,0.95,119.666666666667,mean
2020-08-31,2020-08-31,4 wk ahead inc death,2020-09-26,55,quantile,0.975,147.675,mean
2020-08-31,2020-08-31,4 wk ahead inc death,2020-09-26,55,quantile,0.99,165.343333333333,mean
2020-08-31,2020-08-31,1 wk ahead inc death,2020-09-05,56,point,,2.33333333333333,mean
2020-08-31,2020-08-31,1 wk ahead inc death,2020-09-05,56,quantile,0.01,0,mean
2020-08-31,2020-08-31,1 wk ahead inc death,2020-09-05,56,quantile,0.025,0,mean
2020-08-31,2020-08-31,1 wk ahead inc death,2020-09-05,56,quantile,0.05,0,mean
2020-08-31,2020-08-31,1 wk ahead inc death,2020-09-05,56,quantile,0.1,0.333333333333333,mean
2020-08-31,2020-08-31,1 wk ahead inc death,2020-09-05,56,quantile,0.15,0.666666666666667,mean
2020-08-31,2020-08-31,1 wk ahead inc death,2020-09-05,56,quantile,0.2,1,mean
2020-08-31,2020-08-31,1 wk ahead inc death,2020-09-05,56,quantile,0.25,1,mean
2020-08-31,2020-08-31,1 wk ahead inc death,2020-09-05,56,quantile,0.3,1.33333333333333,mean
2020-08-31,2020-08-31,1 wk ahead inc death,2020-09-05,56,quantile,0.35,1.33333333333333,mean
2020-08-31,2020-08-31,1 wk ahead inc death,2020-09-05,56,quantile,0.4,1.33333333333333,mean
2020-08-31,2020-08-31,1 wk ahead inc death,2020-09-05,56,quantile,0.45,2,mean
2020-08-31,2020-08-31,1 wk ahead inc death,2020-09-05,56,quantile,0.5,2.33333333333333,mean
2020-08-31,2020-08-31,1 wk ahead inc death,2020-09-05,56,quantile,0.55,2.33333333333333,mean
2020-08-31,2020-08-31,1 wk ahead inc death,2020-09-05,56,quantile,0.6,2.33333333333333,mean
2020-08-31,2020-08-31,1 wk ahead inc death,2020-09-05,56,quantile,0.65,3,mean
2020-08-31,2020-08-31,1 wk ahead inc death,2020-09-05,56,quantile,0.7,3.33333333333333,mean
2020-08-31,2020-08-31,1 wk ahead inc death,2020-09-05,56,quantile,0.75,3.33333333333333,mean
2020-08-31,2020-08-31,1 wk ahead inc death,2020-09-05,56,quantile,0.8,4,mean
2020-08-31,2020-08-31,1 wk ahead inc death,2020-09-05,56,quantile,0.85,4.33333333333333,mean
2020-08-31,2020-08-31,1 wk ahead inc death,2020-09-05,56,quantile,0.9,5,mean
2020-08-31,2020-08-31,1 wk ahead inc death,2020-09-05,56,quantile,0.95,6.33333333333333,mean
2020-08-31,2020-08-31,1 wk ahead inc death,2020-09-05,56,quantile,0.975,7.00833333333333,mean
2020-08-31,2020-08-31,1 wk ahead inc death,2020-09-05,56,quantile,0.99,8.67,mean
2020-08-31,2020-08-31,2 wk ahead inc death,2020-09-12,56,point,,3.33333333333333,mean
2020-08-31,2020-08-31,2 wk ahead inc death,2020-09-12,56,quantile,0.01,0,mean
2020-08-31,2020-08-31,2 wk ahead inc death,2020-09-12,56,quantile,0.025,0.333333333333333,mean
2020-08-31,2020-08-31,2 wk ahead inc death,2020-09-12,56,quantile,0.05,0.333333333333333,mean
2020-08-31,2020-08-31,2 wk ahead inc death,2020-09-12,56,quantile,0.1,0.666666666666667,mean
2020-08-31,2020-08-31,2 wk ahead inc death,2020-09-12,56,quantile,0.15,1,mean
2020-08-31,2020-08-31,2 wk ahead inc death,2020-09-12,56,quantile,0.2,1.33333333333333,mean
2020-08-31,2020-08-31,2 wk ahead inc death,2020-09-12,56,quantile,0.25,1.66666666666667,mean
2020-08-31,2020-08-31,2 wk ahead inc death,2020-09-12,56,quantile,0.3,2,mean
2020-08-31,2020-08-31,2 wk ahead inc death,2020-09-12,56,quantile,0.35,2.33333333333333,mean
2020-08-31,2020-08-31,2 wk ahead inc death,2020-09-12,56,quantile,0.4,2.33333333333333,mean
2020-08-31,2020-08-31,2 wk ahead inc death,2020-09-12,56,quantile,0.45,2.66666666666667,mean
2020-08-31,2020-08-31,2 wk ahead inc death,2020-09-12,56,quantile,0.5,3.33333333333333,mean
2020-08-31,2020-08-31,2 wk ahead inc death,2020-09-12,56,quantile,0.55,3.33333333333333,mean
2020-08-31,2020-08-31,2 wk ahead inc death,2020-09-12,56,quantile,0.6,3.66666666666667,mean
2020-08-31,2020-08-31,2 wk ahead inc death,2020-09-12,56,quantile,0.65,4,mean
2020-08-31,2020-08-31,2 wk ahead inc death,2020-09-12,56,quantile,0.7,4.66666666666667,mean
2020-08-31,2020-08-31,2 wk ahead inc death,2020-09-12,56,quantile,0.75,5,mean
2020-08-31,2020-08-31,2 wk ahead inc death,2020-09-12,56,quantile,0.8,5.66666666666667,mean
2020-08-31,2020-08-31,2 wk ahead inc death,2020-09-12,56,quantile,0.85,6,mean
2020-08-31,2020-08-31,2 wk ahead inc death,2020-09-12,56,quantile,0.9,7,mean
2020-08-31,2020-08-31,2 wk ahead inc death,2020-09-12,56,quantile,0.95,8.66666666666667,mean
2020-08-31,2020-08-31,2 wk ahead inc death,2020-09-12,56,quantile,0.975,10,mean
2020-08-31,2020-08-31,2 wk ahead inc death,2020-09-12,56,quantile,0.99,11.0033333333333,mean
2020-08-31,2020-08-31,3 wk ahead inc death,2020-09-19,56,point,,3.33333333333333,mean
2020-08-31,2020-08-31,3 wk ahead inc death,2020-09-19,56,quantile,0.01,0,mean
2020-08-31,2020-08-31,3 wk ahead inc death,2020-09-19,56,quantile,0.025,0.333333333333333,mean
2020-08-31,2020-08-31,3 wk ahead inc death,2020-09-19,56,quantile,0.05,0.333333333333333,mean
2020-08-31,2020-08-31,3 wk ahead inc death,2020-09-19,56,quantile,0.1,0.666666666666667,mean
2020-08-31,2020-08-31,3 wk ahead inc death,2020-09-19,56,quantile,0.15,1.33333333333333,mean
2020-08-31,2020-08-31,3 wk ahead inc death,2020-09-19,56,quantile,0.2,1.6,mean
2020-08-31,2020-08-31,3 wk ahead inc death,2020-09-19,56,quantile,0.25,1.66666666666667,mean
2020-08-31,2020-08-31,3 wk ahead inc death,2020-09-19,56,quantile,0.3,2,mean
2020-08-31,2020-08-31,3 wk ahead inc death,2020-09-19,56,quantile,0.35,2.66666666666667,mean
2020-08-31,2020-08-31,3 wk ahead inc death,2020-09-19,56,quantile,0.4,2.66666666666667,mean
2020-08-31,2020-08-31,3 wk ahead inc death,2020-09-19,56,quantile,0.45,3,mean
2020-08-31,2020-08-31,3 wk ahead inc death,2020-09-19,56,quantile,0.5,3.33333333333333,mean
2020-08-31,2020-08-31,3 wk ahead inc death,2020-09-19,56,quantile,0.55,4,mean
2020-08-31,2020-08-31,3 wk ahead inc death,2020-09-19,56,quantile,0.6,4,mean
2020-08-31,2020-08-31,3 wk ahead inc death,2020-09-19,56,quantile,0.65,4.66666666666667,mean
2020-08-31,2020-08-31,3 wk ahead inc death,2020-09-19,56,quantile,0.7,5,mean
2020-08-31,2020-08-31,3 wk ahead inc death,2020-09-19,56,quantile,0.75,5.66666666666667,mean
2020-08-31,2020-08-31,3 wk ahead inc death,2020-09-19,56,quantile,0.8,6.33333333333333,mean
2020-08-31,2020-08-31,3 wk ahead inc death,2020-09-19,56,quantile,0.85,6.66666666666667,mean
2020-08-31,2020-08-31,3 wk ahead inc death,2020-09-19,56,quantile,0.9,8,mean
2020-08-31,2020-08-31,3 wk ahead inc death,2020-09-19,56,quantile,0.95,10,mean
2020-08-31,2020-08-31,3 wk ahead inc death,2020-09-19,56,quantile,0.975,11.3333333333333,mean
2020-08-31,2020-08-31,3 wk ahead inc death,2020-09-19,56,quantile,0.99,13,mean
2020-08-31,2020-08-31,4 wk ahead inc death,2020-09-26,56,point,,3.66666666666667,mean
2020-08-31,2020-08-31,4 wk ahead inc death,2020-09-26,56,quantile,0.01,0,mean
2020-08-31,2020-08-31,4 wk ahead inc death,2020-09-26,56,quantile,0.025,0.333333333333333,mean
2020-08-31,2020-08-31,4 wk ahead inc death,2020-09-26,56,quantile,0.05,0.666666666666667,mean
2020-08-31,2020-08-31,4 wk ahead inc death,2020-09-26,56,quantile,0.1,1,mean
2020-08-31,2020-08-31,4 wk ahead inc death,2020-09-26,56,quantile,0.15,1,mean
2020-08-31,2020-08-31,4 wk ahead inc death,2020-09-26,56,quantile,0.2,1.66666666666667,mean
2020-08-31,2020-08-31,4 wk ahead inc death,2020-09-26,56,quantile,0.25,2,mean
2020-08-31,2020-08-31,4 wk ahead inc death,2020-09-26,56,quantile,0.3,2,mean
2020-08-31,2020-08-31,4 wk ahead inc death,2020-09-26,56,quantile,0.35,2.66666666666667,mean
2020-08-31,2020-08-31,4 wk ahead inc death,2020-09-26,56,quantile,0.4,3,mean
2020-08-31,2020-08-31,4 wk ahead inc death,2020-09-26,56,quantile,0.45,3,mean
2020-08-31,2020-08-31,4 wk ahead inc death,2020-09-26,56,quantile,0.5,3.66666666666667,mean
2020-08-31,2020-08-31,4 wk ahead inc death,2020-09-26,56,quantile,0.55,3.66666666666667,mean
2020-08-31,2020-08-31,4 wk ahead inc death,2020-09-26,56,quantile,0.6,4.33333333333333,mean
2020-08-31,2020-08-31,4 wk ahead inc death,2020-09-26,56,quantile,0.65,5,mean
2020-08-31,2020-08-31,4 wk ahead inc death,2020-09-26,56,quantile,0.7,5.33333333333333,mean
2020-08-31,2020-08-31,4 wk ahead inc death,2020-09-26,56,quantile,0.75,6,mean
2020-08-31,2020-08-31,4 wk ahead inc death,2020-09-26,56,quantile,0.8,6.66666666666667,mean
2020-08-31,2020-08-31,4 wk ahead inc death,2020-09-26,56,quantile,0.85,7.66666666666667,mean
2020-08-31,2020-08-31,4 wk ahead inc death,2020-09-26,56,quantile,0.9,9,mean
2020-08-31,2020-08-31,4 wk ahead inc death,2020-09-26,56,quantile,0.95,11.0166666666667,mean
2020-08-31,2020-08-31,4 wk ahead inc death,2020-09-26,56,quantile,0.975,13.6666666666667,mean
2020-08-31,2020-08-31,4 wk ahead inc death,2020-09-26,56,quantile,0.99,15.3366666666667,mean
2020-08-31,2020-08-31,1 wk ahead inc death,2020-09-05,66,point,,2,mean
2020-08-31,2020-08-31,1 wk ahead inc death,2020-09-05,66,quantile,0.01,0,mean
2020-08-31,2020-08-31,1 wk ahead inc death,2020-09-05,66,quantile,0.025,0,mean
2020-08-31,2020-08-31,1 wk ahead inc death,2020-09-05,66,quantile,0.05,0,mean
2020-08-31,2020-08-31,1 wk ahead inc death,2020-09-05,66,quantile,0.1,0.5,mean
2020-08-31,2020-08-31,1 wk ahead inc death,2020-09-05,66,quantile,0.15,0.5,mean
2020-08-31,2020-08-31,1 wk ahead inc death,2020-09-05,66,quantile,0.2,1,mean
2020-08-31,2020-08-31,1 wk ahead inc death,2020-09-05,66,quantile,0.25,1,mean
2020-08-31,2020-08-31,1 wk ahead inc death,2020-09-05,66,quantile,0.3,1.5,mean
2020-08-31,2020-08-31,1 wk ahead inc death,2020-09-05,66,quantile,0.35,1.5,mean
2020-08-31,2020-08-31,1 wk ahead inc death,2020-09-05,66,quantile,0.4,1.5,mean
2020-08-31,2020-08-31,1 wk ahead inc death,2020-09-05,66,quantile,0.45,1.5,mean
2020-08-31,2020-08-31,1 wk ahead inc death,2020-09-05,66,quantile,0.5,2,mean
2020-08-31,2020-08-31,1 wk ahead inc death,2020-09-05,66,quantile,0.55,2.5,mean
2020-08-31,2020-08-31,1 wk ahead inc death,2020-09-05,66,quantile,0.6,2.5,mean
2020-08-31,2020-08-31,1 wk ahead inc death,2020-09-05,66,quantile,0.65,3,mean
2020-08-31,2020-08-31,1 wk ahead inc death,2020-09-05,66,quantile,0.7,3,mean
2020-08-31,2020-08-31,1 wk ahead inc death,2020-09-05,66,quantile,0.75,3,mean
2020-08-31,2020-08-31,1 wk ahead inc death,2020-09-05,66,quantile,0.8,3.5,mean
2020-08-31,2020-08-31,1 wk ahead inc death,2020-09-05,66,quantile,0.85,4.5,mean
2020-08-31,2020-08-31,1 wk ahead inc death,2020-09-05,66,quantile,0.9,4.5,mean
2020-08-31,2020-08-31,1 wk ahead inc death,2020-09-05,66,quantile,0.95,5,mean
2020-08-31,2020-08-31,1 wk ahead inc death,2020-09-05,66,quantile,0.975,6,mean
2020-08-31,2020-08-31,1 wk ahead inc death,2020-09-05,66,quantile,0.99,6.5,mean
2020-08-31,2020-08-31,2 wk ahead inc death,2020-09-12,66,point,,2.5,mean
2020-08-31,2020-08-31,2 wk ahead inc death,2020-09-12,66,quantile,0.01,0,mean
2020-08-31,2020-08-31,2 wk ahead inc death,2020-09-12,66,quantile,0.025,0,mean
2020-08-31,2020-08-31,2 wk ahead inc death,2020-09-12,66,quantile,0.05,0,mean
2020-08-31,2020-08-31,2 wk ahead inc death,2020-09-12,66,quantile,0.1,1,mean
2020-08-31,2020-08-31,2 wk ahead inc death,2020-09-12,66,quantile,0.15,1,mean
2020-08-31,2020-08-31,2 wk ahead inc death,2020-09-12,66,quantile,0.2,1,mean
2020-08-31,2020-08-31,2 wk ahead inc death,2020-09-12,66,quantile,0.25,1,mean
2020-08-31,2020-08-31,2 wk ahead inc death,2020-09-12,66,quantile,0.3,1.5,mean
2020-08-31,2020-08-31,2 wk ahead inc death,2020-09-12,66,quantile,0.35,2,mean
2020-08-31,2020-08-31,2 wk ahead inc death,2020-09-12,66,quantile,0.4,2,mean
2020-08-31,2020-08-31,2 wk ahead inc death,2020-09-12,66,quantile,0.45,2,mean
2020-08-31,2020-08-31,2 wk ahead inc death,2020-09-12,66,quantile,0.5,2.5,mean
2020-08-31,2020-08-31,2 wk ahead inc death,2020-09-12,66,quantile,0.55,3,mean
2020-08-31,2020-08-31,2 wk ahead inc death,2020-09-12,66,quantile,0.6,3,mean
2020-08-31,2020-08-31,2 wk ahead inc death,2020-09-12,66,quantile,0.65,3.5,mean
2020-08-31,2020-08-31,2 wk ahead inc death,2020-09-12,66,quantile,0.7,4,mean
2020-08-31,2020-08-31,2 wk ahead inc death,2020-09-12,66,quantile,0.75,4.00000000000012,mean
2020-08-31,2020-08-31,2 wk ahead inc death,2020-09-12,66,quantile,0.8,5.5,mean
2020-08-31,2020-08-31,2 wk ahead inc death,2020-09-12,66,quantile,0.85,6,mean
2020-08-31,2020-08-31,2 wk ahead inc death,2020-09-12,66,quantile,0.9,7,mean
2020-08-31,2020-08-31,2 wk ahead inc death,2020-09-12,66,quantile,0.95,9,mean
2020-08-31,2020-08-31,2 wk ahead inc death,2020-09-12,66,quantile,0.975,10.5,mean
2020-08-31,2020-08-31,2 wk ahead inc death,2020-09-12,66,quantile,0.99,12,mean
2020-08-31,2020-08-31,3 wk ahead inc death,2020-09-19,66,point,,2.5,mean
2020-08-31,2020-08-31,3 wk ahead inc death,2020-09-19,66,quantile,0.01,0,mean
2020-08-31,2020-08-31,3 wk ahead inc death,2020-09-19,66,quantile,0.025,0,mean
2020-08-31,2020-08-31,3 wk ahead inc death,2020-09-19,66,quantile,0.05,0.5,mean
2020-08-31,2020-08-31,3 wk ahead inc death,2020-09-19,66,quantile,0.1,0.5,mean
2020-08-31,2020-08-31,3 wk ahead inc death,2020-09-19,66,quantile,0.15,0.5,mean
2020-08-31,2020-08-31,3 wk ahead inc death,2020-09-19,66,quantile,0.2,1,mean
2020-08-31,2020-08-31,3 wk ahead inc death,2020-09-19,66,quantile,0.25,1.5,mean
2020-08-31,2020-08-31,3 wk ahead inc death,2020-09-19,66,quantile,0.3,1.5,mean
2020-08-31,2020-08-31,3 wk ahead inc death,2020-09-19,66,quantile,0.35,1.5,mean
2020-08-31,2020-08-31,3 wk ahead inc death,2020-09-19,66,quantile,0.4,2,mean
2020-08-31,2020-08-31,3 wk ahead inc death,2020-09-19,66,quantile,0.45,2.5,mean
2020-08-31,2020-08-31,3 wk ahead inc death,2020-09-19,66,quantile,0.5,2.5,mean
2020-08-31,2020-08-31,3 wk ahead inc death,2020-09-19,66,quantile,0.55,3,mean
2020-08-31,2020-08-31,3 wk ahead inc death,2020-09-19,66,quantile,0.6,3.5,mean
2020-08-31,2020-08-31,3 wk ahead inc death,2020-09-19,66,quantile,0.65,4,mean
2020-08-31,2020-08-31,3 wk ahead inc death,2020-09-19,66,quantile,0.7,5,mean
2020-08-31,2020-08-31,3 wk ahead inc death,2020-09-19,66,quantile,0.75,5.5,mean
2020-08-31,2020-08-31,3 wk ahead inc death,2020-09-19,66,quantile,0.8,7,mean
2020-08-31,2020-08-31,3 wk ahead inc death,2020-09-19,66,quantile,0.85,9,mean
2020-08-31,2020-08-31,3 wk ahead inc death,2020-09-19,66,quantile,0.9,11.5000000000001,mean
2020-08-31,2020-08-31,3 wk ahead inc death,2020-09-19,66,quantile,0.95,20,mean
2020-08-31,2020-08-31,3 wk ahead inc death,2020-09-19,66,quantile,0.975,28.5,mean
2020-08-31,2020-08-31,3 wk ahead inc death,2020-09-19,66,quantile,0.99,34,mean
2020-08-31,2020-08-31,4 wk ahead inc death,2020-09-26,66,point,,2.5,mean
2020-08-31,2020-08-31,4 wk ahead inc death,2020-09-26,66,quantile,0.01,0,mean
2020-08-31,2020-08-31,4 wk ahead inc death,2020-09-26,66,quantile,0.025,0,mean
2020-08-31,2020-08-31,4 wk ahead inc death,2020-09-26,66,quantile,0.05,0.5,mean
2020-08-31,2020-08-31,4 wk ahead inc death,2020-09-26,66,quantile,0.1,0.5,mean
2020-08-31,2020-08-31,4 wk ahead inc death,2020-09-26,66,quantile,0.15,0.5,mean
2020-08-31,2020-08-31,4 wk ahead inc death,2020-09-26,66,quantile,0.2,1,mean
2020-08-31,2020-08-31,4 wk ahead inc death,2020-09-26,66,quantile,0.25,1,mean
2020-08-31,2020-08-31,4 wk ahead inc death,2020-09-26,66,quantile,0.3,1.5,mean
2020-08-31,2020-08-31,4 wk ahead inc death,2020-09-26,66,quantile,0.35,2,mean
2020-08-31,2020-08-31,4 wk ahead inc death,2020-09-26,66,quantile,0.4,2,mean
2020-08-31,2020-08-31,4 wk ahead inc death,2020-09-26,66,quantile,0.45,2.5,mean
2020-08-31,2020-08-31,4 wk ahead inc death,2020-09-26,66,quantile,0.5,2.5,mean
2020-08-31,2020-08-31,4 wk ahead inc death,2020-09-26,66,quantile,0.55,3,mean
2020-08-31,2020-08-31,4 wk ahead inc death,2020-09-26,66,quantile,0.6,4,mean
2020-08-31,2020-08-31,4 wk ahead inc death,2020-09-26,66,quantile,0.65,4.5,mean
2020-08-31,2020-08-31,4 wk ahead inc death,2020-09-26,66,quantile,0.7,5.5,mean
2020-08-31,2020-08-31,4 wk ahead inc death,2020-09-26,66,quantile,0.75,7,mean
2020-08-31,2020-08-31,4 wk ahead inc death,2020-09-26,66,quantile,0.8,9.5,mean
2020-08-31,2020-08-31,4 wk ahead inc death,2020-09-26,66,quantile,0.85,15,mean
2020-08-31,2020-08-31,4 wk ahead inc death,2020-09-26,66,quantile,0.9,23.5,mean
2020-08-31,2020-08-31,4 wk ahead inc death,2020-09-26,66,quantile,0.95,38.5,mean
2020-08-31,2020-08-31,4 wk ahead inc death,2020-09-26,66,quantile,0.975,53,mean
2020-08-31,2020-08-31,4 wk ahead inc death,2020-09-26,66,quantile,0.99,62,mean
2020-08-31,2020-08-31,1 wk ahead inc death,2020-09-05,72,point,,39.6666666666667,mean
2020-08-31,2020-08-31,1 wk ahead inc death,2020-09-05,72,quantile,0.01,20.33,mean
2020-08-31,2020-08-31,1 wk ahead inc death,2020-09-05,72,quantile,0.025,22.3333333333333,mean
2020-08-31,2020-08-31,1 wk ahead inc death,2020-09-05,72,quantile,0.05,24.3333333333333,mean
2020-08-31,2020-08-31,1 wk ahead inc death,2020-09-05,72,quantile,0.1,26.3333333333333,mean
2020-08-31,2020-08-31,1 wk ahead inc death,2020-09-05,72,quantile,0.15,29,mean
2020-08-31,2020-08-31,1 wk ahead inc death,2020-09-05,72,quantile,0.2,30.6666666666667,mean
2020-08-31,2020-08-31,1 wk ahead inc death,2020-09-05,72,quantile,0.25,32.3333333333333,mean
2020-08-31,2020-08-31,1 wk ahead inc death,2020-09-05,72,quantile,0.3,34.3333333333333,mean
2020-08-31,2020-08-31,1 wk ahead inc death,2020-09-05,72,quantile,0.35,35.3333333333333,mean
2020-08-31,2020-08-31,1 wk ahead inc death,2020-09-05,72,quantile,0.4,36.6666666666667,mean
2020-08-31,2020-08-31,1 wk ahead inc death,2020-09-05,72,quantile,0.45,38.3333333333333,mean
2020-08-31,2020-08-31,1 wk ahead inc death,2020-09-05,72,quantile,0.5,39.6666666666667,mean
2020-08-31,2020-08-31,1 wk ahead inc death,2020-09-05,72,quantile,0.55,41.3333333333333,mean
2020-08-31,2020-08-31,1 wk ahead inc death,2020-09-05,72,quantile,0.6,43,mean
2020-08-31,2020-08-31,1 wk ahead inc death,2020-09-05,72,quantile,0.65,44.3333333333333,mean
2020-08-31,2020-08-31,1 wk ahead inc death,2020-09-05,72,quantile,0.7,46.6666666666667,mean
2020-08-31,2020-08-31,1 wk ahead inc death,2020-09-05,72,quantile,0.75,49,mean
2020-08-31,2020-08-31,1 wk ahead inc death,2020-09-05,72,quantile,0.8,51.4,mean
2020-08-31,2020-08-31,1 wk ahead inc death,2020-09-05,72,quantile,0.85,53.6666666666667,mean
2020-08-31,2020-08-31,1 wk ahead inc death,2020-09-05,72,quantile,0.9,57.6666666666667,mean
2020-08-31,2020-08-31,1 wk ahead inc death,2020-09-05,72,quantile,0.95,63.3333333333333,mean
2020-08-31,2020-08-31,1 wk ahead inc death,2020-09-05,72,quantile,0.975,68.675,mean
2020-08-31,2020-08-31,1 wk ahead inc death,2020-09-05,72,quantile,0.99,76.3366666666667,mean
2020-08-31,2020-08-31,2 wk ahead inc death,2020-09-12,72,point,,38,mean
2020-08-31,2020-08-31,2 wk ahead inc death,2020-09-12,72,quantile,0.01,11,mean
2020-08-31,2020-08-31,2 wk ahead inc death,2020-09-12,72,quantile,0.025,13.6666666666667,mean
2020-08-31,2020-08-31,2 wk ahead inc death,2020-09-12,72,quantile,0.05,16.3333333333333,mean
2020-08-31,2020-08-31,2 wk ahead inc death,2020-09-12,72,quantile,0.1,20.3333333333333,mean
2020-08-31,2020-08-31,2 wk ahead inc death,2020-09-12,72,quantile,0.15,23,mean
2020-08-31,2020-08-31,2 wk ahead inc death,2020-09-12,72,quantile,0.2,25.6666666666667,mean
2020-08-31,2020-08-31,2 wk ahead inc death,2020-09-12,72,quantile,0.25,27.3333333333333,mean
2020-08-31,2020-08-31,2 wk ahead inc death,2020-09-12,72,quantile,0.3,29.3333333333333,mean
2020-08-31,2020-08-31,2 wk ahead inc death,2020-09-12,72,quantile,0.35,31.6666666666667,mean
2020-08-31,2020-08-31,2 wk ahead inc death,2020-09-12,72,quantile,0.4,33.6666666666667,mean
2020-08-31,2020-08-31,2 wk ahead inc death,2020-09-12,72,quantile,0.45,36,mean
2020-08-31,2020-08-31,2 wk ahead inc death,2020-09-12,72,quantile,0.5,38,mean
2020-08-31,2020-08-31,2 wk ahead inc death,2020-09-12,72,quantile,0.55,40.3333333333333,mean
2020-08-31,2020-08-31,2 wk ahead inc death,2020-09-12,72,quantile,0.6,42.6666666666667,mean
2020-08-31,2020-08-31,2 wk ahead inc death,2020-09-12,72,quantile,0.65,45.3333333333333,mean
2020-08-31,2020-08-31,2 wk ahead inc death,2020-09-12,72,quantile,0.7,47.6666666666667,mean
2020-08-31,2020-08-31,2 wk ahead inc death,2020-09-12,72,quantile,0.75,51.3333333333333,mean
2020-08-31,2020-08-31,2 wk ahead inc death,2020-09-12,72,quantile,0.8,55,mean
2020-08-31,2020-08-31,2 wk ahead inc death,2020-09-12,72,quantile,0.85,59.05,mean
2020-08-31,2020-08-31,2 wk ahead inc death,2020-09-12,72,quantile,0.9,64.6666666666667,mean
2020-08-31,2020-08-31,2 wk ahead inc death,2020-09-12,72,quantile,0.95,72.3333333333333,mean
2020-08-31,2020-08-31,2 wk ahead inc death,2020-09-12,72,quantile,0.975,81.6833333333334,mean
2020-08-31,2020-08-31,2 wk ahead inc death,2020-09-12,72,quantile,0.99,94.0166666666667,mean
2020-08-31,2020-08-31,3 wk ahead inc death,2020-09-19,72,point,,35.3333333333333,mean
2020-08-31,2020-08-31,3 wk ahead inc death,2020-09-19,72,quantile,0.01,6.32666666666667,mean
2020-08-31,2020-08-31,3 wk ahead inc death,2020-09-19,72,quantile,0.025,9,mean
2020-08-31,2020-08-31,3 wk ahead inc death,2020-09-19,72,quantile,0.05,11.3333333333333,mean
2020-08-31,2020-08-31,3 wk ahead inc death,2020-09-19,72,quantile,0.1,14.6666666666667,mean
2020-08-31,2020-08-31,3 wk ahead inc death,2020-09-19,72,quantile,0.15,17.3333333333333,mean
2020-08-31,2020-08-31,3 wk ahead inc death,2020-09-19,72,quantile,0.2,20.3333333333333,mean
2020-08-31,2020-08-31,3 wk ahead inc death,2020-09-19,72,quantile,0.25,22.6666666666667,mean
2020-08-31,2020-08-31,3 wk ahead inc death,2020-09-19,72,quantile,0.3,25,mean
2020-08-31,2020-08-31,3 wk ahead inc death,2020-09-19,72,quantile,0.35,27.6666666666667,mean
2020-08-31,2020-08-31,3 wk ahead inc death,2020-09-19,72,quantile,0.4,30,mean
2020-08-31,2020-08-31,3 wk ahead inc death,2020-09-19,72,quantile,0.45,33,mean
2020-08-31,2020-08-31,3 wk ahead inc death,2020-09-19,72,quantile,0.5,35.3333333333333,mean
2020-08-31,2020-08-31,3 wk ahead inc death,2020-09-19,72,quantile,0.55,38.3333333333333,mean
2020-08-31,2020-08-31,3 wk ahead inc death,2020-09-19,72,quantile,0.6,41.1333333333334,mean
2020-08-31,2020-08-31,3 wk ahead inc death,2020-09-19,72,quantile,0.65,44.3333333333333,mean
2020-08-31,2020-08-31,3 wk ahead inc death,2020-09-19,72,quantile,0.7,48.3333333333333,mean
2020-08-31,2020-08-31,3 wk ahead inc death,2020-09-19,72,quantile,0.75,53,mean
2020-08-31,2020-08-31,3 wk ahead inc death,2020-09-19,72,quantile,0.8,57.6666666666667,mean
2020-08-31,2020-08-31,3 wk ahead inc death,2020-09-19,72,quantile,0.85,64.6666666666667,mean
2020-08-31,2020-08-31,3 wk ahead inc death,2020-09-19,72,quantile,0.9,72.3666666666667,mean
2020-08-31,2020-08-31,3 wk ahead inc death,2020-09-19,72,quantile,0.95,93.6833333333333,mean
2020-08-31,2020-08-31,3 wk ahead inc death,2020-09-19,72,quantile,0.975,124.016666666667,mean
2020-08-31,2020-08-31,3 wk ahead inc death,2020-09-19,72,quantile,0.99,197.77,mean
2020-08-31,2020-08-31,4 wk ahead inc death,2020-09-26,72,point,,32,mean
2020-08-31,2020-08-31,4 wk ahead inc death,2020-09-26,72,quantile,0.01,3.33,mean
2020-08-31,2020-08-31,4 wk ahead inc death,2020-09-26,72,quantile,0.025,6,mean
2020-08-31,2020-08-31,4 wk ahead inc death,2020-09-26,72,quantile,0.05,8.33333333333333,mean
2020-08-31,2020-08-31,4 wk ahead inc death,2020-09-26,72,quantile,0.1,11,mean
2020-08-31,2020-08-31,4 wk ahead inc death,2020-09-26,72,quantile,0.15,14,mean
2020-08-31,2020-08-31,4 wk ahead inc death,2020-09-26,72,quantile,0.2,16,mean
2020-08-31,2020-08-31,4 wk ahead inc death,2020-09-26,72,quantile,0.25,18.6666666666667,mean
2020-08-31,2020-08-31,4 wk ahead inc death,2020-09-26,72,quantile,0.3,21,mean
2020-08-31,2020-08-31,4 wk ahead inc death,2020-09-26,72,quantile,0.35,23.2166666666667,mean
2020-08-31,2020-08-31,4 wk ahead inc death,2020-09-26,72,quantile,0.4,26,mean
2020-08-31,2020-08-31,4 wk ahead inc death,2020-09-26,72,quantile,0.45,28.3333333333333,mean
2020-08-31,2020-08-31,4 wk ahead inc death,2020-09-26,72,quantile,0.5,32,mean
2020-08-31,2020-08-31,4 wk ahead inc death,2020-09-26,72,quantile,0.55,34.6666666666667,mean
2020-08-31,2020-08-31,4 wk ahead inc death,2020-09-26,72,quantile,0.6,38.6666666666667,mean
2020-08-31,2020-08-31,4 wk ahead inc death,2020-09-26,72,quantile,0.65,42.6666666666667,mean
2020-08-31,2020-08-31,4 wk ahead inc death,2020-09-26,72,quantile,0.7,47.1,mean
2020-08-31,2020-08-31,4 wk ahead inc death,2020-09-26,72,quantile,0.75,53.3333333333333,mean
2020-08-31,2020-08-31,4 wk ahead inc death,2020-09-26,72,quantile,0.8,61,mean
2020-08-31,2020-08-31,4 wk ahead inc death,2020-09-26,72,quantile,0.85,70.6666666666667,mean
2020-08-31,2020-08-31,4 wk ahead inc death,2020-09-26,72,quantile,0.9,87.0333333333334,mean
2020-08-31,2020-08-31,4 wk ahead inc death,2020-09-26,72,quantile,0.95,124.75,mean
2020-08-31,2020-08-31,4 wk ahead inc death,2020-09-26,72,quantile,0.975,239.025,mean
2020-08-31,2020-08-31,4 wk ahead inc death,2020-09-26,72,quantile,0.99,488.106666666667,mean
2020-08-31,2020-08-31,1 wk ahead inc death,2020-09-05,78,point,,1.66666666666667,mean
2020-08-31,2020-08-31,1 wk ahead inc death,2020-09-05,78,quantile,0.01,0,mean
2020-08-31,2020-08-31,1 wk ahead inc death,2020-09-05,78,quantile,0.025,0,mean
2020-08-31,2020-08-31,1 wk ahead inc death,2020-09-05,78,quantile,0.05,0,mean
2020-08-31,2020-08-31,1 wk ahead inc death,2020-09-05,78,quantile,0.1,0,mean
2020-08-31,2020-08-31,1 wk ahead inc death,2020-09-05,78,quantile,0.15,0.333333333333333,mean
2020-08-31,2020-08-31,1 wk ahead inc death,2020-09-05,78,quantile,0.2,1,mean
2020-08-31,2020-08-31,1 wk ahead inc death,2020-09-05,78,quantile,0.25,1,mean
2020-08-31,2020-08-31,1 wk ahead inc death,2020-09-05,78,quantile,0.3,1,mean
2020-08-31,2020-08-31,1 wk ahead inc death,2020-09-05,78,quantile,0.35,1,mean
2020-08-31,2020-08-31,1 wk ahead inc death,2020-09-05,78,quantile,0.4,1.33333333333333,mean
2020-08-31,2020-08-31,1 wk ahead inc death,2020-09-05,78,quantile,0.45,1.66666666666667,mean
2020-08-31,2020-08-31,1 wk ahead inc death,2020-09-05,78,quantile,0.5,1.66666666666667,mean
2020-08-31,2020-08-31,1 wk ahead inc death,2020-09-05,78,quantile,0.55,2,mean
2020-08-31,2020-08-31,1 wk ahead inc death,2020-09-05,78,quantile,0.6,2.33333333333333,mean
2020-08-31,2020-08-31,1 wk ahead inc death,2020-09-05,78,quantile,0.65,2.66666666666667,mean
2020-08-31,2020-08-31,1 wk ahead inc death,2020-09-05,78,quantile,0.7,3,mean
2020-08-31,2020-08-31,1 wk ahead inc death,2020-09-05,78,quantile,0.75,3,mean
2020-08-31,2020-08-31,1 wk ahead inc death,2020-09-05,78,quantile,0.8,3.66666666666667,mean
2020-08-31,2020-08-31,1 wk ahead inc death,2020-09-05,78,quantile,0.85,4,mean
2020-08-31,2020-08-31,1 wk ahead inc death,2020-09-05,78,quantile,0.9,4.66666666666667,mean
2020-08-31,2020-08-31,1 wk ahead inc death,2020-09-05,78,quantile,0.95,6,mean
2020-08-31,2020-08-31,1 wk ahead inc death,2020-09-05,78,quantile,0.975,7,mean
2020-08-31,2020-08-31,1 wk ahead inc death,2020-09-05,78,quantile,0.99,7.67,mean
2020-08-31,2020-08-31,2 wk ahead inc death,2020-09-12,78,point,,2.66666666666667,mean
2020-08-31,2020-08-31,2 wk ahead inc death,2020-09-12,78,quantile,0.01,0,mean
2020-08-31,2020-08-31,2 wk ahead inc death,2020-09-12,78,quantile,0.025,0,mean
2020-08-31,2020-08-31,2 wk ahead inc death,2020-09-12,78,quantile,0.05,0,mean
2020-08-31,2020-08-31,2 wk ahead inc death,2020-09-12,78,quantile,0.1,0.333333333333333,mean
2020-08-31,2020-08-31,2 wk ahead inc death,2020-09-12,78,quantile,0.15,0.666666666666667,mean
2020-08-31,2020-08-31,2 wk ahead inc death,2020-09-12,78,quantile,0.2,1,mean
2020-08-31,2020-08-31,2 wk ahead inc death,2020-09-12,78,quantile,0.25,1.33333333333333,mean
2020-08-31,2020-08-31,2 wk ahead inc death,2020-09-12,78,quantile,0.3,1.33333333333333,mean
2020-08-31,2020-08-31,2 wk ahead inc death,2020-09-12,78,quantile,0.35,2,mean
2020-08-31,2020-08-31,2 wk ahead inc death,2020-09-12,78,quantile,0.4,2,mean
2020-08-31,2020-08-31,2 wk ahead inc death,2020-09-12,78,quantile,0.45,2.33333333333333,mean
2020-08-31,2020-08-31,2 wk ahead inc death,2020-09-12,78,quantile,0.5,2.66666666666667,mean
2020-08-31,2020-08-31,2 wk ahead inc death,2020-09-12,78,quantile,0.55,3,mean
2020-08-31,2020-08-31,2 wk ahead inc death,2020-09-12,78,quantile,0.6,3.33333333333333,mean
2020-08-31,2020-08-31,2 wk ahead inc death,2020-09-12,78,quantile,0.65,3.66666666666667,mean
2020-08-31,2020-08-31,2 wk ahead inc death,2020-09-12,78,quantile,0.7,4.33333333333333,mean
2020-08-31,2020-08-31,2 wk ahead inc death,2020-09-12,78,quantile,0.75,5,mean
2020-08-31,2020-08-31,2 wk ahead inc death,2020-09-12,78,quantile,0.8,5.66666666666667,mean
2020-08-31,2020-08-31,2 wk ahead inc death,2020-09-12,78,quantile,0.85,7.33333333333333,mean
2020-08-31,2020-08-31,2 wk ahead inc death,2020-09-12,78,quantile,0.9,8.66666666666673,mean
2020-08-31,2020-08-31,2 wk ahead inc death,2020-09-12,78,quantile,0.95,11.6666666666667,mean
2020-08-31,2020-08-31,2 wk ahead inc death,2020-09-12,78,quantile,0.975,14,mean
2020-08-31,2020-08-31,2 wk ahead inc death,2020-09-12,78,quantile,0.99,16.3333333333333,mean
2020-08-31,2020-08-31,3 wk ahead inc death,2020-09-19,78,point,,2.66666666666667,mean
2020-08-31,2020-08-31,3 wk ahead inc death,2020-09-19,78,quantile,0.01,0,mean
2020-08-31,2020-08-31,3 wk ahead inc death,2020-09-19,78,quantile,0.025,0,mean
2020-08-31,2020-08-31,3 wk ahead inc death,2020-09-19,78,quantile,0.05,0.333333333333333,mean
2020-08-31,2020-08-31,3 wk ahead inc death,2020-09-19,78,quantile,0.1,0.333333333333333,mean
2020-08-31,2020-08-31,3 wk ahead inc death,2020-09-19,78,quantile,0.15,0.333333333333333,mean
2020-08-31,2020-08-31,3 wk ahead inc death,2020-09-19,78,quantile,0.2,1,mean
2020-08-31,2020-08-31,3 wk ahead inc death,2020-09-19,78,quantile,0.25,1.33333333333333,mean
2020-08-31,2020-08-31,3 wk ahead inc death,2020-09-19,78,quantile,0.3,1.33333333333333,mean
2020-08-31,2020-08-31,3 wk ahead inc death,2020-09-19,78,quantile,0.35,1.55000000000001,mean
2020-08-31,2020-08-31,3 wk ahead inc death,2020-09-19,78,quantile,0.4,2.33333333333333,mean
2020-08-31,2020-08-31,3 wk ahead inc death,2020-09-19,78,quantile,0.45,2.33333333333333,mean
2020-08-31,2020-08-31,3 wk ahead inc death,2020-09-19,78,quantile,0.5,2.66666666666667,mean
2020-08-31,2020-08-31,3 wk ahead inc death,2020-09-19,78,quantile,0.55,3,mean
2020-08-31,2020-08-31,3 wk ahead inc death,2020-09-19,78,quantile,0.6,4,mean
2020-08-31,2020-08-31,3 wk ahead inc death,2020-09-19,78,quantile,0.65,4.33333333333333,mean
2020-08-31,2020-08-31,3 wk ahead inc death,2020-09-19,78,quantile,0.7,5.33333333333333,mean
2020-08-31,2020-08-31,3 wk ahead inc death,2020-09-19,78,quantile,0.75,6.66666666666667,mean
2020-08-31,2020-08-31,3 wk ahead inc death,2020-09-19,78,quantile,0.8,8.66666666666667,mean
2020-08-31,2020-08-31,3 wk ahead inc death,2020-09-19,78,quantile,0.85,11,mean
2020-08-31,2020-08-31,3 wk ahead inc death,2020-09-19,78,quantile,0.9,15,mean
2020-08-31,2020-08-31,3 wk ahead inc death,2020-09-19,78,quantile,0.95,21.3333333333333,mean
2020-08-31,2020-08-31,3 wk ahead inc death,2020-09-19,78,quantile,0.975,27,mean
2020-08-31,2020-08-31,3 wk ahead inc death,2020-09-19,78,quantile,0.99,33.6733333333333,mean
2020-08-31,2020-08-31,4 wk ahead inc death,2020-09-26,78,point,,3,mean
2020-08-31,2020-08-31,4 wk ahead inc death,2020-09-26,78,quantile,0.01,0,mean
2020-08-31,2020-08-31,4 wk ahead inc death,2020-09-26,78,quantile,0.025,0,mean
2020-08-31,2020-08-31,4 wk ahead inc death,2020-09-26,78,quantile,0.05,0.333333333333333,mean
2020-08-31,2020-08-31,4 wk ahead inc death,2020-09-26,78,quantile,0.1,0.333333333333333,mean
2020-08-31,2020-08-31,4 wk ahead inc death,2020-09-26,78,quantile,0.15,0.666666666666667,mean
2020-08-31,2020-08-31,4 wk ahead inc death,2020-09-26,78,quantile,0.2,0.666666666666667,mean
2020-08-31,2020-08-31,4 wk ahead inc death,2020-09-26,78,quantile,0.25,0.666666666666667,mean
2020-08-31,2020-08-31,4 wk ahead inc death,2020-09-26,78,quantile,0.3,1.66666666666667,mean
2020-08-31,2020-08-31,4 wk ahead inc death,2020-09-26,78,quantile,0.35,1.66666666666667,mean
2020-08-31,2020-08-31,4 wk ahead inc death,2020-09-26,78,quantile,0.4,2,mean
2020-08-31,2020-08-31,4 wk ahead inc death,2020-09-26,78,quantile,0.45,2,mean
2020-08-31,2020-08-31,4 wk ahead inc death,2020-09-26,78,quantile,0.5,3,mean
2020-08-31,2020-08-31,4 wk ahead inc death,2020-09-26,78,quantile,0.55,3.66666666666667,mean
2020-08-31,2020-08-31,4 wk ahead inc death,2020-09-26,78,quantile,0.6,4,mean
2020-08-31,2020-08-31,4 wk ahead inc death,2020-09-26,78,quantile,0.65,5.33333333333333,mean
2020-08-31,2020-08-31,4 wk ahead inc death,2020-09-26,78,quantile,0.7,6.33333333333333,mean
2020-08-31,2020-08-31,4 wk ahead inc death,2020-09-26,78,quantile,0.75,8,mean
2020-08-31,2020-08-31,4 wk ahead inc death,2020-09-26,78,quantile,0.8,11.3333333333333,mean
2020-08-31,2020-08-31,4 wk ahead inc death,2020-09-26,78,quantile,0.85,15,mean
2020-08-31,2020-08-31,4 wk ahead inc death,2020-09-26,78,quantile,0.9,20.6666666666667,mean
2020-08-31,2020-08-31,4 wk ahead inc death,2020-09-26,78,quantile,0.95,29.0166666666667,mean
2020-08-31,2020-08-31,4 wk ahead inc death,2020-09-26,78,quantile,0.975,35.675,mean
2020-08-31,2020-08-31,4 wk ahead inc death,2020-09-26,78,quantile,0.99,45.6833333333333,mean
2020-08-31,2020-08-31,1 wk ahead inc death,2020-09-05,US,point,,5593.16666666667,mean
2020-08-31,2020-08-31,1 wk ahead inc death,2020-09-05,US,quantile,0.01,4383.54666666667,mean
2020-08-31,2020-08-31,1 wk ahead inc death,2020-09-05,US,quantile,0.025,4512.21666666667,mean
2020-08-31,2020-08-31,1 wk ahead inc death,2020-09-05,US,quantile,0.05,4657.23333333333,mean
2020-08-31,2020-08-31,1 wk ahead inc death,2020-09-05,US,quantile,0.1,4849.56666666667,mean
2020-08-31,2020-08-31,1 wk ahead inc death,2020-09-05,US,quantile,0.15,4979.56666666667,mean
2020-08-31,2020-08-31,1 wk ahead inc death,2020-09-05,US,quantile,0.2,5083.46666666667,mean
2020-08-31,2020-08-31,1 wk ahead inc death,2020-09-05,US,quantile,0.25,5181.16666666667,mean
2020-08-31,2020-08-31,1 wk ahead inc death,2020-09-05,US,quantile,0.3,5266.96666666667,mean
2020-08-31,2020-08-31,1 wk ahead inc death,2020-09-05,US,quantile,0.35,5361.76666666667,mean
2020-08-31,2020-08-31,1 wk ahead inc death,2020-09-05,US,quantile,0.4,5439.73333333333,mean
2020-08-31,2020-08-31,1 wk ahead inc death,2020-09-05,US,quantile,0.45,5521.36666666667,mean
2020-08-31,2020-08-31,1 wk ahead inc death,2020-09-05,US,quantile,0.5,5593.16666666667,mean
2020-08-31,2020-08-31,1 wk ahead inc death,2020-09-05,US,quantile,0.55,5669.63333333333,mean
2020-08-31,2020-08-31,1 wk ahead inc death,2020-09-05,US,quantile,0.6,5746.8,mean
2020-08-31,2020-08-31,1 wk ahead inc death,2020-09-05,US,quantile,0.65,5846.7,mean
2020-08-31,2020-08-31,1 wk ahead inc death,2020-09-05,US,quantile,0.7,5931.73333333333,mean
2020-08-31,2020-08-31,1 wk ahead inc death,2020-09-05,US,quantile,0.75,6039.66666666667,mean
2020-08-31,2020-08-31,1 wk ahead inc death,2020-09-05,US,quantile,0.8,6156.66666666667,mean
2020-08-31,2020-08-31,1 wk ahead inc death,2020-09-05,US,quantile,0.85,6271.83333333333,mean
2020-08-31,2020-08-31,1 wk ahead inc death,2020-09-05,US,quantile,0.9,6426.13333333333,mean
2020-08-31,2020-08-31,1 wk ahead inc death,2020-09-05,US,quantile,0.95,6655.91666666667,mean
2020-08-31,2020-08-31,1 wk ahead inc death,2020-09-05,US,quantile,0.975,6809.05833333334,mean
2020-08-31,2020-08-31,1 wk ahead inc death,2020-09-05,US,quantile,0.99,7010.11666666667,mean
2020-08-31,2020-08-31,2 wk ahead inc death,2020-09-12,US,point,,5447.16666666667,mean
2020-08-31,2020-08-31,2 wk ahead inc death,2020-09-12,US,quantile,0.01,3641.17,mean
2020-08-31,2020-08-31,2 wk ahead inc death,2020-09-12,US,quantile,0.025,3877.44166666667,mean
2020-08-31,2020-08-31,2 wk ahead inc death,2020-09-12,US,quantile,0.05,4105.53333333333,mean
2020-08-31,2020-08-31,2 wk ahead inc death,2020-09-12,US,quantile,0.1,4351.13333333333,mean
2020-08-31,2020-08-31,2 wk ahead inc death,2020-09-12,US,quantile,0.15,4529.91666666667,mean
2020-08-31,2020-08-31,2 wk ahead inc death,2020-09-12,US,quantile,0.2,4677.6,mean
2020-08-31,2020-08-31,2 wk ahead inc death,2020-09-12,US,quantile,0.25,4828.83333333333,mean
2020-08-31,2020-08-31,2 wk ahead inc death,2020-09-12,US,quantile,0.3,4984.36666666667,mean
2020-08-31,2020-08-31,2 wk ahead inc death,2020-09-12,US,quantile,0.35,5101.41666666667,mean
2020-08-31,2020-08-31,2 wk ahead inc death,2020-09-12,US,quantile,0.4,5226.4,mean
2020-08-31,2020-08-31,2 wk ahead inc death,2020-09-12,US,quantile,0.45,5341.4,mean
2020-08-31,2020-08-31,2 wk ahead inc death,2020-09-12,US,quantile,0.5,5447.16666666667,mean
2020-08-31,2020-08-31,2 wk ahead inc death,2020-09-12,US,quantile,0.55,5565.11666666667,mean
2020-08-31,2020-08-31,2 wk ahead inc death,2020-09-12,US,quantile,0.6,5696.33333333333,mean
2020-08-31,2020-08-31,2 wk ahead inc death,2020-09-12,US,quantile,0.65,5826.11666666667,mean
2020-08-31,2020-08-31,2 wk ahead inc death,2020-09-12,US,quantile,0.7,5977.46666666667,mean
2020-08-31,2020-08-31,2 wk ahead inc death,2020-09-12,US,quantile,0.75,6152.16666666667,mean
2020-08-31,2020-08-31,2 wk ahead inc death,2020-09-12,US,quantile,0.8,6331.06666666667,mean
2020-08-31,2020-08-31,2 wk ahead inc death,2020-09-12,US,quantile,0.85,6577.76666666667,mean
2020-08-31,2020-08-31,2 wk ahead inc death,2020-09-12,US,quantile,0.9,6823.4,mean
2020-08-31,2020-08-31,2 wk ahead inc death,2020-09-12,US,quantile,0.95,7195.23333333333,mean
2020-08-31,2020-08-31,2 wk ahead inc death,2020-09-12,US,quantile,0.975,7478.25,mean
2020-08-31,2020-08-31,2 wk ahead inc death,2020-09-12,US,quantile,0.99,7728.42666666667,mean
2020-08-31,2020-08-31,3 wk ahead inc death,2020-09-19,US,point,,5299.33333333333,mean
2020-08-31,2020-08-31,3 wk ahead inc death,2020-09-19,US,quantile,0.01,3124.39333333333,mean
2020-08-31,2020-08-31,3 wk ahead inc death,2020-09-19,US,quantile,0.025,3368.49166666667,mean
2020-08-31,2020-08-31,3 wk ahead inc death,2020-09-19,US,quantile,0.05,3606.15,mean
2020-08-31,2020-08-31,3 wk ahead inc death,2020-09-19,US,quantile,0.1,3892.46666666667,mean
2020-08-31,2020-08-31,3 wk ahead inc death,2020-09-19,US,quantile,0.15,4130.73333333333,mean
2020-08-31,2020-08-31,3 wk ahead inc death,2020-09-19,US,quantile,0.2,4311.2,mean
2020-08-31,2020-08-31,3 wk ahead inc death,2020-09-19,US,quantile,0.25,4495.16666666667,mean
2020-08-31,2020-08-31,3 wk ahead inc death,2020-09-19,US,quantile,0.3,4668.83333333333,mean
2020-08-31,2020-08-31,3 wk ahead inc death,2020-09-19,US,quantile,0.35,4837.76666666667,mean
2020-08-31,2020-08-31,3 wk ahead inc death,2020-09-19,US,quantile,0.4,4997.33333333333,mean
2020-08-31,2020-08-31,3 wk ahead inc death,2020-09-19,US,quantile,0.45,5148.03333333333,mean
2020-08-31,2020-08-31,3 wk ahead inc death,2020-09-19,US,quantile,0.5,5299.33333333333,mean
2020-08-31,2020-08-31,3 wk ahead inc death,2020-09-19,US,quantile,0.55,5468.3,mean
2020-08-31,2020-08-31,3 wk ahead inc death,2020-09-19,US,quantile,0.6,5617.66666666667,mean
2020-08-31,2020-08-31,3 wk ahead inc death,2020-09-19,US,quantile,0.65,5774.56666666667,mean
2020-08-31,2020-08-31,3 wk ahead inc death,2020-09-19,US,quantile,0.7,5960.46666666667,mean
2020-08-31,2020-08-31,3 wk ahead inc death,2020-09-19,US,quantile,0.75,6200.58333333333,mean
2020-08-31,2020-08-31,3 wk ahead inc death,2020-09-19,US,quantile,0.8,6484.86666666667,mean
2020-08-31,2020-08-31,3 wk ahead inc death,2020-09-19,US,quantile,0.85,6853.26666666667,mean
2020-08-31,2020-08-31,3 wk ahead inc death,2020-09-19,US,quantile,0.9,7260.23333333333,mean
2020-08-31,2020-08-31,3 wk ahead inc death,2020-09-19,US,quantile,0.95,7844.43333333334,mean
2020-08-31,2020-08-31,3 wk ahead inc death,2020-09-19,US,quantile,0.975,8280.40833333333,mean
2020-08-31,2020-08-31,3 wk ahead inc death,2020-09-19,US,quantile,0.99,8668.28666666667,mean
2020-08-31,2020-08-31,4 wk ahead inc death,2020-09-26,US,point,,5233.33333333333,mean
2020-08-31,2020-08-31,4 wk ahead inc death,2020-09-26,US,quantile,0.01,2794.15,mean
2020-08-31,2020-08-31,4 wk ahead inc death,2020-09-26,US,quantile,0.025,3019.2,mean
2020-08-31,2020-08-31,4 wk ahead inc death,2020-09-26,US,quantile,0.05,3274.71666666667,mean
2020-08-31,2020-08-31,4 wk ahead inc death,2020-09-26,US,quantile,0.1,3594.13333333333,mean
2020-08-31,2020-08-31,4 wk ahead inc death,2020-09-26,US,quantile,0.15,3860.23333333333,mean
2020-08-31,2020-08-31,4 wk ahead inc death,2020-09-26,US,quantile,0.2,4073.66666666667,mean
2020-08-31,2020-08-31,4 wk ahead inc death,2020-09-26,US,quantile,0.25,4274.91666666667,mean
2020-08-31,2020-08-31,4 wk ahead inc death,2020-09-26,US,quantile,0.3,4453.46666666667,mean
2020-08-31,2020-08-31,4 wk ahead inc death,2020-09-26,US,quantile,0.35,4634.1,mean
2020-08-31,2020-08-31,4 wk ahead inc death,2020-09-26,US,quantile,0.4,4824.93333333333,mean
2020-08-31,2020-08-31,4 wk ahead inc death,2020-09-26,US,quantile,0.45,5032.35,mean
2020-08-31,2020-08-31,4 wk ahead inc death,2020-09-26,US,quantile,0.5,5233.33333333333,mean
2020-08-31,2020-08-31,4 wk ahead inc death,2020-09-26,US,quantile,0.55,5422.6,mean
2020-08-31,2020-08-31,4 wk ahead inc death,2020-09-26,US,quantile,0.6,5661.13333333334,mean
2020-08-31,2020-08-31,4 wk ahead inc death,2020-09-26,US,quantile,0.65,5874.56666666667,mean
2020-08-31,2020-08-31,4 wk ahead inc death,2020-09-26,US,quantile,0.7,6093.43333333333,mean
2020-08-31,2020-08-31,4 wk ahead inc death,2020-09-26,US,quantile,0.75,6354.66666666667,mean
2020-08-31,2020-08-31,4 wk ahead inc death,2020-09-26,US,quantile,0.8,6718.66666666667,mean
2020-08-31,2020-08-31,4 wk ahead inc death,2020-09-26,US,quantile,0.85,7263.88333333333,mean
2020-08-31,2020-08-31,4 wk ahead inc death,2020-09-26,US,quantile,0.9,7927.16666666667,mean
2020-08-31,2020-08-31,4 wk ahead inc death,2020-09-26,US,quantile,0.95,8814.7,mean
2020-08-31,2020-08-31,4 wk ahead inc death,2020-09-26,US,quantile,0.975,9537.00833333333,mean
2020-08-31,2020-08-31,4 wk ahead inc death,2020-09-26,US,quantile,0.99,10196.0766666667,mean
2020-08-31,2020-08-31,1 wk ahead inc death,2020-09-05,60,point,,0,mean
2020-08-31,2020-08-31,1 wk ahead inc death,2020-09-05,60,quantile,0.01,0,mean
2020-08-31,2020-08-31,1 wk ahead inc death,2020-09-05,60,quantile,0.025,0,mean
2020-08-31,2020-08-31,1 wk ahead inc death,2020-09-05,60,quantile,0.05,0,mean
2020-08-31,2020-08-31,1 wk ahead inc death,2020-09-05,60,quantile,0.1,0,mean
2020-08-31,2020-08-31,1 wk ahead inc death,2020-09-05,60,quantile,0.15,0,mean
2020-08-31,2020-08-31,1 wk ahead inc death,2020-09-05,60,quantile,0.2,0,mean
2020-08-31,2020-08-31,1 wk ahead inc death,2020-09-05,60,quantile,0.25,0,mean
2020-08-31,2020-08-31,1 wk ahead inc death,2020-09-05,60,quantile,0.3,0,mean
2020-08-31,2020-08-31,1 wk ahead inc death,2020-09-05,60,quantile,0.35,0,mean
2020-08-31,2020-08-31,1 wk ahead inc death,2020-09-05,60,quantile,0.4,0,mean
2020-08-31,2020-08-31,1 wk ahead inc death,2020-09-05,60,quantile,0.45,0,mean
2020-08-31,2020-08-31,1 wk ahead inc death,2020-09-05,60,quantile,0.5,0,mean
2020-08-31,2020-08-31,1 wk ahead inc death,2020-09-05,60,quantile,0.55,0,mean
2020-08-31,2020-08-31,1 wk ahead inc death,2020-09-05,60,quantile,0.6,0,mean
2020-08-31,2020-08-31,1 wk ahead inc death,2020-09-05,60,quantile,0.65,0,mean
2020-08-31,2020-08-31,1 wk ahead inc death,2020-09-05,60,quantile,0.7,0,mean
2020-08-31,2020-08-31,1 wk ahead inc death,2020-09-05,60,quantile,0.75,0,mean
2020-08-31,2020-08-31,1 wk ahead inc death,2020-09-05,60,quantile,0.8,0,mean
2020-08-31,2020-08-31,1 wk ahead inc death,2020-09-05,60,quantile,0.85,0,mean
2020-08-31,2020-08-31,1 wk ahead inc death,2020-09-05,60,quantile,0.9,0,mean
2020-08-31,2020-08-31,1 wk ahead inc death,2020-09-05,60,quantile,0.95,0,mean
2020-08-31,2020-08-31,1 wk ahead inc death,2020-09-05,60,quantile,0.975,0,mean
2020-08-31,2020-08-31,1 wk ahead inc death,2020-09-05,60,quantile,0.99,0,mean
2020-08-31,2020-08-31,2 wk ahead inc death,2020-09-12,60,point,,0,mean
2020-08-31,2020-08-31,2 wk ahead inc death,2020-09-12,60,quantile,0.01,0,mean
2020-08-31,2020-08-31,2 wk ahead inc death,2020-09-12,60,quantile,0.025,0,mean
2020-08-31,2020-08-31,2 wk ahead inc death,2020-09-12,60,quantile,0.05,0,mean
2020-08-31,2020-08-31,2 wk ahead inc death,2020-09-12,60,quantile,0.1,0,mean
2020-08-31,2020-08-31,2 wk ahead inc death,2020-09-12,60,quantile,0.15,0,mean
2020-08-31,2020-08-31,2 wk ahead inc death,2020-09-12,60,quantile,0.2,0,mean
2020-08-31,2020-08-31,2 wk ahead inc death,2020-09-12,60,quantile,0.25,0,mean
2020-08-31,2020-08-31,2 wk ahead inc death,2020-09-12,60,quantile,0.3,0,mean
2020-08-31,2020-08-31,2 wk ahead inc death,2020-09-12,60,quantile,0.35,0,mean
2020-08-31,2020-08-31,2 wk ahead inc death,2020-09-12,60,quantile,0.4,0,mean
2020-08-31,2020-08-31,2 wk ahead inc death,2020-09-12,60,quantile,0.45,0,mean
2020-08-31,2020-08-31,2 wk ahead inc death,2020-09-12,60,quantile,0.5,0,mean
2020-08-31,2020-08-31,2 wk ahead inc death,2020-09-12,60,quantile,0.55,0,mean
2020-08-31,2020-08-31,2 wk ahead inc death,2020-09-12,60,quantile,0.6,0,mean
2020-08-31,2020-08-31,2 wk ahead inc death,2020-09-12,60,quantile,0.65,0,mean
2020-08-31,2020-08-31,2 wk ahead inc death,2020-09-12,60,quantile,0.7,0,mean
2020-08-31,2020-08-31,2 wk ahead inc death,2020-09-12,60,quantile,0.75,0,mean
2020-08-31,2020-08-31,2 wk ahead inc death,2020-09-12,60,quantile,0.8,0,mean
2020-08-31,2020-08-31,2 wk ahead inc death,2020-09-12,60,quantile,0.85,0,mean
2020-08-31,2020-08-31,2 wk ahead inc death,2020-09-12,60,quantile,0.9,0,mean
2020-08-31,2020-08-31,2 wk ahead inc death,2020-09-12,60,quantile,0.95,0,mean
2020-08-31,2020-08-31,2 wk ahead inc death,2020-09-12,60,quantile,0.975,0,mean
2020-08-31,2020-08-31,2 wk ahead inc death,2020-09-12,60,quantile,0.99,0,mean
2020-08-31,2020-08-31,3 wk ahead inc death,2020-09-19,60,point,,0,mean
2020-08-31,2020-08-31,3 wk ahead inc death,2020-09-19,60,quantile,0.01,0,mean
2020-08-31,2020-08-31,3 wk ahead inc death,2020-09-19,60,quantile,0.025,0,mean
2020-08-31,2020-08-31,3 wk ahead inc death,2020-09-19,60,quantile,0.05,0,mean
2020-08-31,2020-08-31,3 wk ahead inc death,2020-09-19,60,quantile,0.1,0,mean
2020-08-31,2020-08-31,3 wk ahead inc death,2020-09-19,60,quantile,0.15,0,mean
2020-08-31,2020-08-31,3 wk ahead inc death,2020-09-19,60,quantile,0.2,0,mean
2020-08-31,2020-08-31,3 wk ahead inc death,2020-09-19,60,quantile,0.25,0,mean
2020-08-31,2020-08-31,3 wk ahead inc death,2020-09-19,60,quantile,0.3,0,mean
2020-08-31,2020-08-31,3 wk ahead inc death,2020-09-19,60,quantile,0.35,0,mean
2020-08-31,2020-08-31,3 wk ahead inc death,2020-09-19,60,quantile,0.4,0,mean
2020-08-31,2020-08-31,3 wk ahead inc death,2020-09-19,60,quantile,0.45,0,mean
2020-08-31,2020-08-31,3 wk ahead inc death,2020-09-19,60,quantile,0.5,0,mean
2020-08-31,2020-08-31,3 wk ahead inc death,2020-09-19,60,quantile,0.55,0,mean
2020-08-31,2020-08-31,3 wk ahead inc death,2020-09-19,60,quantile,0.6,0,mean
2020-08-31,2020-08-31,3 wk ahead inc death,2020-09-19,60,quantile,0.65,0,mean
2020-08-31,2020-08-31,3 wk ahead inc death,2020-09-19,60,quantile,0.7,0,mean
2020-08-31,2020-08-31,3 wk ahead inc death,2020-09-19,60,quantile,0.75,0,mean
2020-08-31,2020-08-31,3 wk ahead inc death,2020-09-19,60,quantile,0.8,0,mean
2020-08-31,2020-08-31,3 wk ahead inc death,2020-09-19,60,quantile,0.85,0,mean
2020-08-31,2020-08-31,3 wk ahead inc death,2020-09-19,60,quantile,0.9,0,mean
2020-08-31,2020-08-31,3 wk ahead inc death,2020-09-19,60,quantile,0.95,0,mean
2020-08-31,2020-08-31,3 wk ahead inc death,2020-09-19,60,quantile,0.975,0,mean
2020-08-31,2020-08-31,3 wk ahead inc death,2020-09-19,60,quantile,0.99,0,mean
2020-08-31,2020-08-31,4 wk ahead inc death,2020-09-26,60,point,,0,mean
2020-08-31,2020-08-31,4 wk ahead inc death,2020-09-26,60,quantile,0.01,0,mean
2020-08-31,2020-08-31,4 wk ahead inc death,2020-09-26,60,quantile,0.025,0,mean
2020-08-31,2020-08-31,4 wk ahead inc death,2020-09-26,60,quantile,0.05,0,mean
2020-08-31,2020-08-31,4 wk ahead inc death,2020-09-26,60,quantile,0.1,0,mean
2020-08-31,2020-08-31,4 wk ahead inc death,2020-09-26,60,quantile,0.15,0,mean
2020-08-31,2020-08-31,4 wk ahead inc death,2020-09-26,60,quantile,0.2,0,mean
2020-08-31,2020-08-31,4 wk ahead inc death,2020-09-26,60,quantile,0.25,0,mean
2020-08-31,2020-08-31,4 wk ahead inc death,2020-09-26,60,quantile,0.3,0,mean
2020-08-31,2020-08-31,4 wk ahead inc death,2020-09-26,60,quantile,0.35,0,mean
2020-08-31,2020-08-31,4 wk ahead inc death,2020-09-26,60,quantile,0.4,0,mean
2020-08-31,2020-08-31,4 wk ahead inc death,2020-09-26,60,quantile,0.45,0,mean
2020-08-31,2020-08-31,4 wk ahead inc death,2020-09-26,60,quantile,0.5,0,mean
2020-08-31,2020-08-31,4 wk ahead inc death,2020-09-26,60,quantile,0.55,0,mean
2020-08-31,2020-08-31,4 wk ahead inc death,2020-09-26,60,quantile,0.6,0,mean
2020-08-31,2020-08-31,4 wk ahead inc death,2020-09-26,60,quantile,0.65,0,mean
2020-08-31,2020-08-31,4 wk ahead inc death,2020-09-26,60,quantile,0.7,0,mean
2020-08-31,2020-08-31,4 wk ahead inc death,2020-09-26,60,quantile,0.75,0,mean
2020-08-31,2020-08-31,4 wk ahead inc death,2020-09-26,60,quantile,0.8,0,mean
2020-08-31,2020-08-31,4 wk ahead inc death,2020-09-26,60,quantile,0.85,0,mean
2020-08-31,2020-08-31,4 wk ahead inc death,2020-09-26,60,quantile,0.9,0,mean
2020-08-31,2020-08-31,4 wk ahead inc death,2020-09-26,60,quantile,0.95,0,mean
2020-08-31,2020-08-31,4 wk ahead inc death,2020-09-26,60,quantile,0.975,0,mean
2020-08-31,2020-08-31,4 wk ahead inc death,2020-09-26,60,quantile,0.99,0,mean
2020-08-31,2020-08-31,1 wk ahead inc death,2020-09-05,69,point,,0,mean
2020-08-31,2020-08-31,1 wk ahead inc death,2020-09-05,69,quantile,0.01,0,mean
2020-08-31,2020-08-31,1 wk ahead inc death,2020-09-05,69,quantile,0.025,0,mean
2020-08-31,2020-08-31,1 wk ahead inc death,2020-09-05,69,quantile,0.05,0,mean
2020-08-31,2020-08-31,1 wk ahead inc death,2020-09-05,69,quantile,0.1,0,mean
2020-08-31,2020-08-31,1 wk ahead inc death,2020-09-05,69,quantile,0.15,0,mean
2020-08-31,2020-08-31,1 wk ahead inc death,2020-09-05,69,quantile,0.2,0,mean
2020-08-31,2020-08-31,1 wk ahead inc death,2020-09-05,69,quantile,0.25,0,mean
2020-08-31,2020-08-31,1 wk ahead inc death,2020-09-05,69,quantile,0.3,0,mean
2020-08-31,2020-08-31,1 wk ahead inc death,2020-09-05,69,quantile,0.35,0,mean
2020-08-31,2020-08-31,1 wk ahead inc death,2020-09-05,69,quantile,0.4,0,mean
2020-08-31,2020-08-31,1 wk ahead inc death,2020-09-05,69,quantile,0.45,0,mean
2020-08-31,2020-08-31,1 wk ahead inc death,2020-09-05,69,quantile,0.5,0,mean
2020-08-31,2020-08-31,1 wk ahead inc death,2020-09-05,69,quantile,0.55,0,mean
2020-08-31,2020-08-31,1 wk ahead inc death,2020-09-05,69,quantile,0.6,0,mean
2020-08-31,2020-08-31,1 wk ahead inc death,2020-09-05,69,quantile,0.65,0,mean
2020-08-31,2020-08-31,1 wk ahead inc death,2020-09-05,69,quantile,0.7,0,mean
2020-08-31,2020-08-31,1 wk ahead inc death,2020-09-05,69,quantile,0.75,0,mean
2020-08-31,2020-08-31,1 wk ahead inc death,2020-09-05,69,quantile,0.8,0,mean
2020-08-31,2020-08-31,1 wk ahead inc death,2020-09-05,69,quantile,0.85,0,mean
2020-08-31,2020-08-31,1 wk ahead inc death,2020-09-05,69,quantile,0.9,0,mean
2020-08-31,2020-08-31,1 wk ahead inc death,2020-09-05,69,quantile,0.95,0,mean
2020-08-31,2020-08-31,1 wk ahead inc death,2020-09-05,69,quantile,0.975,0.5,mean
2020-08-31,2020-08-31,1 wk ahead inc death,2020-09-05,69,quantile,0.99,0.5,mean
2020-08-31,2020-08-31,2 wk ahead inc death,2020-09-12,69,point,,0,mean
2020-08-31,2020-08-31,2 wk ahead inc death,2020-09-12,69,quantile,0.01,0,mean
2020-08-31,2020-08-31,2 wk ahead inc death,2020-09-12,69,quantile,0.025,0,mean
2020-08-31,2020-08-31,2 wk ahead inc death,2020-09-12,69,quantile,0.05,0,mean
2020-08-31,2020-08-31,2 wk ahead inc death,2020-09-12,69,quantile,0.1,0,mean
2020-08-31,2020-08-31,2 wk ahead inc death,2020-09-12,69,quantile,0.15,0,mean
2020-08-31,2020-08-31,2 wk ahead inc death,2020-09-12,69,quantile,0.2,0,mean
2020-08-31,2020-08-31,2 wk ahead inc death,2020-09-12,69,quantile,0.25,0,mean
2020-08-31,2020-08-31,2 wk ahead inc death,2020-09-12,69,quantile,0.3,0,mean
2020-08-31,2020-08-31,2 wk ahead inc death,2020-09-12,69,quantile,0.35,0,mean
2020-08-31,2020-08-31,2 wk ahead inc death,2020-09-12,69,quantile,0.4,0,mean
2020-08-31,2020-08-31,2 wk ahead inc death,2020-09-12,69,quantile,0.45,0,mean
2020-08-31,2020-08-31,2 wk ahead inc death,2020-09-12,69,quantile,0.5,0,mean
2020-08-31,2020-08-31,2 wk ahead inc death,2020-09-12,69,quantile,0.55,0,mean
2020-08-31,2020-08-31,2 wk ahead inc death,2020-09-12,69,quantile,0.6,0,mean
2020-08-31,2020-08-31,2 wk ahead inc death,2020-09-12,69,quantile,0.65,0,mean
2020-08-31,2020-08-31,2 wk ahead inc death,2020-09-12,69,quantile,0.7,0,mean
2020-08-31,2020-08-31,2 wk ahead inc death,2020-09-12,69,quantile,0.75,0,mean
2020-08-31,2020-08-31,2 wk ahead inc death,2020-09-12,69,quantile,0.8,0,mean
2020-08-31,2020-08-31,2 wk ahead inc death,2020-09-12,69,quantile,0.85,0,mean
2020-08-31,2020-08-31,2 wk ahead inc death,2020-09-12,69,quantile,0.9,0,mean
2020-08-31,2020-08-31,2 wk ahead inc death,2020-09-12,69,quantile,0.95,0,mean
2020-08-31,2020-08-31,2 wk ahead inc death,2020-09-12,69,quantile,0.975,0.5,mean
2020-08-31,2020-08-31,2 wk ahead inc death,2020-09-12,69,quantile,0.99,0.5,mean
2020-08-31,2020-08-31,3 wk ahead inc death,2020-09-19,69,point,,0,mean
2020-08-31,2020-08-31,3 wk ahead inc death,2020-09-19,69,quantile,0.01,0,mean
2020-08-31,2020-08-31,3 wk ahead inc death,2020-09-19,69,quantile,0.025,0,mean
2020-08-31,2020-08-31,3 wk ahead inc death,2020-09-19,69,quantile,0.05,0,mean
2020-08-31,2020-08-31,3 wk ahead inc death,2020-09-19,69,quantile,0.1,0,mean
2020-08-31,2020-08-31,3 wk ahead inc death,2020-09-19,69,quantile,0.15,0,mean
2020-08-31,2020-08-31,3 wk ahead inc death,2020-09-19,69,quantile,0.2,0,mean
2020-08-31,2020-08-31,3 wk ahead inc death,2020-09-19,69,quantile,0.25,0,mean
2020-08-31,2020-08-31,3 wk ahead inc death,2020-09-19,69,quantile,0.3,0,mean
2020-08-31,2020-08-31,3 wk ahead inc death,2020-09-19,69,quantile,0.35,0,mean
2020-08-31,2020-08-31,3 wk ahead inc death,2020-09-19,69,quantile,0.4,0,mean
2020-08-31,2020-08-31,3 wk ahead inc death,2020-09-19,69,quantile,0.45,0,mean
2020-08-31,2020-08-31,3 wk ahead inc death,2020-09-19,69,quantile,0.5,0,mean
2020-08-31,2020-08-31,3 wk ahead inc death,2020-09-19,69,quantile,0.55,0,mean
2020-08-31,2020-08-31,3 wk ahead inc death,2020-09-19,69,quantile,0.6,0,mean
2020-08-31,2020-08-31,3 wk ahead inc death,2020-09-19,69,quantile,0.65,0,mean
2020-08-31,2020-08-31,3 wk ahead inc death,2020-09-19,69,quantile,0.7,0,mean
2020-08-31,2020-08-31,3 wk ahead inc death,2020-09-19,69,quantile,0.75,0,mean
2020-08-31,2020-08-31,3 wk ahead inc death,2020-09-19,69,quantile,0.8,0,mean
2020-08-31,2020-08-31,3 wk ahead inc death,2020-09-19,69,quantile,0.85,0,mean
2020-08-31,2020-08-31,3 wk ahead inc death,2020-09-19,69,quantile,0.9,0,mean
2020-08-31,2020-08-31,3 wk ahead inc death,2020-09-19,69,quantile,0.95,0,mean
2020-08-31,2020-08-31,3 wk ahead inc death,2020-09-19,69,quantile,0.975,0.5,mean
2020-08-31,2020-08-31,3 wk ahead inc death,2020-09-19,69,quantile,0.99,0.5,mean
2020-08-31,2020-08-31,4 wk ahead inc death,2020-09-26,69,point,,0,mean
2020-08-31,2020-08-31,4 wk ahead inc death,2020-09-26,69,quantile,0.01,0,mean
2020-08-31,2020-08-31,4 wk ahead inc death,2020-09-26,69,quantile,0.025,0,mean
2020-08-31,2020-08-31,4 wk ahead inc death,2020-09-26,69,quantile,0.05,0,mean
2020-08-31,2020-08-31,4 wk ahead inc death,2020-09-26,69,quantile,0.1,0,mean
2020-08-31,2020-08-31,4 wk ahead inc death,2020-09-26,69,quantile,0.15,0,mean
2020-08-31,2020-08-31,4 wk ahead inc death,2020-09-26,69,quantile,0.2,0,mean
2020-08-31,2020-08-31,4 wk ahead inc death,2020-09-26,69,quantile,0.25,0,mean
2020-08-31,2020-08-31,4 wk ahead inc death,2020-09-26,69,quantile,0.3,0,mean
2020-08-31,2020-08-31,4 wk ahead inc death,2020-09-26,69,quantile,0.35,0,mean
2020-08-31,2020-08-31,4 wk ahead inc death,2020-09-26,69,quantile,0.4,0,mean
2020-08-31,2020-08-31,4 wk ahead inc death,2020-09-26,69,quantile,0.45,0,mean
2020-08-31,2020-08-31,4 wk ahead inc death,2020-09-26,69,quantile,0.5,0,mean
2020-08-31,2020-08-31,4 wk ahead inc death,2020-09-26,69,quantile,0.55,0,mean
2020-08-31,2020-08-31,4 wk ahead inc death,2020-09-26,69,quantile,0.6,0,mean
2020-08-31,2020-08-31,4 wk ahead inc death,2020-09-26,69,quantile,0.65,0,mean
2020-08-31,2020-08-31,4 wk ahead inc death,2020-09-26,69,quantile,0.7,0,mean
2020-08-31,2020-08-31,4 wk ahead inc death,2020-09-26,69,quantile,0.75,0,mean
2020-08-31,2020-08-31,4 wk ahead inc death,2020-09-26,69,quantile,0.8,0,mean
2020-08-31,2020-08-31,4 wk ahead inc death,2020-09-26,69,quantile,0.85,0,mean
2020-08-31,2020-08-31,4 wk ahead inc death,2020-09-26,69,quantile,0.9,0,mean
2020-08-31,2020-08-31,4 wk ahead inc death,2020-09-26,69,quantile,0.95,0,mean
2020-08-31,2020-08-31,4 wk ahead inc death,2020-09-26,69,quantile,0.975,0.5,mean
2020-08-31,2020-08-31,4 wk ahead inc death,2020-09-26,69,quantile,0.99,1,mean
2020-08-31,2020-08-31,1 wk ahead inc death,2020-09-05,01,point,,140,median
2020-08-31,2020-08-31,1 wk ahead inc death,2020-09-05,01,quantile,0.01,60.99,median
2020-08-31,2020-08-31,1 wk ahead inc death,2020-09-05,01,quantile,0.025,73,median
2020-08-31,2020-08-31,1 wk ahead inc death,2020-09-05,01,quantile,0.05,81,median
2020-08-31,2020-08-31,1 wk ahead inc death,2020-09-05,01,quantile,0.1,92,median
2020-08-31,2020-08-31,1 wk ahead inc death,2020-09-05,01,quantile,0.15,101,median
2020-08-31,2020-08-31,1 wk ahead inc death,2020-09-05,01,quantile,0.2,109,median
2020-08-31,2020-08-31,1 wk ahead inc death,2020-09-05,01,quantile,0.25,114,median
2020-08-31,2020-08-31,1 wk ahead inc death,2020-09-05,01,quantile,0.3,121,median
2020-08-31,2020-08-31,1 wk ahead inc death,2020-09-05,01,quantile,0.35,125,median
2020-08-31,2020-08-31,1 wk ahead inc death,2020-09-05,01,quantile,0.4,130,median
2020-08-31,2020-08-31,1 wk ahead inc death,2020-09-05,01,quantile,0.45,135,median
2020-08-31,2020-08-31,1 wk ahead inc death,2020-09-05,01,quantile,0.5,140,median
2020-08-31,2020-08-31,1 wk ahead inc death,2020-09-05,01,quantile,0.55,144,median
2020-08-31,2020-08-31,1 wk ahead inc death,2020-09-05,01,quantile,0.6,150,median
2020-08-31,2020-08-31,1 wk ahead inc death,2020-09-05,01,quantile,0.65,155,median
2020-08-31,2020-08-31,1 wk ahead inc death,2020-09-05,01,quantile,0.7,161,median
2020-08-31,2020-08-31,1 wk ahead inc death,2020-09-05,01,quantile,0.75,169,median
2020-08-31,2020-08-31,1 wk ahead inc death,2020-09-05,01,quantile,0.8,176,median
2020-08-31,2020-08-31,1 wk ahead inc death,2020-09-05,01,quantile,0.85,182,median
2020-08-31,2020-08-31,1 wk ahead inc death,2020-09-05,01,quantile,0.9,192,median
2020-08-31,2020-08-31,1 wk ahead inc death,2020-09-05,01,quantile,0.95,221,median
2020-08-31,2020-08-31,1 wk ahead inc death,2020-09-05,01,quantile,0.975,247,median
2020-08-31,2020-08-31,1 wk ahead inc death,2020-09-05,01,quantile,0.99,287.04,median
2020-08-31,2020-08-31,2 wk ahead inc death,2020-09-12,01,point,,162,median
2020-08-31,2020-08-31,2 wk ahead inc death,2020-09-12,01,quantile,0.01,41,median
2020-08-31,2020-08-31,2 wk ahead inc death,2020-09-12,01,quantile,0.025,59,median
2020-08-31,2020-08-31,2 wk ahead inc death,2020-09-12,01,quantile,0.05,74,median
2020-08-31,2020-08-31,2 wk ahead inc death,2020-09-12,01,quantile,0.1,91,median
2020-08-31,2020-08-31,2 wk ahead inc death,2020-09-12,01,quantile,0.15,103,median
2020-08-31,2020-08-31,2 wk ahead inc death,2020-09-12,01,quantile,0.2,116,median
2020-08-31,2020-08-31,2 wk ahead inc death,2020-09-12,01,quantile,0.25,127,median
2020-08-31,2020-08-31,2 wk ahead inc death,2020-09-12,01,quantile,0.3,135.7,median
2020-08-31,2020-08-31,2 wk ahead inc death,2020-09-12,01,quantile,0.35,143,median
2020-08-31,2020-08-31,2 wk ahead inc death,2020-09-12,01,quantile,0.4,149,median
2020-08-31,2020-08-31,2 wk ahead inc death,2020-09-12,01,quantile,0.45,156,median
2020-08-31,2020-08-31,2 wk ahead inc death,2020-09-12,01,quantile,0.5,162,median
2020-08-31,2020-08-31,2 wk ahead inc death,2020-09-12,01,quantile,0.55,171,median
2020-08-31,2020-08-31,2 wk ahead inc death,2020-09-12,01,quantile,0.6,178,median
2020-08-31,2020-08-31,2 wk ahead inc death,2020-09-12,01,quantile,0.65,185,median
2020-08-31,2020-08-31,2 wk ahead inc death,2020-09-12,01,quantile,0.7,193,median
2020-08-31,2020-08-31,2 wk ahead inc death,2020-09-12,01,quantile,0.75,204,median
2020-08-31,2020-08-31,2 wk ahead inc death,2020-09-12,01,quantile,0.8,216,median
2020-08-31,2020-08-31,2 wk ahead inc death,2020-09-12,01,quantile,0.85,227,median
2020-08-31,2020-08-31,2 wk ahead inc death,2020-09-12,01,quantile,0.9,247.1,median
2020-08-31,2020-08-31,2 wk ahead inc death,2020-09-12,01,quantile,0.95,272.05,median
2020-08-31,2020-08-31,2 wk ahead inc death,2020-09-12,01,quantile,0.975,337.025,median
2020-08-31,2020-08-31,2 wk ahead inc death,2020-09-12,01,quantile,0.99,440.07,median
2020-08-31,2020-08-31,3 wk ahead inc death,2020-09-19,01,point,,178.5,median
2020-08-31,2020-08-31,3 wk ahead inc death,2020-09-19,01,quantile,0.01,47.99,median
2020-08-31,2020-08-31,3 wk ahead inc death,2020-09-19,01,quantile,0.025,59,median
2020-08-31,2020-08-31,3 wk ahead inc death,2020-09-19,01,quantile,0.05,75.9,median
2020-08-31,2020-08-31,3 wk ahead inc death,2020-09-19,01,quantile,0.1,90,median
2020-08-31,2020-08-31,3 wk ahead inc death,2020-09-19,01,quantile,0.15,102,median
2020-08-31,2020-08-31,3 wk ahead inc death,2020-09-19,01,quantile,0.2,117,median
2020-08-31,2020-08-31,3 wk ahead inc death,2020-09-19,01,quantile,0.25,129,median
2020-08-31,2020-08-31,3 wk ahead inc death,2020-09-19,01,quantile,0.3,143,median
2020-08-31,2020-08-31,3 wk ahead inc death,2020-09-19,01,quantile,0.35,153,median
2020-08-31,2020-08-31,3 wk ahead inc death,2020-09-19,01,quantile,0.4,163,median
2020-08-31,2020-08-31,3 wk ahead inc death,2020-09-19,01,quantile,0.45,172,median
2020-08-31,2020-08-31,3 wk ahead inc death,2020-09-19,01,quantile,0.5,178.5,median
2020-08-31,2020-08-31,3 wk ahead inc death,2020-09-19,01,quantile,0.55,189,median
2020-08-31,2020-08-31,3 wk ahead inc death,2020-09-19,01,quantile,0.6,198.4,median
2020-08-31,2020-08-31,3 wk ahead inc death,2020-09-19,01,quantile,0.65,206,median
2020-08-31,2020-08-31,3 wk ahead inc death,2020-09-19,01,quantile,0.7,216,median
2020-08-31,2020-08-31,3 wk ahead inc death,2020-09-19,01,quantile,0.75,228.5,median
2020-08-31,2020-08-31,3 wk ahead inc death,2020-09-19,01,quantile,0.8,253,median
2020-08-31,2020-08-31,3 wk ahead inc death,2020-09-19,01,quantile,0.85,296.15,median
2020-08-31,2020-08-31,3 wk ahead inc death,2020-09-19,01,quantile,0.9,345,median
2020-08-31,2020-08-31,3 wk ahead inc death,2020-09-19,01,quantile,0.95,456,median
2020-08-31,2020-08-31,3 wk ahead inc death,2020-09-19,01,quantile,0.975,582.375,median
2020-08-31,2020-08-31,3 wk ahead inc death,2020-09-19,01,quantile,0.99,865.26,median
2020-08-31,2020-08-31,4 wk ahead inc death,2020-09-26,01,point,,193,median
2020-08-31,2020-08-31,4 wk ahead inc death,2020-09-26,01,quantile,0.01,50,median
2020-08-31,2020-08-31,4 wk ahead inc death,2020-09-26,01,quantile,0.025,59,median
2020-08-31,2020-08-31,4 wk ahead inc death,2020-09-26,01,quantile,0.05,76.95,median
2020-08-31,2020-08-31,4 wk ahead inc death,2020-09-26,01,quantile,0.1,93.9,median
2020-08-31,2020-08-31,4 wk ahead inc death,2020-09-26,01,quantile,0.15,105,median
2020-08-31,2020-08-31,4 wk ahead inc death,2020-09-26,01,quantile,0.2,116,median
2020-08-31,2020-08-31,4 wk ahead inc death,2020-09-26,01,quantile,0.25,126.75,median
2020-08-31,2020-08-31,4 wk ahead inc death,2020-09-26,01,quantile,0.3,140,median
2020-08-31,2020-08-31,4 wk ahead inc death,2020-09-26,01,quantile,0.35,157,median
2020-08-31,2020-08-31,4 wk ahead inc death,2020-09-26,01,quantile,0.4,167,median
2020-08-31,2020-08-31,4 wk ahead inc death,2020-09-26,01,quantile,0.45,179,median
2020-08-31,2020-08-31,4 wk ahead inc death,2020-09-26,01,quantile,0.5,193,median
2020-08-31,2020-08-31,4 wk ahead inc death,2020-09-26,01,quantile,0.55,211,median
2020-08-31,2020-08-31,4 wk ahead inc death,2020-09-26,01,quantile,0.6,230.4,median
2020-08-31,2020-08-31,4 wk ahead inc death,2020-09-26,01,quantile,0.65,255,median
2020-08-31,2020-08-31,4 wk ahead inc death,2020-09-26,01,quantile,0.7,285,median
2020-08-31,2020-08-31,4 wk ahead inc death,2020-09-26,01,quantile,0.75,315,median
2020-08-31,2020-08-31,4 wk ahead inc death,2020-09-26,01,quantile,0.8,366.2,median
2020-08-31,2020-08-31,4 wk ahead inc death,2020-09-26,01,quantile,0.85,444.15,median
2020-08-31,2020-08-31,4 wk ahead inc death,2020-09-26,01,quantile,0.9,577.900000000001,median
2020-08-31,2020-08-31,4 wk ahead inc death,2020-09-26,01,quantile,0.95,842.15,median
2020-08-31,2020-08-31,4 wk ahead inc death,2020-09-26,01,quantile,0.975,1080.825,median
2020-08-31,2020-08-31,4 wk ahead inc death,2020-09-26,01,quantile,0.99,2277.39,median
2020-08-31,2020-08-31,1 wk ahead inc death,2020-09-05,02,point,,3,median
2020-08-31,2020-08-31,1 wk ahead inc death,2020-09-05,02,quantile,0.01,0,median
2020-08-31,2020-08-31,1 wk ahead inc death,2020-09-05,02,quantile,0.025,0,median
2020-08-31,2020-08-31,1 wk ahead inc death,2020-09-05,02,quantile,0.05,0,median
2020-08-31,2020-08-31,1 wk ahead inc death,2020-09-05,02,quantile,0.1,1,median
2020-08-31,2020-08-31,1 wk ahead inc death,2020-09-05,02,quantile,0.15,1,median
2020-08-31,2020-08-31,1 wk ahead inc death,2020-09-05,02,quantile,0.2,1,median
2020-08-31,2020-08-31,1 wk ahead inc death,2020-09-05,02,quantile,0.25,2,median
2020-08-31,2020-08-31,1 wk ahead inc death,2020-09-05,02,quantile,0.3,2,median
2020-08-31,2020-08-31,1 wk ahead inc death,2020-09-05,02,quantile,0.35,2,median
2020-08-31,2020-08-31,1 wk ahead inc death,2020-09-05,02,quantile,0.4,2,median
2020-08-31,2020-08-31,1 wk ahead inc death,2020-09-05,02,quantile,0.45,2,median
2020-08-31,2020-08-31,1 wk ahead inc death,2020-09-05,02,quantile,0.5,3,median
2020-08-31,2020-08-31,1 wk ahead inc death,2020-09-05,02,quantile,0.55,3,median
2020-08-31,2020-08-31,1 wk ahead inc death,2020-09-05,02,quantile,0.6,3,median
2020-08-31,2020-08-31,1 wk ahead inc death,2020-09-05,02,quantile,0.65,3,median
2020-08-31,2020-08-31,1 wk ahead inc death,2020-09-05,02,quantile,0.7,4,median
2020-08-31,2020-08-31,1 wk ahead inc death,2020-09-05,02,quantile,0.75,4,median
2020-08-31,2020-08-31,1 wk ahead inc death,2020-09-05,02,quantile,0.8,4,median
2020-08-31,2020-08-31,1 wk ahead inc death,2020-09-05,02,quantile,0.85,5,median
2020-08-31,2020-08-31,1 wk ahead inc death,2020-09-05,02,quantile,0.9,5.10000000000014,median
2020-08-31,2020-08-31,1 wk ahead inc death,2020-09-05,02,quantile,0.95,7,median
2020-08-31,2020-08-31,1 wk ahead inc death,2020-09-05,02,quantile,0.975,9,median
2020-08-31,2020-08-31,1 wk ahead inc death,2020-09-05,02,quantile,0.99,10,median
2020-08-31,2020-08-31,2 wk ahead inc death,2020-09-12,02,point,,4,median
2020-08-31,2020-08-31,2 wk ahead inc death,2020-09-12,02,quantile,0.01,0,median
2020-08-31,2020-08-31,2 wk ahead inc death,2020-09-12,02,quantile,0.025,1,median
2020-08-31,2020-08-31,2 wk ahead inc death,2020-09-12,02,quantile,0.05,1,median
2020-08-31,2020-08-31,2 wk ahead inc death,2020-09-12,02,quantile,0.1,1,median
2020-08-31,2020-08-31,2 wk ahead inc death,2020-09-12,02,quantile,0.15,1,median
2020-08-31,2020-08-31,2 wk ahead inc death,2020-09-12,02,quantile,0.2,2,median
2020-08-31,2020-08-31,2 wk ahead inc death,2020-09-12,02,quantile,0.25,2,median
2020-08-31,2020-08-31,2 wk ahead inc death,2020-09-12,02,quantile,0.3,3,median
2020-08-31,2020-08-31,2 wk ahead inc death,2020-09-12,02,quantile,0.35,3,median
2020-08-31,2020-08-31,2 wk ahead inc death,2020-09-12,02,quantile,0.4,3,median
2020-08-31,2020-08-31,2 wk ahead inc death,2020-09-12,02,quantile,0.45,4,median
2020-08-31,2020-08-31,2 wk ahead inc death,2020-09-12,02,quantile,0.5,4,median
2020-08-31,2020-08-31,2 wk ahead inc death,2020-09-12,02,quantile,0.55,5,median
2020-08-31,2020-08-31,2 wk ahead inc death,2020-09-12,02,quantile,0.6,5,median
2020-08-31,2020-08-31,2 wk ahead inc death,2020-09-12,02,quantile,0.65,6,median
2020-08-31,2020-08-31,2 wk ahead inc death,2020-09-12,02,quantile,0.7,6,median
2020-08-31,2020-08-31,2 wk ahead inc death,2020-09-12,02,quantile,0.75,7,median
2020-08-31,2020-08-31,2 wk ahead inc death,2020-09-12,02,quantile,0.8,8,median
2020-08-31,2020-08-31,2 wk ahead inc death,2020-09-12,02,quantile,0.85,8,median
2020-08-31,2020-08-31,2 wk ahead inc death,2020-09-12,02,quantile,0.9,9,median
2020-08-31,2020-08-31,2 wk ahead inc death,2020-09-12,02,quantile,0.95,10,median
2020-08-31,2020-08-31,2 wk ahead inc death,2020-09-12,02,quantile,0.975,11,median
2020-08-31,2020-08-31,2 wk ahead inc death,2020-09-12,02,quantile,0.99,12,median
2020-08-31,2020-08-31,3 wk ahead inc death,2020-09-19,02,point,,4,median
2020-08-31,2020-08-31,3 wk ahead inc death,2020-09-19,02,quantile,0.01,0,median
2020-08-31,2020-08-31,3 wk ahead inc death,2020-09-19,02,quantile,0.025,1,median
2020-08-31,2020-08-31,3 wk ahead inc death,2020-09-19,02,quantile,0.05,1,median
2020-08-31,2020-08-31,3 wk ahead inc death,2020-09-19,02,quantile,0.1,1,median
2020-08-31,2020-08-31,3 wk ahead inc death,2020-09-19,02,quantile,0.15,1,median
2020-08-31,2020-08-31,3 wk ahead inc death,2020-09-19,02,quantile,0.2,2,median
2020-08-31,2020-08-31,3 wk ahead inc death,2020-09-19,02,quantile,0.25,2,median
2020-08-31,2020-08-31,3 wk ahead inc death,2020-09-19,02,quantile,0.3,3,median
2020-08-31,2020-08-31,3 wk ahead inc death,2020-09-19,02,quantile,0.35,3,median
2020-08-31,2020-08-31,3 wk ahead inc death,2020-09-19,02,quantile,0.4,3,median
2020-08-31,2020-08-31,3 wk ahead inc death,2020-09-19,02,quantile,0.45,4,median
2020-08-31,2020-08-31,3 wk ahead inc death,2020-09-19,02,quantile,0.5,4,median
2020-08-31,2020-08-31,3 wk ahead inc death,2020-09-19,02,quantile,0.55,5,median
2020-08-31,2020-08-31,3 wk ahead inc death,2020-09-19,02,quantile,0.6,6,median
2020-08-31,2020-08-31,3 wk ahead inc death,2020-09-19,02,quantile,0.65,7,median
2020-08-31,2020-08-31,3 wk ahead inc death,2020-09-19,02,quantile,0.7,7,median
2020-08-31,2020-08-31,3 wk ahead inc death,2020-09-19,02,quantile,0.75,8,median
2020-08-31,2020-08-31,3 wk ahead inc death,2020-09-19,02,quantile,0.8,9,median
2020-08-31,2020-08-31,3 wk ahead inc death,2020-09-19,02,quantile,0.85,10,median
2020-08-31,2020-08-31,3 wk ahead inc death,2020-09-19,02,quantile,0.9,11,median
2020-08-31,2020-08-31,3 wk ahead inc death,2020-09-19,02,quantile,0.95,12,median
2020-08-31,2020-08-31,3 wk ahead inc death,2020-09-19,02,quantile,0.975,13,median
2020-08-31,2020-08-31,3 wk ahead inc death,2020-09-19,02,quantile,0.99,14,median
2020-08-31,2020-08-31,4 wk ahead inc death,2020-09-26,02,point,,5,median
2020-08-31,2020-08-31,4 wk ahead inc death,2020-09-26,02,quantile,0.01,0,median
2020-08-31,2020-08-31,4 wk ahead inc death,2020-09-26,02,quantile,0.025,0,median
2020-08-31,2020-08-31,4 wk ahead inc death,2020-09-26,02,quantile,0.05,0,median
2020-08-31,2020-08-31,4 wk ahead inc death,2020-09-26,02,quantile,0.1,1,median
2020-08-31,2020-08-31,4 wk ahead inc death,2020-09-26,02,quantile,0.15,1,median
2020-08-31,2020-08-31,4 wk ahead inc death,2020-09-26,02,quantile,0.2,1,median
2020-08-31,2020-08-31,4 wk ahead inc death,2020-09-26,02,quantile,0.25,2,median
2020-08-31,2020-08-31,4 wk ahead inc death,2020-09-26,02,quantile,0.3,2,median
2020-08-31,2020-08-31,4 wk ahead inc death,2020-09-26,02,quantile,0.35,3,median
2020-08-31,2020-08-31,4 wk ahead inc death,2020-09-26,02,quantile,0.4,3,median
2020-08-31,2020-08-31,4 wk ahead inc death,2020-09-26,02,quantile,0.45,4,median
2020-08-31,2020-08-31,4 wk ahead inc death,2020-09-26,02,quantile,0.5,5,median
2020-08-31,2020-08-31,4 wk ahead inc death,2020-09-26,02,quantile,0.55,5,median
2020-08-31,2020-08-31,4 wk ahead inc death,2020-09-26,02,quantile,0.6,6,median
2020-08-31,2020-08-31,4 wk ahead inc death,2020-09-26,02,quantile,0.65,7,median
2020-08-31,2020-08-31,4 wk ahead inc death,2020-09-26,02,quantile,0.7,8,median
2020-08-31,2020-08-31,4 wk ahead inc death,2020-09-26,02,quantile,0.75,10,median
2020-08-31,2020-08-31,4 wk ahead inc death,2020-09-26,02,quantile,0.8,10,median
2020-08-31,2020-08-31,4 wk ahead inc death,2020-09-26,02,quantile,0.85,11,median
2020-08-31,2020-08-31,4 wk ahead inc death,2020-09-26,02,quantile,0.9,12,median
2020-08-31,2020-08-31,4 wk ahead inc death,2020-09-26,02,quantile,0.95,14,median
2020-08-31,2020-08-31,4 wk ahead inc death,2020-09-26,02,quantile,0.975,15,median
2020-08-31,2020-08-31,4 wk ahead inc death,2020-09-26,02,quantile,0.99,17,median
2020-08-31,2020-08-31,1 wk ahead inc death,2020-09-05,04,point,,174,median
2020-08-31,2020-08-31,1 wk ahead inc death,2020-09-05,04,quantile,0.01,67.97,median
2020-08-31,2020-08-31,1 wk ahead inc death,2020-09-05,04,quantile,0.025,76,median
2020-08-31,2020-08-31,1 wk ahead inc death,2020-09-05,04,quantile,0.05,84,median
2020-08-31,2020-08-31,1 wk ahead inc death,2020-09-05,04,quantile,0.1,94,median
2020-08-31,2020-08-31,1 wk ahead inc death,2020-09-05,04,quantile,0.15,103,median
2020-08-31,2020-08-31,1 wk ahead inc death,2020-09-05,04,quantile,0.2,115,median
2020-08-31,2020-08-31,1 wk ahead inc death,2020-09-05,04,quantile,0.25,130,median
2020-08-31,2020-08-31,1 wk ahead inc death,2020-09-05,04,quantile,0.3,141.7,median
2020-08-31,2020-08-31,1 wk ahead inc death,2020-09-05,04,quantile,0.35,151,median
2020-08-31,2020-08-31,1 wk ahead inc death,2020-09-05,04,quantile,0.4,159,median
2020-08-31,2020-08-31,1 wk ahead inc death,2020-09-05,04,quantile,0.45,167,median
2020-08-31,2020-08-31,1 wk ahead inc death,2020-09-05,04,quantile,0.5,174,median
2020-08-31,2020-08-31,1 wk ahead inc death,2020-09-05,04,quantile,0.55,182,median
2020-08-31,2020-08-31,1 wk ahead inc death,2020-09-05,04,quantile,0.6,190,median
2020-08-31,2020-08-31,1 wk ahead inc death,2020-09-05,04,quantile,0.65,201,median
2020-08-31,2020-08-31,1 wk ahead inc death,2020-09-05,04,quantile,0.7,210,median
2020-08-31,2020-08-31,1 wk ahead inc death,2020-09-05,04,quantile,0.75,223,median
2020-08-31,2020-08-31,1 wk ahead inc death,2020-09-05,04,quantile,0.8,235,median
2020-08-31,2020-08-31,1 wk ahead inc death,2020-09-05,04,quantile,0.85,250,median
2020-08-31,2020-08-31,1 wk ahead inc death,2020-09-05,04,quantile,0.9,268,median
2020-08-31,2020-08-31,1 wk ahead inc death,2020-09-05,04,quantile,0.95,292,median
2020-08-31,2020-08-31,1 wk ahead inc death,2020-09-05,04,quantile,0.975,307,median
2020-08-31,2020-08-31,1 wk ahead inc death,2020-09-05,04,quantile,0.99,332.06,median
2020-08-31,2020-08-31,2 wk ahead inc death,2020-09-12,04,point,,131,median
2020-08-31,2020-08-31,2 wk ahead inc death,2020-09-12,04,quantile,0.01,38,median
2020-08-31,2020-08-31,2 wk ahead inc death,2020-09-12,04,quantile,0.025,59,median
2020-08-31,2020-08-31,2 wk ahead inc death,2020-09-12,04,quantile,0.05,63,median
2020-08-31,2020-08-31,2 wk ahead inc death,2020-09-12,04,quantile,0.1,70,median
2020-08-31,2020-08-31,2 wk ahead inc death,2020-09-12,04,quantile,0.15,77,median
2020-08-31,2020-08-31,2 wk ahead inc death,2020-09-12,04,quantile,0.2,84,median
2020-08-31,2020-08-31,2 wk ahead inc death,2020-09-12,04,quantile,0.25,91,median
2020-08-31,2020-08-31,2 wk ahead inc death,2020-09-12,04,quantile,0.3,99,median
2020-08-31,2020-08-31,2 wk ahead inc death,2020-09-12,04,quantile,0.35,106,median
2020-08-31,2020-08-31,2 wk ahead inc death,2020-09-12,04,quantile,0.4,114,median
2020-08-31,2020-08-31,2 wk ahead inc death,2020-09-12,04,quantile,0.45,122,median
2020-08-31,2020-08-31,2 wk ahead inc death,2020-09-12,04,quantile,0.5,131,median
2020-08-31,2020-08-31,2 wk ahead inc death,2020-09-12,04,quantile,0.55,140,median
2020-08-31,2020-08-31,2 wk ahead inc death,2020-09-12,04,quantile,0.6,154,median
2020-08-31,2020-08-31,2 wk ahead inc death,2020-09-12,04,quantile,0.65,162,median
2020-08-31,2020-08-31,2 wk ahead inc death,2020-09-12,04,quantile,0.7,175,median
2020-08-31,2020-08-31,2 wk ahead inc death,2020-09-12,04,quantile,0.75,190,median
2020-08-31,2020-08-31,2 wk ahead inc death,2020-09-12,04,quantile,0.8,210,median
2020-08-31,2020-08-31,2 wk ahead inc death,2020-09-12,04,quantile,0.85,233,median
2020-08-31,2020-08-31,2 wk ahead inc death,2020-09-12,04,quantile,0.9,266,median
2020-08-31,2020-08-31,2 wk ahead inc death,2020-09-12,04,quantile,0.95,311,median
2020-08-31,2020-08-31,2 wk ahead inc death,2020-09-12,04,quantile,0.975,339,median
2020-08-31,2020-08-31,2 wk ahead inc death,2020-09-12,04,quantile,0.99,363,median
2020-08-31,2020-08-31,3 wk ahead inc death,2020-09-19,04,point,,97,median
2020-08-31,2020-08-31,3 wk ahead inc death,2020-09-19,04,quantile,0.01,23.98,median
2020-08-31,2020-08-31,3 wk ahead inc death,2020-09-19,04,quantile,0.025,29,median
2020-08-31,2020-08-31,3 wk ahead inc death,2020-09-19,04,quantile,0.05,34.95,median
2020-08-31,2020-08-31,3 wk ahead inc death,2020-09-19,04,quantile,0.1,41,median
2020-08-31,2020-08-31,3 wk ahead inc death,2020-09-19,04,quantile,0.15,45,median
2020-08-31,2020-08-31,3 wk ahead inc death,2020-09-19,04,quantile,0.2,50,median
2020-08-31,2020-08-31,3 wk ahead inc death,2020-09-19,04,quantile,0.25,56,median
2020-08-31,2020-08-31,3 wk ahead inc death,2020-09-19,04,quantile,0.3,61,median
2020-08-31,2020-08-31,3 wk ahead inc death,2020-09-19,04,quantile,0.35,71,median
2020-08-31,2020-08-31,3 wk ahead inc death,2020-09-19,04,quantile,0.4,78,median
2020-08-31,2020-08-31,3 wk ahead inc death,2020-09-19,04,quantile,0.45,87,median
2020-08-31,2020-08-31,3 wk ahead inc death,2020-09-19,04,quantile,0.5,97,median
2020-08-31,2020-08-31,3 wk ahead inc death,2020-09-19,04,quantile,0.55,109,median
2020-08-31,2020-08-31,3 wk ahead inc death,2020-09-19,04,quantile,0.6,120,median
2020-08-31,2020-08-31,3 wk ahead inc death,2020-09-19,04,quantile,0.65,134,median
2020-08-31,2020-08-31,3 wk ahead inc death,2020-09-19,04,quantile,0.7,149,median
2020-08-31,2020-08-31,3 wk ahead inc death,2020-09-19,04,quantile,0.75,166,median
2020-08-31,2020-08-31,3 wk ahead inc death,2020-09-19,04,quantile,0.8,196,median
2020-08-31,2020-08-31,3 wk ahead inc death,2020-09-19,04,quantile,0.85,230,median
2020-08-31,2020-08-31,3 wk ahead inc death,2020-09-19,04,quantile,0.9,281,median
2020-08-31,2020-08-31,3 wk ahead inc death,2020-09-19,04,quantile,0.95,350,median
2020-08-31,2020-08-31,3 wk ahead inc death,2020-09-19,04,quantile,0.975,412,median
2020-08-31,2020-08-31,3 wk ahead inc death,2020-09-19,04,quantile,0.99,444,median
2020-08-31,2020-08-31,4 wk ahead inc death,2020-09-26,04,point,,71,median
2020-08-31,2020-08-31,4 wk ahead inc death,2020-09-26,04,quantile,0.01,13,median
2020-08-31,2020-08-31,4 wk ahead inc death,2020-09-26,04,quantile,0.025,18.975,median
2020-08-31,2020-08-31,4 wk ahead inc death,2020-09-26,04,quantile,0.05,22,median
2020-08-31,2020-08-31,4 wk ahead inc death,2020-09-26,04,quantile,0.1,28,median
2020-08-31,2020-08-31,4 wk ahead inc death,2020-09-26,04,quantile,0.15,31,median
2020-08-31,2020-08-31,4 wk ahead inc death,2020-09-26,04,quantile,0.2,34,median
2020-08-31,2020-08-31,4 wk ahead inc death,2020-09-26,04,quantile,0.25,37,median
2020-08-31,2020-08-31,4 wk ahead inc death,2020-09-26,04,quantile,0.3,40,median
2020-08-31,2020-08-31,4 wk ahead inc death,2020-09-26,04,quantile,0.35,46,median
2020-08-31,2020-08-31,4 wk ahead inc death,2020-09-26,04,quantile,0.4,55,median
2020-08-31,2020-08-31,4 wk ahead inc death,2020-09-26,04,quantile,0.45,62,median
2020-08-31,2020-08-31,4 wk ahead inc death,2020-09-26,04,quantile,0.5,71,median
2020-08-31,2020-08-31,4 wk ahead inc death,2020-09-26,04,quantile,0.55,80,median
2020-08-31,2020-08-31,4 wk ahead inc death,2020-09-26,04,quantile,0.6,92,median
2020-08-31,2020-08-31,4 wk ahead inc death,2020-09-26,04,quantile,0.65,106,median
2020-08-31,2020-08-31,4 wk ahead inc death,2020-09-26,04,quantile,0.7,126,median
2020-08-31,2020-08-31,4 wk ahead inc death,2020-09-26,04,quantile,0.75,147,median
2020-08-31,2020-08-31,4 wk ahead inc death,2020-09-26,04,quantile,0.8,174,median
2020-08-31,2020-08-31,4 wk ahead inc death,2020-09-26,04,quantile,0.85,212,median
2020-08-31,2020-08-31,4 wk ahead inc death,2020-09-26,04,quantile,0.9,275,median
2020-08-31,2020-08-31,4 wk ahead inc death,2020-09-26,04,quantile,0.95,379,median
2020-08-31,2020-08-31,4 wk ahead inc death,2020-09-26,04,quantile,0.975,444,median
2020-08-31,2020-08-31,4 wk ahead inc death,2020-09-26,04,quantile,0.99,522,median
2020-08-31,2020-08-31,1 wk ahead inc death,2020-09-05,05,point,,90,median
2020-08-31,2020-08-31,1 wk ahead inc death,2020-09-05,05,quantile,0.01,54,median
2020-08-31,2020-08-31,1 wk ahead inc death,2020-09-05,05,quantile,0.025,57,median
2020-08-31,2020-08-31,1 wk ahead inc death,2020-09-05,05,quantile,0.05,64,median
2020-08-31,2020-08-31,1 wk ahead inc death,2020-09-05,05,quantile,0.1,70,median
2020-08-31,2020-08-31,1 wk ahead inc death,2020-09-05,05,quantile,0.15,74,median
2020-08-31,2020-08-31,1 wk ahead inc death,2020-09-05,05,quantile,0.2,77,median
2020-08-31,2020-08-31,1 wk ahead inc death,2020-09-05,05,quantile,0.25,79,median
2020-08-31,2020-08-31,1 wk ahead inc death,2020-09-05,05,quantile,0.3,81.7,median
2020-08-31,2020-08-31,1 wk ahead inc death,2020-09-05,05,quantile,0.35,84,median
2020-08-31,2020-08-31,1 wk ahead inc death,2020-09-05,05,quantile,0.4,86,median
2020-08-31,2020-08-31,1 wk ahead inc death,2020-09-05,05,quantile,0.45,87,median
2020-08-31,2020-08-31,1 wk ahead inc death,2020-09-05,05,quantile,0.5,90,median
2020-08-31,2020-08-31,1 wk ahead inc death,2020-09-05,05,quantile,0.55,92,median
2020-08-31,2020-08-31,1 wk ahead inc death,2020-09-05,05,quantile,0.6,94,median
2020-08-31,2020-08-31,1 wk ahead inc death,2020-09-05,05,quantile,0.65,96,median
2020-08-31,2020-08-31,1 wk ahead inc death,2020-09-05,05,quantile,0.7,98,median
2020-08-31,2020-08-31,1 wk ahead inc death,2020-09-05,05,quantile,0.75,101,median
2020-08-31,2020-08-31,1 wk ahead inc death,2020-09-05,05,quantile,0.8,104,median
2020-08-31,2020-08-31,1 wk ahead inc death,2020-09-05,05,quantile,0.85,107,median
2020-08-31,2020-08-31,1 wk ahead inc death,2020-09-05,05,quantile,0.9,110,median
2020-08-31,2020-08-31,1 wk ahead inc death,2020-09-05,05,quantile,0.95,117,median
2020-08-31,2020-08-31,1 wk ahead inc death,2020-09-05,05,quantile,0.975,122.025,median
2020-08-31,2020-08-31,1 wk ahead inc death,2020-09-05,05,quantile,0.99,134,median
2020-08-31,2020-08-31,2 wk ahead inc death,2020-09-12,05,point,,98,median
2020-08-31,2020-08-31,2 wk ahead inc death,2020-09-12,05,quantile,0.01,43,median
2020-08-31,2020-08-31,2 wk ahead inc death,2020-09-12,05,quantile,0.025,51.975,median
2020-08-31,2020-08-31,2 wk ahead inc death,2020-09-12,05,quantile,0.05,58,median
2020-08-31,2020-08-31,2 wk ahead inc death,2020-09-12,05,quantile,0.1,67,median
2020-08-31,2020-08-31,2 wk ahead inc death,2020-09-12,05,quantile,0.15,73,median
2020-08-31,2020-08-31,2 wk ahead inc death,2020-09-12,05,quantile,0.2,77,median
2020-08-31,2020-08-31,2 wk ahead inc death,2020-09-12,05,quantile,0.25,82,median
2020-08-31,2020-08-31,2 wk ahead inc death,2020-09-12,05,quantile,0.3,84,median
2020-08-31,2020-08-31,2 wk ahead inc death,2020-09-12,05,quantile,0.35,89,median
2020-08-31,2020-08-31,2 wk ahead inc death,2020-09-12,05,quantile,0.4,92,median
2020-08-31,2020-08-31,2 wk ahead inc death,2020-09-12,05,quantile,0.45,95,median
2020-08-31,2020-08-31,2 wk ahead inc death,2020-09-12,05,quantile,0.5,98,median
2020-08-31,2020-08-31,2 wk ahead inc death,2020-09-12,05,quantile,0.55,102,median
2020-08-31,2020-08-31,2 wk ahead inc death,2020-09-12,05,quantile,0.6,105,median
2020-08-31,2020-08-31,2 wk ahead inc death,2020-09-12,05,quantile,0.65,108,median
2020-08-31,2020-08-31,2 wk ahead inc death,2020-09-12,05,quantile,0.7,112,median
2020-08-31,2020-08-31,2 wk ahead inc death,2020-09-12,05,quantile,0.75,115,median
2020-08-31,2020-08-31,2 wk ahead inc death,2020-09-12,05,quantile,0.8,119,median
2020-08-31,2020-08-31,2 wk ahead inc death,2020-09-12,05,quantile,0.85,124,median
2020-08-31,2020-08-31,2 wk ahead inc death,2020-09-12,05,quantile,0.9,130,median
2020-08-31,2020-08-31,2 wk ahead inc death,2020-09-12,05,quantile,0.95,142,median
2020-08-31,2020-08-31,2 wk ahead inc death,2020-09-12,05,quantile,0.975,150.025,median
2020-08-31,2020-08-31,2 wk ahead inc death,2020-09-12,05,quantile,0.99,158.01,median
2020-08-31,2020-08-31,3 wk ahead inc death,2020-09-19,05,point,,101,median
2020-08-31,2020-08-31,3 wk ahead inc death,2020-09-19,05,quantile,0.01,41.99,median
2020-08-31,2020-08-31,3 wk ahead inc death,2020-09-19,05,quantile,0.025,46.975,median
2020-08-31,2020-08-31,3 wk ahead inc death,2020-09-19,05,quantile,0.05,57,median
2020-08-31,2020-08-31,3 wk ahead inc death,2020-09-19,05,quantile,0.1,66,median
2020-08-31,2020-08-31,3 wk ahead inc death,2020-09-19,05,quantile,0.15,70,median
2020-08-31,2020-08-31,3 wk ahead inc death,2020-09-19,05,quantile,0.2,76,median
2020-08-31,2020-08-31,3 wk ahead inc death,2020-09-19,05,quantile,0.25,81,median
2020-08-31,2020-08-31,3 wk ahead inc death,2020-09-19,05,quantile,0.3,85,median
2020-08-31,2020-08-31,3 wk ahead inc death,2020-09-19,05,quantile,0.35,89,median
2020-08-31,2020-08-31,3 wk ahead inc death,2020-09-19,05,quantile,0.4,92,median
2020-08-31,2020-08-31,3 wk ahead inc death,2020-09-19,05,quantile,0.45,97,median
2020-08-31,2020-08-31,3 wk ahead inc death,2020-09-19,05,quantile,0.5,101,median
2020-08-31,2020-08-31,3 wk ahead inc death,2020-09-19,05,quantile,0.55,104,median
2020-08-31,2020-08-31,3 wk ahead inc death,2020-09-19,05,quantile,0.6,108,median
2020-08-31,2020-08-31,3 wk ahead inc death,2020-09-19,05,quantile,0.65,111.35,median
2020-08-31,2020-08-31,3 wk ahead inc death,2020-09-19,05,quantile,0.7,115.3,median
2020-08-31,2020-08-31,3 wk ahead inc death,2020-09-19,05,quantile,0.75,120,median
2020-08-31,2020-08-31,3 wk ahead inc death,2020-09-19,05,quantile,0.8,126,median
2020-08-31,2020-08-31,3 wk ahead inc death,2020-09-19,05,quantile,0.85,131,median
2020-08-31,2020-08-31,3 wk ahead inc death,2020-09-19,05,quantile,0.9,139,median
2020-08-31,2020-08-31,3 wk ahead inc death,2020-09-19,05,quantile,0.95,153,median
2020-08-31,2020-08-31,3 wk ahead inc death,2020-09-19,05,quantile,0.975,162.025,median
2020-08-31,2020-08-31,3 wk ahead inc death,2020-09-19,05,quantile,0.99,175,median
2020-08-31,2020-08-31,4 wk ahead inc death,2020-09-26,05,point,,106,median
2020-08-31,2020-08-31,4 wk ahead inc death,2020-09-26,05,quantile,0.01,36.99,median
2020-08-31,2020-08-31,4 wk ahead inc death,2020-09-26,05,quantile,0.025,46,median
2020-08-31,2020-08-31,4 wk ahead inc death,2020-09-26,05,quantile,0.05,55,median
2020-08-31,2020-08-31,4 wk ahead inc death,2020-09-26,05,quantile,0.1,66,median
2020-08-31,2020-08-31,4 wk ahead inc death,2020-09-26,05,quantile,0.15,74,median
2020-08-31,2020-08-31,4 wk ahead inc death,2020-09-26,05,quantile,0.2,80,median
2020-08-31,2020-08-31,4 wk ahead inc death,2020-09-26,05,quantile,0.25,84,median
2020-08-31,2020-08-31,4 wk ahead inc death,2020-09-26,05,quantile,0.3,89,median
2020-08-31,2020-08-31,4 wk ahead inc death,2020-09-26,05,quantile,0.35,94,median
2020-08-31,2020-08-31,4 wk ahead inc death,2020-09-26,05,quantile,0.4,99,median
2020-08-31,2020-08-31,4 wk ahead inc death,2020-09-26,05,quantile,0.45,103,median
2020-08-31,2020-08-31,4 wk ahead inc death,2020-09-26,05,quantile,0.5,106,median
2020-08-31,2020-08-31,4 wk ahead inc death,2020-09-26,05,quantile,0.55,110,median
2020-08-31,2020-08-31,4 wk ahead inc death,2020-09-26,05,quantile,0.6,114,median
2020-08-31,2020-08-31,4 wk ahead inc death,2020-09-26,05,quantile,0.65,119,median
2020-08-31,2020-08-31,4 wk ahead inc death,2020-09-26,05,quantile,0.7,124,median
2020-08-31,2020-08-31,4 wk ahead inc death,2020-09-26,05,quantile,0.75,128,median
2020-08-31,2020-08-31,4 wk ahead inc death,2020-09-26,05,quantile,0.8,134.2,median
2020-08-31,2020-08-31,4 wk ahead inc death,2020-09-26,05,quantile,0.85,140.15,median
2020-08-31,2020-08-31,4 wk ahead inc death,2020-09-26,05,quantile,0.9,149,median
2020-08-31,2020-08-31,4 wk ahead inc death,2020-09-26,05,quantile,0.95,160,median
2020-08-31,2020-08-31,4 wk ahead inc death,2020-09-26,05,quantile,0.975,177.025,median
2020-08-31,2020-08-31,4 wk ahead inc death,2020-09-26,05,quantile,0.99,191.01,median
2020-08-31,2020-08-31,1 wk ahead inc death,2020-09-05,06,point,,823,median
2020-08-31,2020-08-31,1 wk ahead inc death,2020-09-05,06,quantile,0.01,500.92,median
2020-08-31,2020-08-31,1 wk ahead inc death,2020-09-05,06,quantile,0.025,531.975,median
2020-08-31,2020-08-31,1 wk ahead inc death,2020-09-05,06,quantile,0.05,571.95,median
2020-08-31,2020-08-31,1 wk ahead inc death,2020-09-05,06,quantile,0.1,615,median
2020-08-31,2020-08-31,1 wk ahead inc death,2020-09-05,06,quantile,0.15,654,median
2020-08-31,2020-08-31,1 wk ahead inc death,2020-09-05,06,quantile,0.2,681.8,median
2020-08-31,2020-08-31,1 wk ahead inc death,2020-09-05,06,quantile,0.25,707.75,median
2020-08-31,2020-08-31,1 wk ahead inc death,2020-09-05,06,quantile,0.3,730.4,median
2020-08-31,2020-08-31,1 wk ahead inc death,2020-09-05,06,quantile,0.35,756.65,median
2020-08-31,2020-08-31,1 wk ahead inc death,2020-09-05,06,quantile,0.4,778.6,median
2020-08-31,2020-08-31,1 wk ahead inc death,2020-09-05,06,quantile,0.45,800.55,median
2020-08-31,2020-08-31,1 wk ahead inc death,2020-09-05,06,quantile,0.5,823,median
2020-08-31,2020-08-31,1 wk ahead inc death,2020-09-05,06,quantile,0.55,841,median
2020-08-31,2020-08-31,1 wk ahead inc death,2020-09-05,06,quantile,0.6,863.4,median
2020-08-31,2020-08-31,1 wk ahead inc death,2020-09-05,06,quantile,0.65,895,median
2020-08-31,2020-08-31,1 wk ahead inc death,2020-09-05,06,quantile,0.7,922.2,median
2020-08-31,2020-08-31,1 wk ahead inc death,2020-09-05,06,quantile,0.75,949,median
2020-08-31,2020-08-31,1 wk ahead inc death,2020-09-05,06,quantile,0.8,979,median
2020-08-31,2020-08-31,1 wk ahead inc death,2020-09-05,06,quantile,0.85,1010,median
2020-08-31,2020-08-31,1 wk ahead inc death,2020-09-05,06,quantile,0.9,1049,median
2020-08-31,2020-08-31,1 wk ahead inc death,2020-09-05,06,quantile,0.95,1092,median
2020-08-31,2020-08-31,1 wk ahead inc death,2020-09-05,06,quantile,0.975,1119,median
2020-08-31,2020-08-31,1 wk ahead inc death,2020-09-05,06,quantile,0.99,1133,median
2020-08-31,2020-08-31,2 wk ahead inc death,2020-09-12,06,point,,778.5,median
2020-08-31,2020-08-31,2 wk ahead inc death,2020-09-12,06,quantile,0.01,381.96,median
2020-08-31,2020-08-31,2 wk ahead inc death,2020-09-12,06,quantile,0.025,427.975,median
2020-08-31,2020-08-31,2 wk ahead inc death,2020-09-12,06,quantile,0.05,467,median
2020-08-31,2020-08-31,2 wk ahead inc death,2020-09-12,06,quantile,0.1,504,median
2020-08-31,2020-08-31,2 wk ahead inc death,2020-09-12,06,quantile,0.15,543,median
2020-08-31,2020-08-31,2 wk ahead inc death,2020-09-12,06,quantile,0.2,575,median
2020-08-31,2020-08-31,2 wk ahead inc death,2020-09-12,06,quantile,0.25,612,median
2020-08-31,2020-08-31,2 wk ahead inc death,2020-09-12,06,quantile,0.3,645.7,median
2020-08-31,2020-08-31,2 wk ahead inc death,2020-09-12,06,quantile,0.35,683.65,median
2020-08-31,2020-08-31,2 wk ahead inc death,2020-09-12,06,quantile,0.4,710.6,median
2020-08-31,2020-08-31,2 wk ahead inc death,2020-09-12,06,quantile,0.45,742.1,median
2020-08-31,2020-08-31,2 wk ahead inc death,2020-09-12,06,quantile,0.5,778.5,median
2020-08-31,2020-08-31,2 wk ahead inc death,2020-09-12,06,quantile,0.55,819.45,median
2020-08-31,2020-08-31,2 wk ahead inc death,2020-09-12,06,quantile,0.6,862,median
2020-08-31,2020-08-31,2 wk ahead inc death,2020-09-12,06,quantile,0.65,892,median
2020-08-31,2020-08-31,2 wk ahead inc death,2020-09-12,06,quantile,0.7,928,median
2020-08-31,2020-08-31,2 wk ahead inc death,2020-09-12,06,quantile,0.75,966,median
2020-08-31,2020-08-31,2 wk ahead inc death,2020-09-12,06,quantile,0.8,1001,median
2020-08-31,2020-08-31,2 wk ahead inc death,2020-09-12,06,quantile,0.85,1050,median
2020-08-31,2020-08-31,2 wk ahead inc death,2020-09-12,06,quantile,0.9,1117,median
2020-08-31,2020-08-31,2 wk ahead inc death,2020-09-12,06,quantile,0.95,1174,median
2020-08-31,2020-08-31,2 wk ahead inc death,2020-09-12,06,quantile,0.975,1222,median
2020-08-31,2020-08-31,2 wk ahead inc death,2020-09-12,06,quantile,0.99,1261,median
2020-08-31,2020-08-31,3 wk ahead inc death,2020-09-19,06,point,,775,median
2020-08-31,2020-08-31,3 wk ahead inc death,2020-09-19,06,quantile,0.01,286.93,median
2020-08-31,2020-08-31,3 wk ahead inc death,2020-09-19,06,quantile,0.025,339.975,median
2020-08-31,2020-08-31,3 wk ahead inc death,2020-09-19,06,quantile,0.05,376.95,median
2020-08-31,2020-08-31,3 wk ahead inc death,2020-09-19,06,quantile,0.1,444.9,median
2020-08-31,2020-08-31,3 wk ahead inc death,2020-09-19,06,quantile,0.15,499,median
2020-08-31,2020-08-31,3 wk ahead inc death,2020-09-19,06,quantile,0.2,540,median
2020-08-31,2020-08-31,3 wk ahead inc death,2020-09-19,06,quantile,0.25,581,median
2020-08-31,2020-08-31,3 wk ahead inc death,2020-09-19,06,quantile,0.3,615,median
2020-08-31,2020-08-31,3 wk ahead inc death,2020-09-19,06,quantile,0.35,651,median
2020-08-31,2020-08-31,3 wk ahead inc death,2020-09-19,06,quantile,0.4,691,median
2020-08-31,2020-08-31,3 wk ahead inc death,2020-09-19,06,quantile,0.45,736,median
2020-08-31,2020-08-31,3 wk ahead inc death,2020-09-19,06,quantile,0.5,775,median
2020-08-31,2020-08-31,3 wk ahead inc death,2020-09-19,06,quantile,0.55,814,median
2020-08-31,2020-08-31,3 wk ahead inc death,2020-09-19,06,quantile,0.6,850,median
2020-08-31,2020-08-31,3 wk ahead inc death,2020-09-19,06,quantile,0.65,893,median
2020-08-31,2020-08-31,3 wk ahead inc death,2020-09-19,06,quantile,0.7,939,median
2020-08-31,2020-08-31,3 wk ahead inc death,2020-09-19,06,quantile,0.75,985,median
2020-08-31,2020-08-31,3 wk ahead inc death,2020-09-19,06,quantile,0.8,1036,median
2020-08-31,2020-08-31,3 wk ahead inc death,2020-09-19,06,quantile,0.85,1106,median
2020-08-31,2020-08-31,3 wk ahead inc death,2020-09-19,06,quantile,0.9,1191,median
2020-08-31,2020-08-31,3 wk ahead inc death,2020-09-19,06,quantile,0.95,1311,median
2020-08-31,2020-08-31,3 wk ahead inc death,2020-09-19,06,quantile,0.975,1368,median
2020-08-31,2020-08-31,3 wk ahead inc death,2020-09-19,06,quantile,0.99,1418,median
2020-08-31,2020-08-31,4 wk ahead inc death,2020-09-26,06,point,,723,median
2020-08-31,2020-08-31,4 wk ahead inc death,2020-09-26,06,quantile,0.01,216.99,median
2020-08-31,2020-08-31,4 wk ahead inc death,2020-09-26,06,quantile,0.025,273.9,median
2020-08-31,2020-08-31,4 wk ahead inc death,2020-09-26,06,quantile,0.05,308,median
2020-08-31,2020-08-31,4 wk ahead inc death,2020-09-26,06,quantile,0.1,362,median
2020-08-31,2020-08-31,4 wk ahead inc death,2020-09-26,06,quantile,0.15,413,median
2020-08-31,2020-08-31,4 wk ahead inc death,2020-09-26,06,quantile,0.2,464,median
2020-08-31,2020-08-31,4 wk ahead inc death,2020-09-26,06,quantile,0.25,505,median
2020-08-31,2020-08-31,4 wk ahead inc death,2020-09-26,06,quantile,0.3,543,median
2020-08-31,2020-08-31,4 wk ahead inc death,2020-09-26,06,quantile,0.35,587,median
2020-08-31,2020-08-31,4 wk ahead inc death,2020-09-26,06,quantile,0.4,632,median
2020-08-31,2020-08-31,4 wk ahead inc death,2020-09-26,06,quantile,0.45,681,median
2020-08-31,2020-08-31,4 wk ahead inc death,2020-09-26,06,quantile,0.5,723,median
2020-08-31,2020-08-31,4 wk ahead inc death,2020-09-26,06,quantile,0.55,780,median
2020-08-31,2020-08-31,4 wk ahead inc death,2020-09-26,06,quantile,0.6,826,median
2020-08-31,2020-08-31,4 wk ahead inc death,2020-09-26,06,quantile,0.65,881,median
2020-08-31,2020-08-31,4 wk ahead inc death,2020-09-26,06,quantile,0.7,951,median
2020-08-31,2020-08-31,4 wk ahead inc death,2020-09-26,06,quantile,0.75,1015,median
2020-08-31,2020-08-31,4 wk ahead inc death,2020-09-26,06,quantile,0.8,1093,median
2020-08-31,2020-08-31,4 wk ahead inc death,2020-09-26,06,quantile,0.85,1197,median
2020-08-31,2020-08-31,4 wk ahead inc death,2020-09-26,06,quantile,0.9,1297,median
2020-08-31,2020-08-31,4 wk ahead inc death,2020-09-26,06,quantile,0.95,1438,median
2020-08-31,2020-08-31,4 wk ahead inc death,2020-09-26,06,quantile,0.975,1533,median
2020-08-31,2020-08-31,4 wk ahead inc death,2020-09-26,06,quantile,0.99,1596,median
2020-08-31,2020-08-31,1 wk ahead inc death,2020-09-05,08,point,,24,median
2020-08-31,2020-08-31,1 wk ahead inc death,2020-09-05,08,quantile,0.01,6.99,median
2020-08-31,2020-08-31,1 wk ahead inc death,2020-09-05,08,quantile,0.025,8,median
2020-08-31,2020-08-31,1 wk ahead inc death,2020-09-05,08,quantile,0.05,10,median
2020-08-31,2020-08-31,1 wk ahead inc death,2020-09-05,08,quantile,0.1,12,median
2020-08-31,2020-08-31,1 wk ahead inc death,2020-09-05,08,quantile,0.15,15,median
2020-08-31,2020-08-31,1 wk ahead inc death,2020-09-05,08,quantile,0.2,16,median
2020-08-31,2020-08-31,1 wk ahead inc death,2020-09-05,08,quantile,0.25,17,median
2020-08-31,2020-08-31,1 wk ahead inc death,2020-09-05,08,quantile,0.3,18,median
2020-08-31,2020-08-31,1 wk ahead inc death,2020-09-05,08,quantile,0.35,20,median
2020-08-31,2020-08-31,1 wk ahead inc death,2020-09-05,08,quantile,0.4,21,median
2020-08-31,2020-08-31,1 wk ahead inc death,2020-09-05,08,quantile,0.45,23,median
2020-08-31,2020-08-31,1 wk ahead inc death,2020-09-05,08,quantile,0.5,24,median
2020-08-31,2020-08-31,1 wk ahead inc death,2020-09-05,08,quantile,0.55,25,median
2020-08-31,2020-08-31,1 wk ahead inc death,2020-09-05,08,quantile,0.6,27,median
2020-08-31,2020-08-31,1 wk ahead inc death,2020-09-05,08,quantile,0.65,28,median
2020-08-31,2020-08-31,1 wk ahead inc death,2020-09-05,08,quantile,0.7,30,median
2020-08-31,2020-08-31,1 wk ahead inc death,2020-09-05,08,quantile,0.75,31,median
2020-08-31,2020-08-31,1 wk ahead inc death,2020-09-05,08,quantile,0.8,33,median
2020-08-31,2020-08-31,1 wk ahead inc death,2020-09-05,08,quantile,0.85,36,median
2020-08-31,2020-08-31,1 wk ahead inc death,2020-09-05,08,quantile,0.9,39,median
2020-08-31,2020-08-31,1 wk ahead inc death,2020-09-05,08,quantile,0.95,42,median
2020-08-31,2020-08-31,1 wk ahead inc death,2020-09-05,08,quantile,0.975,45,median
2020-08-31,2020-08-31,1 wk ahead inc death,2020-09-05,08,quantile,0.99,51.01,median
2020-08-31,2020-08-31,2 wk ahead inc death,2020-09-12,08,point,,23,median
2020-08-31,2020-08-31,2 wk ahead inc death,2020-09-12,08,quantile,0.01,5,median
2020-08-31,2020-08-31,2 wk ahead inc death,2020-09-12,08,quantile,0.025,7.975,median
2020-08-31,2020-08-31,2 wk ahead inc death,2020-09-12,08,quantile,0.05,10,median
2020-08-31,2020-08-31,2 wk ahead inc death,2020-09-12,08,quantile,0.1,12,median
2020-08-31,2020-08-31,2 wk ahead inc death,2020-09-12,08,quantile,0.15,13,median
2020-08-31,2020-08-31,2 wk ahead inc death,2020-09-12,08,quantile,0.2,15,median
2020-08-31,2020-08-31,2 wk ahead inc death,2020-09-12,08,quantile,0.25,16,median
2020-08-31,2020-08-31,2 wk ahead inc death,2020-09-12,08,quantile,0.3,17,median
2020-08-31,2020-08-31,2 wk ahead inc death,2020-09-12,08,quantile,0.35,19,median
2020-08-31,2020-08-31,2 wk ahead inc death,2020-09-12,08,quantile,0.4,20,median
2020-08-31,2020-08-31,2 wk ahead inc death,2020-09-12,08,quantile,0.45,21,median
2020-08-31,2020-08-31,2 wk ahead inc death,2020-09-12,08,quantile,0.5,23,median
2020-08-31,2020-08-31,2 wk ahead inc death,2020-09-12,08,quantile,0.55,24,median
2020-08-31,2020-08-31,2 wk ahead inc death,2020-09-12,08,quantile,0.6,26,median
2020-08-31,2020-08-31,2 wk ahead inc death,2020-09-12,08,quantile,0.65,28,median
2020-08-31,2020-08-31,2 wk ahead inc death,2020-09-12,08,quantile,0.7,30,median
2020-08-31,2020-08-31,2 wk ahead inc death,2020-09-12,08,quantile,0.75,32,median
2020-08-31,2020-08-31,2 wk ahead inc death,2020-09-12,08,quantile,0.8,35,median
2020-08-31,2020-08-31,2 wk ahead inc death,2020-09-12,08,quantile,0.85,37,median
2020-08-31,2020-08-31,2 wk ahead inc death,2020-09-12,08,quantile,0.9,42,median
2020-08-31,2020-08-31,2 wk ahead inc death,2020-09-12,08,quantile,0.95,48,median
2020-08-31,2020-08-31,2 wk ahead inc death,2020-09-12,08,quantile,0.975,52,median
2020-08-31,2020-08-31,2 wk ahead inc death,2020-09-12,08,quantile,0.99,55,median
2020-08-31,2020-08-31,3 wk ahead inc death,2020-09-19,08,point,,22,median
2020-08-31,2020-08-31,3 wk ahead inc death,2020-09-19,08,quantile,0.01,5,median
2020-08-31,2020-08-31,3 wk ahead inc death,2020-09-19,08,quantile,0.025,7,median
2020-08-31,2020-08-31,3 wk ahead inc death,2020-09-19,08,quantile,0.05,8,median
2020-08-31,2020-08-31,3 wk ahead inc death,2020-09-19,08,quantile,0.1,9,median
2020-08-31,2020-08-31,3 wk ahead inc death,2020-09-19,08,quantile,0.15,11,median
2020-08-31,2020-08-31,3 wk ahead inc death,2020-09-19,08,quantile,0.2,12,median
2020-08-31,2020-08-31,3 wk ahead inc death,2020-09-19,08,quantile,0.25,14,median
2020-08-31,2020-08-31,3 wk ahead inc death,2020-09-19,08,quantile,0.3,15,median
2020-08-31,2020-08-31,3 wk ahead inc death,2020-09-19,08,quantile,0.35,17,median
2020-08-31,2020-08-31,3 wk ahead inc death,2020-09-19,08,quantile,0.4,18,median
2020-08-31,2020-08-31,3 wk ahead inc death,2020-09-19,08,quantile,0.45,20,median
2020-08-31,2020-08-31,3 wk ahead inc death,2020-09-19,08,quantile,0.5,22,median
2020-08-31,2020-08-31,3 wk ahead inc death,2020-09-19,08,quantile,0.55,24,median
2020-08-31,2020-08-31,3 wk ahead inc death,2020-09-19,08,quantile,0.6,26,median
2020-08-31,2020-08-31,3 wk ahead inc death,2020-09-19,08,quantile,0.65,28,median
2020-08-31,2020-08-31,3 wk ahead inc death,2020-09-19,08,quantile,0.7,32,median
2020-08-31,2020-08-31,3 wk ahead inc death,2020-09-19,08,quantile,0.75,35,median
2020-08-31,2020-08-31,3 wk ahead inc death,2020-09-19,08,quantile,0.8,38,median
2020-08-31,2020-08-31,3 wk ahead inc death,2020-09-19,08,quantile,0.85,44,median
2020-08-31,2020-08-31,3 wk ahead inc death,2020-09-19,08,quantile,0.9,51,median
2020-08-31,2020-08-31,3 wk ahead inc death,2020-09-19,08,quantile,0.95,64,median
2020-08-31,2020-08-31,3 wk ahead inc death,2020-09-19,08,quantile,0.975,68,median
2020-08-31,2020-08-31,3 wk ahead inc death,2020-09-19,08,quantile,0.99,72,median
2020-08-31,2020-08-31,4 wk ahead inc death,2020-09-26,08,point,,21,median
2020-08-31,2020-08-31,4 wk ahead inc death,2020-09-26,08,quantile,0.01,4,median
2020-08-31,2020-08-31,4 wk ahead inc death,2020-09-26,08,quantile,0.025,5,median
2020-08-31,2020-08-31,4 wk ahead inc death,2020-09-26,08,quantile,0.05,6,median
2020-08-31,2020-08-31,4 wk ahead inc death,2020-09-26,08,quantile,0.1,7,median
2020-08-31,2020-08-31,4 wk ahead inc death,2020-09-26,08,quantile,0.15,9,median
2020-08-31,2020-08-31,4 wk ahead inc death,2020-09-26,08,quantile,0.2,10,median
2020-08-31,2020-08-31,4 wk ahead inc death,2020-09-26,08,quantile,0.25,12,median
2020-08-31,2020-08-31,4 wk ahead inc death,2020-09-26,08,quantile,0.3,14,median
2020-08-31,2020-08-31,4 wk ahead inc death,2020-09-26,08,quantile,0.35,15,median
2020-08-31,2020-08-31,4 wk ahead inc death,2020-09-26,08,quantile,0.4,17,median
2020-08-31,2020-08-31,4 wk ahead inc death,2020-09-26,08,quantile,0.45,18,median
2020-08-31,2020-08-31,4 wk ahead inc death,2020-09-26,08,quantile,0.5,21,median
2020-08-31,2020-08-31,4 wk ahead inc death,2020-09-26,08,quantile,0.55,22,median
2020-08-31,2020-08-31,4 wk ahead inc death,2020-09-26,08,quantile,0.6,25.0000000000001,median
2020-08-31,2020-08-31,4 wk ahead inc death,2020-09-26,08,quantile,0.65,29,median
2020-08-31,2020-08-31,4 wk ahead inc death,2020-09-26,08,quantile,0.7,32,median
2020-08-31,2020-08-31,4 wk ahead inc death,2020-09-26,08,quantile,0.75,36,median
2020-08-31,2020-08-31,4 wk ahead inc death,2020-09-26,08,quantile,0.8,41,median
2020-08-31,2020-08-31,4 wk ahead inc death,2020-09-26,08,quantile,0.85,48,median
2020-08-31,2020-08-31,4 wk ahead inc death,2020-09-26,08,quantile,0.9,58,median
2020-08-31,2020-08-31,4 wk ahead inc death,2020-09-26,08,quantile,0.95,75,median
2020-08-31,2020-08-31,4 wk ahead inc death,2020-09-26,08,quantile,0.975,86,median
2020-08-31,2020-08-31,4 wk ahead inc death,2020-09-26,08,quantile,0.99,94,median
2020-08-31,2020-08-31,1 wk ahead inc death,2020-09-05,09,point,,5,median
2020-08-31,2020-08-31,1 wk ahead inc death,2020-09-05,09,quantile,0.01,0,median
2020-08-31,2020-08-31,1 wk ahead inc death,2020-09-05,09,quantile,0.025,0,median
2020-08-31,2020-08-31,1 wk ahead inc death,2020-09-05,09,quantile,0.05,1,median
2020-08-31,2020-08-31,1 wk ahead inc death,2020-09-05,09,quantile,0.1,1,median
2020-08-31,2020-08-31,1 wk ahead inc death,2020-09-05,09,quantile,0.15,2,median
2020-08-31,2020-08-31,1 wk ahead inc death,2020-09-05,09,quantile,0.2,2,median
2020-08-31,2020-08-31,1 wk ahead inc death,2020-09-05,09,quantile,0.25,3,median
2020-08-31,2020-08-31,1 wk ahead inc death,2020-09-05,09,quantile,0.3,3,median
2020-08-31,2020-08-31,1 wk ahead inc death,2020-09-05,09,quantile,0.35,3,median
2020-08-31,2020-08-31,1 wk ahead inc death,2020-09-05,09,quantile,0.4,4,median
2020-08-31,2020-08-31,1 wk ahead inc death,2020-09-05,09,quantile,0.45,4,median
2020-08-31,2020-08-31,1 wk ahead inc death,2020-09-05,09,quantile,0.5,5,median
2020-08-31,2020-08-31,1 wk ahead inc death,2020-09-05,09,quantile,0.55,5,median
2020-08-31,2020-08-31,1 wk ahead inc death,2020-09-05,09,quantile,0.6,6,median
2020-08-31,2020-08-31,1 wk ahead inc death,2020-09-05,09,quantile,0.65,6,median
2020-08-31,2020-08-31,1 wk ahead inc death,2020-09-05,09,quantile,0.7,7,median
2020-08-31,2020-08-31,1 wk ahead inc death,2020-09-05,09,quantile,0.75,8,median
2020-08-31,2020-08-31,1 wk ahead inc death,2020-09-05,09,quantile,0.8,8,median
2020-08-31,2020-08-31,1 wk ahead inc death,2020-09-05,09,quantile,0.85,10,median
2020-08-31,2020-08-31,1 wk ahead inc death,2020-09-05,09,quantile,0.9,12,median
2020-08-31,2020-08-31,1 wk ahead inc death,2020-09-05,09,quantile,0.95,15,median
2020-08-31,2020-08-31,1 wk ahead inc death,2020-09-05,09,quantile,0.975,18,median
2020-08-31,2020-08-31,1 wk ahead inc death,2020-09-05,09,quantile,0.99,20.01,median
2020-08-31,2020-08-31,2 wk ahead inc death,2020-09-12,09,point,,9,median
2020-08-31,2020-08-31,2 wk ahead inc death,2020-09-12,09,quantile,0.01,0,median
2020-08-31,2020-08-31,2 wk ahead inc death,2020-09-12,09,quantile,0.025,1,median
2020-08-31,2020-08-31,2 wk ahead inc death,2020-09-12,09,quantile,0.05,2,median
2020-08-31,2020-08-31,2 wk ahead inc death,2020-09-12,09,quantile,0.1,3,median
2020-08-31,2020-08-31,2 wk ahead inc death,2020-09-12,09,quantile,0.15,4,median
2020-08-31,2020-08-31,2 wk ahead inc death,2020-09-12,09,quantile,0.2,5,median
2020-08-31,2020-08-31,2 wk ahead inc death,2020-09-12,09,quantile,0.25,5,median
2020-08-31,2020-08-31,2 wk ahead inc death,2020-09-12,09,quantile,0.3,6,median
2020-08-31,2020-08-31,2 wk ahead inc death,2020-09-12,09,quantile,0.35,7,median
2020-08-31,2020-08-31,2 wk ahead inc death,2020-09-12,09,quantile,0.4,7,median
2020-08-31,2020-08-31,2 wk ahead inc death,2020-09-12,09,quantile,0.45,8,median
2020-08-31,2020-08-31,2 wk ahead inc death,2020-09-12,09,quantile,0.5,9,median
2020-08-31,2020-08-31,2 wk ahead inc death,2020-09-12,09,quantile,0.55,9,median
2020-08-31,2020-08-31,2 wk ahead inc death,2020-09-12,09,quantile,0.6,10,median
2020-08-31,2020-08-31,2 wk ahead inc death,2020-09-12,09,quantile,0.65,11,median
2020-08-31,2020-08-31,2 wk ahead inc death,2020-09-12,09,quantile,0.7,13,median
2020-08-31,2020-08-31,2 wk ahead inc death,2020-09-12,09,quantile,0.75,14,median
2020-08-31,2020-08-31,2 wk ahead inc death,2020-09-12,09,quantile,0.8,15,median
2020-08-31,2020-08-31,2 wk ahead inc death,2020-09-12,09,quantile,0.85,17,median
2020-08-31,2020-08-31,2 wk ahead inc death,2020-09-12,09,quantile,0.9,20,median
2020-08-31,2020-08-31,2 wk ahead inc death,2020-09-12,09,quantile,0.95,23.05,median
2020-08-31,2020-08-31,2 wk ahead inc death,2020-09-12,09,quantile,0.975,28,median
2020-08-31,2020-08-31,2 wk ahead inc death,2020-09-12,09,quantile,0.99,34.01,median
2020-08-31,2020-08-31,3 wk ahead inc death,2020-09-19,09,point,,10,median
2020-08-31,2020-08-31,3 wk ahead inc death,2020-09-19,09,quantile,0.01,0,median
2020-08-31,2020-08-31,3 wk ahead inc death,2020-09-19,09,quantile,0.025,1,median
2020-08-31,2020-08-31,3 wk ahead inc death,2020-09-19,09,quantile,0.05,3,median
2020-08-31,2020-08-31,3 wk ahead inc death,2020-09-19,09,quantile,0.1,4,median
2020-08-31,2020-08-31,3 wk ahead inc death,2020-09-19,09,quantile,0.15,5,median
2020-08-31,2020-08-31,3 wk ahead inc death,2020-09-19,09,quantile,0.2,6,median
2020-08-31,2020-08-31,3 wk ahead inc death,2020-09-19,09,quantile,0.25,6,median
2020-08-31,2020-08-31,3 wk ahead inc death,2020-09-19,09,quantile,0.3,7,median
2020-08-31,2020-08-31,3 wk ahead inc death,2020-09-19,09,quantile,0.35,8,median
2020-08-31,2020-08-31,3 wk ahead inc death,2020-09-19,09,quantile,0.4,9,median
2020-08-31,2020-08-31,3 wk ahead inc death,2020-09-19,09,quantile,0.45,10,median
2020-08-31,2020-08-31,3 wk ahead inc death,2020-09-19,09,quantile,0.5,10,median
2020-08-31,2020-08-31,3 wk ahead inc death,2020-09-19,09,quantile,0.55,11,median
2020-08-31,2020-08-31,3 wk ahead inc death,2020-09-19,09,quantile,0.6,12,median
2020-08-31,2020-08-31,3 wk ahead inc death,2020-09-19,09,quantile,0.65,13,median
2020-08-31,2020-08-31,3 wk ahead inc death,2020-09-19,09,quantile,0.7,15,median
2020-08-31,2020-08-31,3 wk ahead inc death,2020-09-19,09,quantile,0.75,16,median
2020-08-31,2020-08-31,3 wk ahead inc death,2020-09-19,09,quantile,0.8,18,median
2020-08-31,2020-08-31,3 wk ahead inc death,2020-09-19,09,quantile,0.85,20,median
2020-08-31,2020-08-31,3 wk ahead inc death,2020-09-19,09,quantile,0.9,24,median
2020-08-31,2020-08-31,3 wk ahead inc death,2020-09-19,09,quantile,0.95,31,median
2020-08-31,2020-08-31,3 wk ahead inc death,2020-09-19,09,quantile,0.975,37,median
2020-08-31,2020-08-31,3 wk ahead inc death,2020-09-19,09,quantile,0.99,42,median
2020-08-31,2020-08-31,4 wk ahead inc death,2020-09-26,09,point,,13,median
2020-08-31,2020-08-31,4 wk ahead inc death,2020-09-26,09,quantile,0.01,1,median
2020-08-31,2020-08-31,4 wk ahead inc death,2020-09-26,09,quantile,0.025,2,median
2020-08-31,2020-08-31,4 wk ahead inc death,2020-09-26,09,quantile,0.05,3,median
2020-08-31,2020-08-31,4 wk ahead inc death,2020-09-26,09,quantile,0.1,5,median
2020-08-31,2020-08-31,4 wk ahead inc death,2020-09-26,09,quantile,0.15,6,median
2020-08-31,2020-08-31,4 wk ahead inc death,2020-09-26,09,quantile,0.2,7,median
2020-08-31,2020-08-31,4 wk ahead inc death,2020-09-26,09,quantile,0.25,8,median
2020-08-31,2020-08-31,4 wk ahead inc death,2020-09-26,09,quantile,0.3,9,median
2020-08-31,2020-08-31,4 wk ahead inc death,2020-09-26,09,quantile,0.35,9,median
2020-08-31,2020-08-31,4 wk ahead inc death,2020-09-26,09,quantile,0.4,11,median
2020-08-31,2020-08-31,4 wk ahead inc death,2020-09-26,09,quantile,0.45,12,median
2020-08-31,2020-08-31,4 wk ahead inc death,2020-09-26,09,quantile,0.5,13,median
2020-08-31,2020-08-31,4 wk ahead inc death,2020-09-26,09,quantile,0.55,14,median
2020-08-31,2020-08-31,4 wk ahead inc death,2020-09-26,09,quantile,0.6,15.4000000000001,median
2020-08-31,2020-08-31,4 wk ahead inc death,2020-09-26,09,quantile,0.65,17,median
2020-08-31,2020-08-31,4 wk ahead inc death,2020-09-26,09,quantile,0.7,19,median
2020-08-31,2020-08-31,4 wk ahead inc death,2020-09-26,09,quantile,0.75,22,median
2020-08-31,2020-08-31,4 wk ahead inc death,2020-09-26,09,quantile,0.8,25,median
2020-08-31,2020-08-31,4 wk ahead inc death,2020-09-26,09,quantile,0.85,29.1500000000001,median
2020-08-31,2020-08-31,4 wk ahead inc death,2020-09-26,09,quantile,0.9,32,median
2020-08-31,2020-08-31,4 wk ahead inc death,2020-09-26,09,quantile,0.95,37,median
2020-08-31,2020-08-31,4 wk ahead inc death,2020-09-26,09,quantile,0.975,40,median
2020-08-31,2020-08-31,4 wk ahead inc death,2020-09-26,09,quantile,0.99,44.01,median
2020-08-31,2020-08-31,1 wk ahead inc death,2020-09-05,10,point,,5,median
2020-08-31,2020-08-31,1 wk ahead inc death,2020-09-05,10,quantile,0.01,1,median
2020-08-31,2020-08-31,1 wk ahead inc death,2020-09-05,10,quantile,0.025,1,median
2020-08-31,2020-08-31,1 wk ahead inc death,2020-09-05,10,quantile,0.05,1,median
2020-08-31,2020-08-31,1 wk ahead inc death,2020-09-05,10,quantile,0.1,2,median
2020-08-31,2020-08-31,1 wk ahead inc death,2020-09-05,10,quantile,0.15,2,median
2020-08-31,2020-08-31,1 wk ahead inc death,2020-09-05,10,quantile,0.2,2,median
2020-08-31,2020-08-31,1 wk ahead inc death,2020-09-05,10,quantile,0.25,3,median
2020-08-31,2020-08-31,1 wk ahead inc death,2020-09-05,10,quantile,0.3,3,median
2020-08-31,2020-08-31,1 wk ahead inc death,2020-09-05,10,quantile,0.35,3,median
2020-08-31,2020-08-31,1 wk ahead inc death,2020-09-05,10,quantile,0.4,4,median
2020-08-31,2020-08-31,1 wk ahead inc death,2020-09-05,10,quantile,0.45,5,median
2020-08-31,2020-08-31,1 wk ahead inc death,2020-09-05,10,quantile,0.5,5,median
2020-08-31,2020-08-31,1 wk ahead inc death,2020-09-05,10,quantile,0.55,6,median
2020-08-31,2020-08-31,1 wk ahead inc death,2020-09-05,10,quantile,0.6,6,median
2020-08-31,2020-08-31,1 wk ahead inc death,2020-09-05,10,quantile,0.65,7,median
2020-08-31,2020-08-31,1 wk ahead inc death,2020-09-05,10,quantile,0.7,8,median
2020-08-31,2020-08-31,1 wk ahead inc death,2020-09-05,10,quantile,0.75,9,median
2020-08-31,2020-08-31,1 wk ahead inc death,2020-09-05,10,quantile,0.8,10,median
2020-08-31,2020-08-31,1 wk ahead inc death,2020-09-05,10,quantile,0.85,11,median
2020-08-31,2020-08-31,1 wk ahead inc death,2020-09-05,10,quantile,0.9,13,median
2020-08-31,2020-08-31,1 wk ahead inc death,2020-09-05,10,quantile,0.95,15,median
2020-08-31,2020-08-31,1 wk ahead inc death,2020-09-05,10,quantile,0.975,16,median
2020-08-31,2020-08-31,1 wk ahead inc death,2020-09-05,10,quantile,0.99,17,median
2020-08-31,2020-08-31,2 wk ahead inc death,2020-09-12,10,point,,5,median
2020-08-31,2020-08-31,2 wk ahead inc death,2020-09-12,10,quantile,0.01,0,median
2020-08-31,2020-08-31,2 wk ahead inc death,2020-09-12,10,quantile,0.025,1,median
2020-08-31,2020-08-31,2 wk ahead inc death,2020-09-12,10,quantile,0.05,1,median
2020-08-31,2020-08-31,2 wk ahead inc death,2020-09-12,10,quantile,0.1,1,median
2020-08-31,2020-08-31,2 wk ahead inc death,2020-09-12,10,quantile,0.15,2,median
2020-08-31,2020-08-31,2 wk ahead inc death,2020-09-12,10,quantile,0.2,2,median
2020-08-31,2020-08-31,2 wk ahead inc death,2020-09-12,10,quantile,0.25,3,median
2020-08-31,2020-08-31,2 wk ahead inc death,2020-09-12,10,quantile,0.3,3,median
2020-08-31,2020-08-31,2 wk ahead inc death,2020-09-12,10,quantile,0.35,3,median
2020-08-31,2020-08-31,2 wk ahead inc death,2020-09-12,10,quantile,0.4,4,median
2020-08-31,2020-08-31,2 wk ahead inc death,2020-09-12,10,quantile,0.45,4,median
2020-08-31,2020-08-31,2 wk ahead inc death,2020-09-12,10,quantile,0.5,5,median
2020-08-31,2020-08-31,2 wk ahead inc death,2020-09-12,10,quantile,0.55,5,median
2020-08-31,2020-08-31,2 wk ahead inc death,2020-09-12,10,quantile,0.6,6,median
2020-08-31,2020-08-31,2 wk ahead inc death,2020-09-12,10,quantile,0.65,7,median
2020-08-31,2020-08-31,2 wk ahead inc death,2020-09-12,10,quantile,0.7,7,median
2020-08-31,2020-08-31,2 wk ahead inc death,2020-09-12,10,quantile,0.75,9,median
2020-08-31,2020-08-31,2 wk ahead inc death,2020-09-12,10,quantile,0.8,10,median
2020-08-31,2020-08-31,2 wk ahead inc death,2020-09-12,10,quantile,0.85,11,median
2020-08-31,2020-08-31,2 wk ahead inc death,2020-09-12,10,quantile,0.9,14,median
2020-08-31,2020-08-31,2 wk ahead inc death,2020-09-12,10,quantile,0.95,17,median
2020-08-31,2020-08-31,2 wk ahead inc death,2020-09-12,10,quantile,0.975,19,median
2020-08-31,2020-08-31,2 wk ahead inc death,2020-09-12,10,quantile,0.99,21,median
2020-08-31,2020-08-31,3 wk ahead inc death,2020-09-19,10,point,,4,median
2020-08-31,2020-08-31,3 wk ahead inc death,2020-09-19,10,quantile,0.01,0,median
2020-08-31,2020-08-31,3 wk ahead inc death,2020-09-19,10,quantile,0.025,0,median
2020-08-31,2020-08-31,3 wk ahead inc death,2020-09-19,10,quantile,0.05,0,median
2020-08-31,2020-08-31,3 wk ahead inc death,2020-09-19,10,quantile,0.1,1,median
2020-08-31,2020-08-31,3 wk ahead inc death,2020-09-19,10,quantile,0.15,1,median
2020-08-31,2020-08-31,3 wk ahead inc death,2020-09-19,10,quantile,0.2,2,median
2020-08-31,2020-08-31,3 wk ahead inc death,2020-09-19,10,quantile,0.25,2,median
2020-08-31,2020-08-31,3 wk ahead inc death,2020-09-19,10,quantile,0.3,2,median
2020-08-31,2020-08-31,3 wk ahead inc death,2020-09-19,10,quantile,0.35,3,median
2020-08-31,2020-08-31,3 wk ahead inc death,2020-09-19,10,quantile,0.4,3,median
2020-08-31,2020-08-31,3 wk ahead inc death,2020-09-19,10,quantile,0.45,3,median
2020-08-31,2020-08-31,3 wk ahead inc death,2020-09-19,10,quantile,0.5,4,median
2020-08-31,2020-08-31,3 wk ahead inc death,2020-09-19,10,quantile,0.55,4,median
2020-08-31,2020-08-31,3 wk ahead inc death,2020-09-19,10,quantile,0.6,5,median
2020-08-31,2020-08-31,3 wk ahead inc death,2020-09-19,10,quantile,0.65,6,median
2020-08-31,2020-08-31,3 wk ahead inc death,2020-09-19,10,quantile,0.7,7,median
2020-08-31,2020-08-31,3 wk ahead inc death,2020-09-19,10,quantile,0.75,8,median
2020-08-31,2020-08-31,3 wk ahead inc death,2020-09-19,10,quantile,0.8,10,median
2020-08-31,2020-08-31,3 wk ahead inc death,2020-09-19,10,quantile,0.85,12,median
2020-08-31,2020-08-31,3 wk ahead inc death,2020-09-19,10,quantile,0.9,16,median
2020-08-31,2020-08-31,3 wk ahead inc death,2020-09-19,10,quantile,0.95,22,median
2020-08-31,2020-08-31,3 wk ahead inc death,2020-09-19,10,quantile,0.975,27,median
2020-08-31,2020-08-31,3 wk ahead inc death,2020-09-19,10,quantile,0.99,31,median
2020-08-31,2020-08-31,4 wk ahead inc death,2020-09-26,10,point,,4,median
2020-08-31,2020-08-31,4 wk ahead inc death,2020-09-26,10,quantile,0.01,0,median
2020-08-31,2020-08-31,4 wk ahead inc death,2020-09-26,10,quantile,0.025,0,median
2020-08-31,2020-08-31,4 wk ahead inc death,2020-09-26,10,quantile,0.05,0,median
2020-08-31,2020-08-31,4 wk ahead inc death,2020-09-26,10,quantile,0.1,1,median
2020-08-31,2020-08-31,4 wk ahead inc death,2020-09-26,10,quantile,0.15,1,median
2020-08-31,2020-08-31,4 wk ahead inc death,2020-09-26,10,quantile,0.2,2,median
2020-08-31,2020-08-31,4 wk ahead inc death,2020-09-26,10,quantile,0.25,2,median
2020-08-31,2020-08-31,4 wk ahead inc death,2020-09-26,10,quantile,0.3,3,median
2020-08-31,2020-08-31,4 wk ahead inc death,2020-09-26,10,quantile,0.35,3,median
2020-08-31,2020-08-31,4 wk ahead inc death,2020-09-26,10,quantile,0.4,3,median
2020-08-31,2020-08-31,4 wk ahead inc death,2020-09-26,10,quantile,0.45,4,median
2020-08-31,2020-08-31,4 wk ahead inc death,2020-09-26,10,quantile,0.5,4,median
2020-08-31,2020-08-31,4 wk ahead inc death,2020-09-26,10,quantile,0.55,5,median
2020-08-31,2020-08-31,4 wk ahead inc death,2020-09-26,10,quantile,0.6,5,median
2020-08-31,2020-08-31,4 wk ahead inc death,2020-09-26,10,quantile,0.65,6,median
2020-08-31,2020-08-31,4 wk ahead inc death,2020-09-26,10,quantile,0.7,7,median
2020-08-31,2020-08-31,4 wk ahead inc death,2020-09-26,10,quantile,0.75,8,median
2020-08-31,2020-08-31,4 wk ahead inc death,2020-09-26,10,quantile,0.8,10,median
2020-08-31,2020-08-31,4 wk ahead inc death,2020-09-26,10,quantile,0.85,14,median
2020-08-31,2020-08-31,4 wk ahead inc death,2020-09-26,10,quantile,0.9,19,median
2020-08-31,2020-08-31,4 wk ahead inc death,2020-09-26,10,quantile,0.95,30,median
2020-08-31,2020-08-31,4 wk ahead inc death,2020-09-26,10,quantile,0.975,40,median
2020-08-31,2020-08-31,4 wk ahead inc death,2020-09-26,10,quantile,0.99,47,median
2020-08-31,2020-08-31,1 wk ahead inc death,2020-09-05,11,point,,6,median
2020-08-31,2020-08-31,1 wk ahead inc death,2020-09-05,11,quantile,0.01,2,median
2020-08-31,2020-08-31,1 wk ahead inc death,2020-09-05,11,quantile,0.025,2,median
2020-08-31,2020-08-31,1 wk ahead inc death,2020-09-05,11,quantile,0.05,2,median
2020-08-31,2020-08-31,1 wk ahead inc death,2020-09-05,11,quantile,0.1,3,median
2020-08-31,2020-08-31,1 wk ahead inc death,2020-09-05,11,quantile,0.15,3,median
2020-08-31,2020-08-31,1 wk ahead inc death,2020-09-05,11,quantile,0.2,4,median
2020-08-31,2020-08-31,1 wk ahead inc death,2020-09-05,11,quantile,0.25,4,median
2020-08-31,2020-08-31,1 wk ahead inc death,2020-09-05,11,quantile,0.3,4.69999999999999,median
2020-08-31,2020-08-31,1 wk ahead inc death,2020-09-05,11,quantile,0.35,5,median
2020-08-31,2020-08-31,1 wk ahead inc death,2020-09-05,11,quantile,0.4,5,median
2020-08-31,2020-08-31,1 wk ahead inc death,2020-09-05,11,quantile,0.45,5,median
2020-08-31,2020-08-31,1 wk ahead inc death,2020-09-05,11,quantile,0.5,6,median
2020-08-31,2020-08-31,1 wk ahead inc death,2020-09-05,11,quantile,0.55,6,median
2020-08-31,2020-08-31,1 wk ahead inc death,2020-09-05,11,quantile,0.6,7,median
2020-08-31,2020-08-31,1 wk ahead inc death,2020-09-05,11,quantile,0.65,7,median
2020-08-31,2020-08-31,1 wk ahead inc death,2020-09-05,11,quantile,0.7,8,median
2020-08-31,2020-08-31,1 wk ahead inc death,2020-09-05,11,quantile,0.75,8,median
2020-08-31,2020-08-31,1 wk ahead inc death,2020-09-05,11,quantile,0.8,8,median
2020-08-31,2020-08-31,1 wk ahead inc death,2020-09-05,11,quantile,0.85,9,median
2020-08-31,2020-08-31,1 wk ahead inc death,2020-09-05,11,quantile,0.9,9,median
2020-08-31,2020-08-31,1 wk ahead inc death,2020-09-05,11,quantile,0.95,10,median
2020-08-31,2020-08-31,1 wk ahead inc death,2020-09-05,11,quantile,0.975,11,median
2020-08-31,2020-08-31,1 wk ahead inc death,2020-09-05,11,quantile,0.99,12,median
2020-08-31,2020-08-31,2 wk ahead inc death,2020-09-12,11,point,,4,median
2020-08-31,2020-08-31,2 wk ahead inc death,2020-09-12,11,quantile,0.01,0,median
2020-08-31,2020-08-31,2 wk ahead inc death,2020-09-12,11,quantile,0.025,1,median
2020-08-31,2020-08-31,2 wk ahead inc death,2020-09-12,11,quantile,0.05,1,median
2020-08-31,2020-08-31,2 wk ahead inc death,2020-09-12,11,quantile,0.1,1,median
2020-08-31,2020-08-31,2 wk ahead inc death,2020-09-12,11,quantile,0.15,2,median
2020-08-31,2020-08-31,2 wk ahead inc death,2020-09-12,11,quantile,0.2,2,median
2020-08-31,2020-08-31,2 wk ahead inc death,2020-09-12,11,quantile,0.25,3,median
2020-08-31,2020-08-31,2 wk ahead inc death,2020-09-12,11,quantile,0.3,3,median
2020-08-31,2020-08-31,2 wk ahead inc death,2020-09-12,11,quantile,0.35,3,median
2020-08-31,2020-08-31,2 wk ahead inc death,2020-09-12,11,quantile,0.4,4,median
2020-08-31,2020-08-31,2 wk ahead inc death,2020-09-12,11,quantile,0.45,4,median
2020-08-31,2020-08-31,2 wk ahead inc death,2020-09-12,11,quantile,0.5,4,median
2020-08-31,2020-08-31,2 wk ahead inc death,2020-09-12,11,quantile,0.55,5,median
2020-08-31,2020-08-31,2 wk ahead inc death,2020-09-12,11,quantile,0.6,5,median
2020-08-31,2020-08-31,2 wk ahead inc death,2020-09-12,11,quantile,0.65,6,median
2020-08-31,2020-08-31,2 wk ahead inc death,2020-09-12,11,quantile,0.7,6,median
2020-08-31,2020-08-31,2 wk ahead inc death,2020-09-12,11,quantile,0.75,7,median
2020-08-31,2020-08-31,2 wk ahead inc death,2020-09-12,11,quantile,0.8,7,median
2020-08-31,2020-08-31,2 wk ahead inc death,2020-09-12,11,quantile,0.85,8,median
2020-08-31,2020-08-31,2 wk ahead inc death,2020-09-12,11,quantile,0.9,9,median
2020-08-31,2020-08-31,2 wk ahead inc death,2020-09-12,11,quantile,0.95,11,median
2020-08-31,2020-08-31,2 wk ahead inc death,2020-09-12,11,quantile,0.975,13,median
2020-08-31,2020-08-31,2 wk ahead inc death,2020-09-12,11,quantile,0.99,15,median
2020-08-31,2020-08-31,3 wk ahead inc death,2020-09-19,11,point,,4,median
2020-08-31,2020-08-31,3 wk ahead inc death,2020-09-19,11,quantile,0.01,0,median
2020-08-31,2020-08-31,3 wk ahead inc death,2020-09-19,11,quantile,0.025,0,median
2020-08-31,2020-08-31,3 wk ahead inc death,2020-09-19,11,quantile,0.05,1,median
2020-08-31,2020-08-31,3 wk ahead inc death,2020-09-19,11,quantile,0.1,1,median
2020-08-31,2020-08-31,3 wk ahead inc death,2020-09-19,11,quantile,0.15,2,median
2020-08-31,2020-08-31,3 wk ahead inc death,2020-09-19,11,quantile,0.2,2,median
2020-08-31,2020-08-31,3 wk ahead inc death,2020-09-19,11,quantile,0.25,2,median
2020-08-31,2020-08-31,3 wk ahead inc death,2020-09-19,11,quantile,0.3,3,median
2020-08-31,2020-08-31,3 wk ahead inc death,2020-09-19,11,quantile,0.35,3,median
2020-08-31,2020-08-31,3 wk ahead inc death,2020-09-19,11,quantile,0.4,3,median
2020-08-31,2020-08-31,3 wk ahead inc death,2020-09-19,11,quantile,0.45,4,median
2020-08-31,2020-08-31,3 wk ahead inc death,2020-09-19,11,quantile,0.5,4,median
2020-08-31,2020-08-31,3 wk ahead inc death,2020-09-19,11,quantile,0.55,5,median
2020-08-31,2020-08-31,3 wk ahead inc death,2020-09-19,11,quantile,0.6,5,median
2020-08-31,2020-08-31,3 wk ahead inc death,2020-09-19,11,quantile,0.65,5,median
2020-08-31,2020-08-31,3 wk ahead inc death,2020-09-19,11,quantile,0.7,6,median
2020-08-31,2020-08-31,3 wk ahead inc death,2020-09-19,11,quantile,0.75,7,median
2020-08-31,2020-08-31,3 wk ahead inc death,2020-09-19,11,quantile,0.8,7,median
2020-08-31,2020-08-31,3 wk ahead inc death,2020-09-19,11,quantile,0.85,8,median
2020-08-31,2020-08-31,3 wk ahead inc death,2020-09-19,11,quantile,0.9,9,median
2020-08-31,2020-08-31,3 wk ahead inc death,2020-09-19,11,quantile,0.95,11,median
2020-08-31,2020-08-31,3 wk ahead inc death,2020-09-19,11,quantile,0.975,13.025,median
2020-08-31,2020-08-31,3 wk ahead inc death,2020-09-19,11,quantile,0.99,17.01,median
2020-08-31,2020-08-31,4 wk ahead inc death,2020-09-26,11,point,,4,median
2020-08-31,2020-08-31,4 wk ahead inc death,2020-09-26,11,quantile,0.01,0,median
2020-08-31,2020-08-31,4 wk ahead inc death,2020-09-26,11,quantile,0.025,0,median
2020-08-31,2020-08-31,4 wk ahead inc death,2020-09-26,11,quantile,0.05,0.950000000000003,median
2020-08-31,2020-08-31,4 wk ahead inc death,2020-09-26,11,quantile,0.1,1,median
2020-08-31,2020-08-31,4 wk ahead inc death,2020-09-26,11,quantile,0.15,1,median
2020-08-31,2020-08-31,4 wk ahead inc death,2020-09-26,11,quantile,0.2,2,median
2020-08-31,2020-08-31,4 wk ahead inc death,2020-09-26,11,quantile,0.25,2,median
2020-08-31,2020-08-31,4 wk ahead inc death,2020-09-26,11,quantile,0.3,3,median
2020-08-31,2020-08-31,4 wk ahead inc death,2020-09-26,11,quantile,0.35,3,median
2020-08-31,2020-08-31,4 wk ahead inc death,2020-09-26,11,quantile,0.4,3,median
2020-08-31,2020-08-31,4 wk ahead inc death,2020-09-26,11,quantile,0.45,4,median
2020-08-31,2020-08-31,4 wk ahead inc death,2020-09-26,11,quantile,0.5,4,median
2020-08-31,2020-08-31,4 wk ahead inc death,2020-09-26,11,quantile,0.55,5,median
2020-08-31,2020-08-31,4 wk ahead inc death,2020-09-26,11,quantile,0.6,5,median
2020-08-31,2020-08-31,4 wk ahead inc death,2020-09-26,11,quantile,0.65,6,median
2020-08-31,2020-08-31,4 wk ahead inc death,2020-09-26,11,quantile,0.7,6,median
2020-08-31,2020-08-31,4 wk ahead inc death,2020-09-26,11,quantile,0.75,7,median
2020-08-31,2020-08-31,4 wk ahead inc death,2020-09-26,11,quantile,0.8,7,median
2020-08-31,2020-08-31,4 wk ahead inc death,2020-09-26,11,quantile,0.85,8,median
2020-08-31,2020-08-31,4 wk ahead inc death,2020-09-26,11,quantile,0.9,9,median
2020-08-31,2020-08-31,4 wk ahead inc death,2020-09-26,11,quantile,0.95,12,median
2020-08-31,2020-08-31,4 wk ahead inc death,2020-09-26,11,quantile,0.975,15,median
2020-08-31,2020-08-31,4 wk ahead inc death,2020-09-26,11,quantile,0.99,19.02,median
2020-08-31,2020-08-31,1 wk ahead inc death,2020-09-05,12,point,,588,median
2020-08-31,2020-08-31,1 wk ahead inc death,2020-09-05,12,quantile,0.01,431.96,median
2020-08-31,2020-08-31,1 wk ahead inc death,2020-09-05,12,quantile,0.025,459,median
2020-08-31,2020-08-31,1 wk ahead inc death,2020-09-05,12,quantile,0.05,467,median
2020-08-31,2020-08-31,1 wk ahead inc death,2020-09-05,12,quantile,0.1,484,median
2020-08-31,2020-08-31,1 wk ahead inc death,2020-09-05,12,quantile,0.15,498,median
2020-08-31,2020-08-31,1 wk ahead inc death,2020-09-05,12,quantile,0.2,511,median
2020-08-31,2020-08-31,1 wk ahead inc death,2020-09-05,12,quantile,0.25,523,median
2020-08-31,2020-08-31,1 wk ahead inc death,2020-09-05,12,quantile,0.3,534,median
2020-08-31,2020-08-31,1 wk ahead inc death,2020-09-05,12,quantile,0.35,547,median
2020-08-31,2020-08-31,1 wk ahead inc death,2020-09-05,12,quantile,0.4,562,median
2020-08-31,2020-08-31,1 wk ahead inc death,2020-09-05,12,quantile,0.45,574,median
2020-08-31,2020-08-31,1 wk ahead inc death,2020-09-05,12,quantile,0.5,588,median
2020-08-31,2020-08-31,1 wk ahead inc death,2020-09-05,12,quantile,0.55,600,median
2020-08-31,2020-08-31,1 wk ahead inc death,2020-09-05,12,quantile,0.6,614,median
2020-08-31,2020-08-31,1 wk ahead inc death,2020-09-05,12,quantile,0.65,628,median
2020-08-31,2020-08-31,1 wk ahead inc death,2020-09-05,12,quantile,0.7,642,median
2020-08-31,2020-08-31,1 wk ahead inc death,2020-09-05,12,quantile,0.75,658,median
2020-08-31,2020-08-31,1 wk ahead inc death,2020-09-05,12,quantile,0.8,675,median
2020-08-31,2020-08-31,1 wk ahead inc death,2020-09-05,12,quantile,0.85,695,median
2020-08-31,2020-08-31,1 wk ahead inc death,2020-09-05,12,quantile,0.9,726,median
2020-08-31,2020-08-31,1 wk ahead inc death,2020-09-05,12,quantile,0.95,768.25,median
2020-08-31,2020-08-31,1 wk ahead inc death,2020-09-05,12,quantile,0.975,816.025,median
2020-08-31,2020-08-31,1 wk ahead inc death,2020-09-05,12,quantile,0.99,860.23,median
2020-08-31,2020-08-31,2 wk ahead inc death,2020-09-12,12,point,,472,median
2020-08-31,2020-08-31,2 wk ahead inc death,2020-09-12,12,quantile,0.01,267,median
2020-08-31,2020-08-31,2 wk ahead inc death,2020-09-12,12,quantile,0.025,273,median
2020-08-31,2020-08-31,2 wk ahead inc death,2020-09-12,12,quantile,0.05,287.75,median
2020-08-31,2020-08-31,2 wk ahead inc death,2020-09-12,12,quantile,0.1,355,median
2020-08-31,2020-08-31,2 wk ahead inc death,2020-09-12,12,quantile,0.15,399.85,median
2020-08-31,2020-08-31,2 wk ahead inc death,2020-09-12,12,quantile,0.2,415.8,median
2020-08-31,2020-08-31,2 wk ahead inc death,2020-09-12,12,quantile,0.25,426,median
2020-08-31,2020-08-31,2 wk ahead inc death,2020-09-12,12,quantile,0.3,433,median
2020-08-31,2020-08-31,2 wk ahead inc death,2020-09-12,12,quantile,0.35,442,median
2020-08-31,2020-08-31,2 wk ahead inc death,2020-09-12,12,quantile,0.4,453,median
2020-08-31,2020-08-31,2 wk ahead inc death,2020-09-12,12,quantile,0.45,462,median
2020-08-31,2020-08-31,2 wk ahead inc death,2020-09-12,12,quantile,0.5,472,median
2020-08-31,2020-08-31,2 wk ahead inc death,2020-09-12,12,quantile,0.55,481,median
2020-08-31,2020-08-31,2 wk ahead inc death,2020-09-12,12,quantile,0.6,489,median
2020-08-31,2020-08-31,2 wk ahead inc death,2020-09-12,12,quantile,0.65,500.35,median
2020-08-31,2020-08-31,2 wk ahead inc death,2020-09-12,12,quantile,0.7,511,median
2020-08-31,2020-08-31,2 wk ahead inc death,2020-09-12,12,quantile,0.75,525,median
2020-08-31,2020-08-31,2 wk ahead inc death,2020-09-12,12,quantile,0.8,550,median
2020-08-31,2020-08-31,2 wk ahead inc death,2020-09-12,12,quantile,0.85,581.000000000001,median
2020-08-31,2020-08-31,2 wk ahead inc death,2020-09-12,12,quantile,0.9,631,median
2020-08-31,2020-08-31,2 wk ahead inc death,2020-09-12,12,quantile,0.95,679,median
2020-08-31,2020-08-31,2 wk ahead inc death,2020-09-12,12,quantile,0.975,707,median
2020-08-31,2020-08-31,2 wk ahead inc death,2020-09-12,12,quantile,0.99,725,median
2020-08-31,2020-08-31,3 wk ahead inc death,2020-09-19,12,point,,341,median
2020-08-31,2020-08-31,3 wk ahead inc death,2020-09-19,12,quantile,0.01,137,median
2020-08-31,2020-08-31,3 wk ahead inc death,2020-09-19,12,quantile,0.025,163.975,median
2020-08-31,2020-08-31,3 wk ahead inc death,2020-09-19,12,quantile,0.05,231.7,median
2020-08-31,2020-08-31,3 wk ahead inc death,2020-09-19,12,quantile,0.1,285.9,median
2020-08-31,2020-08-31,3 wk ahead inc death,2020-09-19,12,quantile,0.15,297,median
2020-08-31,2020-08-31,3 wk ahead inc death,2020-09-19,12,quantile,0.2,305,median
2020-08-31,2020-08-31,3 wk ahead inc death,2020-09-19,12,quantile,0.25,312,median
2020-08-31,2020-08-31,3 wk ahead inc death,2020-09-19,12,quantile,0.3,319,median
2020-08-31,2020-08-31,3 wk ahead inc death,2020-09-19,12,quantile,0.35,323,median
2020-08-31,2020-08-31,3 wk ahead inc death,2020-09-19,12,quantile,0.4,330,median
2020-08-31,2020-08-31,3 wk ahead inc death,2020-09-19,12,quantile,0.45,335,median
2020-08-31,2020-08-31,3 wk ahead inc death,2020-09-19,12,quantile,0.5,341,median
2020-08-31,2020-08-31,3 wk ahead inc death,2020-09-19,12,quantile,0.55,349,median
2020-08-31,2020-08-31,3 wk ahead inc death,2020-09-19,12,quantile,0.6,355,median
2020-08-31,2020-08-31,3 wk ahead inc death,2020-09-19,12,quantile,0.65,363,median
2020-08-31,2020-08-31,3 wk ahead inc death,2020-09-19,12,quantile,0.7,390,median
2020-08-31,2020-08-31,3 wk ahead inc death,2020-09-19,12,quantile,0.75,425,median
2020-08-31,2020-08-31,3 wk ahead inc death,2020-09-19,12,quantile,0.8,459,median
2020-08-31,2020-08-31,3 wk ahead inc death,2020-09-19,12,quantile,0.85,511.000000000001,median
2020-08-31,2020-08-31,3 wk ahead inc death,2020-09-19,12,quantile,0.9,585,median
2020-08-31,2020-08-31,3 wk ahead inc death,2020-09-19,12,quantile,0.95,663,median
2020-08-31,2020-08-31,3 wk ahead inc death,2020-09-19,12,quantile,0.975,718,median
2020-08-31,2020-08-31,3 wk ahead inc death,2020-09-19,12,quantile,0.99,762,median
2020-08-31,2020-08-31,4 wk ahead inc death,2020-09-26,12,point,,264,median
2020-08-31,2020-08-31,4 wk ahead inc death,2020-09-26,12,quantile,0.01,115.98,median
2020-08-31,2020-08-31,4 wk ahead inc death,2020-09-26,12,quantile,0.025,167.875,median
2020-08-31,2020-08-31,4 wk ahead inc death,2020-09-26,12,quantile,0.05,186,median
2020-08-31,2020-08-31,4 wk ahead inc death,2020-09-26,12,quantile,0.1,203,median
2020-08-31,2020-08-31,4 wk ahead inc death,2020-09-26,12,quantile,0.15,215,median
2020-08-31,2020-08-31,4 wk ahead inc death,2020-09-26,12,quantile,0.2,226,median
2020-08-31,2020-08-31,4 wk ahead inc death,2020-09-26,12,quantile,0.25,233,median
2020-08-31,2020-08-31,4 wk ahead inc death,2020-09-26,12,quantile,0.3,240,median
2020-08-31,2020-08-31,4 wk ahead inc death,2020-09-26,12,quantile,0.35,246,median
2020-08-31,2020-08-31,4 wk ahead inc death,2020-09-26,12,quantile,0.4,252,median
2020-08-31,2020-08-31,4 wk ahead inc death,2020-09-26,12,quantile,0.45,257,median
2020-08-31,2020-08-31,4 wk ahead inc death,2020-09-26,12,quantile,0.5,264,median
2020-08-31,2020-08-31,4 wk ahead inc death,2020-09-26,12,quantile,0.55,268,median
2020-08-31,2020-08-31,4 wk ahead inc death,2020-09-26,12,quantile,0.6,275,median
2020-08-31,2020-08-31,4 wk ahead inc death,2020-09-26,12,quantile,0.65,280.35,median
2020-08-31,2020-08-31,4 wk ahead inc death,2020-09-26,12,quantile,0.7,302,median
2020-08-31,2020-08-31,4 wk ahead inc death,2020-09-26,12,quantile,0.75,346,median
2020-08-31,2020-08-31,4 wk ahead inc death,2020-09-26,12,quantile,0.8,387,median
2020-08-31,2020-08-31,4 wk ahead inc death,2020-09-26,12,quantile,0.85,455,median
2020-08-31,2020-08-31,4 wk ahead inc death,2020-09-26,12,quantile,0.9,549.000000000001,median
2020-08-31,2020-08-31,4 wk ahead inc death,2020-09-26,12,quantile,0.95,665,median
2020-08-31,2020-08-31,4 wk ahead inc death,2020-09-26,12,quantile,0.975,746,median
2020-08-31,2020-08-31,4 wk ahead inc death,2020-09-26,12,quantile,0.99,794,median
2020-08-31,2020-08-31,1 wk ahead inc death,2020-09-05,13,point,,418.5,median
2020-08-31,2020-08-31,1 wk ahead inc death,2020-09-05,13,quantile,0.01,256.97,median
2020-08-31,2020-08-31,1 wk ahead inc death,2020-09-05,13,quantile,0.025,281.975,median
2020-08-31,2020-08-31,1 wk ahead inc death,2020-09-05,13,quantile,0.05,301,median
2020-08-31,2020-08-31,1 wk ahead inc death,2020-09-05,13,quantile,0.1,327,median
2020-08-31,2020-08-31,1 wk ahead inc death,2020-09-05,13,quantile,0.15,345,median
2020-08-31,2020-08-31,1 wk ahead inc death,2020-09-05,13,quantile,0.2,359,median
2020-08-31,2020-08-31,1 wk ahead inc death,2020-09-05,13,quantile,0.25,373,median
2020-08-31,2020-08-31,1 wk ahead inc death,2020-09-05,13,quantile,0.3,383,median
2020-08-31,2020-08-31,1 wk ahead inc death,2020-09-05,13,quantile,0.35,394,median
2020-08-31,2020-08-31,1 wk ahead inc death,2020-09-05,13,quantile,0.4,401,median
2020-08-31,2020-08-31,1 wk ahead inc death,2020-09-05,13,quantile,0.45,409.55,median
2020-08-31,2020-08-31,1 wk ahead inc death,2020-09-05,13,quantile,0.5,418.5,median
2020-08-31,2020-08-31,1 wk ahead inc death,2020-09-05,13,quantile,0.55,427,median
2020-08-31,2020-08-31,1 wk ahead inc death,2020-09-05,13,quantile,0.6,434,median
2020-08-31,2020-08-31,1 wk ahead inc death,2020-09-05,13,quantile,0.65,443,median
2020-08-31,2020-08-31,1 wk ahead inc death,2020-09-05,13,quantile,0.7,457,median
2020-08-31,2020-08-31,1 wk ahead inc death,2020-09-05,13,quantile,0.75,468,median
2020-08-31,2020-08-31,1 wk ahead inc death,2020-09-05,13,quantile,0.8,483,median
2020-08-31,2020-08-31,1 wk ahead inc death,2020-09-05,13,quantile,0.85,502,median
2020-08-31,2020-08-31,1 wk ahead inc death,2020-09-05,13,quantile,0.9,527.1,median
2020-08-31,2020-08-31,1 wk ahead inc death,2020-09-05,13,quantile,0.95,572.05,median
2020-08-31,2020-08-31,1 wk ahead inc death,2020-09-05,13,quantile,0.975,603.125,median
2020-08-31,2020-08-31,1 wk ahead inc death,2020-09-05,13,quantile,0.99,659.04,median
2020-08-31,2020-08-31,2 wk ahead inc death,2020-09-12,13,point,,411.5,median
2020-08-31,2020-08-31,2 wk ahead inc death,2020-09-12,13,quantile,0.01,211,median
2020-08-31,2020-08-31,2 wk ahead inc death,2020-09-12,13,quantile,0.025,226.975,median
2020-08-31,2020-08-31,2 wk ahead inc death,2020-09-12,13,quantile,0.05,244,median
2020-08-31,2020-08-31,2 wk ahead inc death,2020-09-12,13,quantile,0.1,275,median
2020-08-31,2020-08-31,2 wk ahead inc death,2020-09-12,13,quantile,0.15,291,median
2020-08-31,2020-08-31,2 wk ahead inc death,2020-09-12,13,quantile,0.2,305,median
2020-08-31,2020-08-31,2 wk ahead inc death,2020-09-12,13,quantile,0.25,321,median
2020-08-31,2020-08-31,2 wk ahead inc death,2020-09-12,13,quantile,0.3,342,median
2020-08-31,2020-08-31,2 wk ahead inc death,2020-09-12,13,quantile,0.35,363.65,median
2020-08-31,2020-08-31,2 wk ahead inc death,2020-09-12,13,quantile,0.4,382,median
2020-08-31,2020-08-31,2 wk ahead inc death,2020-09-12,13,quantile,0.45,396,median
2020-08-31,2020-08-31,2 wk ahead inc death,2020-09-12,13,quantile,0.5,411.5,median
2020-08-31,2020-08-31,2 wk ahead inc death,2020-09-12,13,quantile,0.55,425.45,median
2020-08-31,2020-08-31,2 wk ahead inc death,2020-09-12,13,quantile,0.6,439,median
2020-08-31,2020-08-31,2 wk ahead inc death,2020-09-12,13,quantile,0.65,460,median
2020-08-31,2020-08-31,2 wk ahead inc death,2020-09-12,13,quantile,0.7,478.6,median
2020-08-31,2020-08-31,2 wk ahead inc death,2020-09-12,13,quantile,0.75,506,median
2020-08-31,2020-08-31,2 wk ahead inc death,2020-09-12,13,quantile,0.8,532.4,median
2020-08-31,2020-08-31,2 wk ahead inc death,2020-09-12,13,quantile,0.85,562.15,median
2020-08-31,2020-08-31,2 wk ahead inc death,2020-09-12,13,quantile,0.9,608,median
2020-08-31,2020-08-31,2 wk ahead inc death,2020-09-12,13,quantile,0.95,656.05,median
2020-08-31,2020-08-31,2 wk ahead inc death,2020-09-12,13,quantile,0.975,706,median
2020-08-31,2020-08-31,2 wk ahead inc death,2020-09-12,13,quantile,0.99,742.15,median
2020-08-31,2020-08-31,3 wk ahead inc death,2020-09-19,13,point,,437.5,median
2020-08-31,2020-08-31,3 wk ahead inc death,2020-09-19,13,quantile,0.01,161.94,median
2020-08-31,2020-08-31,3 wk ahead inc death,2020-09-19,13,quantile,0.025,187.975,median
2020-08-31,2020-08-31,3 wk ahead inc death,2020-09-19,13,quantile,0.05,210.85,median
2020-08-31,2020-08-31,3 wk ahead inc death,2020-09-19,13,quantile,0.1,248.9,median
2020-08-31,2020-08-31,3 wk ahead inc death,2020-09-19,13,quantile,0.15,280.85,median
2020-08-31,2020-08-31,3 wk ahead inc death,2020-09-19,13,quantile,0.2,313,median
2020-08-31,2020-08-31,3 wk ahead inc death,2020-09-19,13,quantile,0.25,335.75,median
2020-08-31,2020-08-31,3 wk ahead inc death,2020-09-19,13,quantile,0.3,351.7,median
2020-08-31,2020-08-31,3 wk ahead inc death,2020-09-19,13,quantile,0.35,372.65,median
2020-08-31,2020-08-31,3 wk ahead inc death,2020-09-19,13,quantile,0.4,400,median
2020-08-31,2020-08-31,3 wk ahead inc death,2020-09-19,13,quantile,0.45,417,median
2020-08-31,2020-08-31,3 wk ahead inc death,2020-09-19,13,quantile,0.5,437.5,median
2020-08-31,2020-08-31,3 wk ahead inc death,2020-09-19,13,quantile,0.55,465,median
2020-08-31,2020-08-31,3 wk ahead inc death,2020-09-19,13,quantile,0.6,490.4,median
2020-08-31,2020-08-31,3 wk ahead inc death,2020-09-19,13,quantile,0.65,510.35,median
2020-08-31,2020-08-31,3 wk ahead inc death,2020-09-19,13,quantile,0.7,537,median
2020-08-31,2020-08-31,3 wk ahead inc death,2020-09-19,13,quantile,0.75,568.25,median
2020-08-31,2020-08-31,3 wk ahead inc death,2020-09-19,13,quantile,0.8,598.2,median
2020-08-31,2020-08-31,3 wk ahead inc death,2020-09-19,13,quantile,0.85,637.15,median
2020-08-31,2020-08-31,3 wk ahead inc death,2020-09-19,13,quantile,0.9,670.1,median
2020-08-31,2020-08-31,3 wk ahead inc death,2020-09-19,13,quantile,0.95,737.1,median
2020-08-31,2020-08-31,3 wk ahead inc death,2020-09-19,13,quantile,0.975,821,median
2020-08-31,2020-08-31,3 wk ahead inc death,2020-09-19,13,quantile,0.99,898.01,median
2020-08-31,2020-08-31,4 wk ahead inc death,2020-09-26,13,point,,461,median
2020-08-31,2020-08-31,4 wk ahead inc death,2020-09-26,13,quantile,0.01,131.99,median
2020-08-31,2020-08-31,4 wk ahead inc death,2020-09-26,13,quantile,0.025,154,median
2020-08-31,2020-08-31,4 wk ahead inc death,2020-09-26,13,quantile,0.05,169,median
2020-08-31,2020-08-31,4 wk ahead inc death,2020-09-26,13,quantile,0.1,224,median
2020-08-31,2020-08-31,4 wk ahead inc death,2020-09-26,13,quantile,0.15,278,median
2020-08-31,2020-08-31,4 wk ahead inc death,2020-09-26,13,quantile,0.2,307,median
2020-08-31,2020-08-31,4 wk ahead inc death,2020-09-26,13,quantile,0.25,336.75,median
2020-08-31,2020-08-31,4 wk ahead inc death,2020-09-26,13,quantile,0.3,367,median
2020-08-31,2020-08-31,4 wk ahead inc death,2020-09-26,13,quantile,0.35,388.65,median
2020-08-31,2020-08-31,4 wk ahead inc death,2020-09-26,13,quantile,0.4,418.2,median
2020-08-31,2020-08-31,4 wk ahead inc death,2020-09-26,13,quantile,0.45,440,median
2020-08-31,2020-08-31,4 wk ahead inc death,2020-09-26,13,quantile,0.5,461,median
2020-08-31,2020-08-31,4 wk ahead inc death,2020-09-26,13,quantile,0.55,488,median
2020-08-31,2020-08-31,4 wk ahead inc death,2020-09-26,13,quantile,0.6,511,median
2020-08-31,2020-08-31,4 wk ahead inc death,2020-09-26,13,quantile,0.65,539,median
2020-08-31,2020-08-31,4 wk ahead inc death,2020-09-26,13,quantile,0.7,567.3,median
2020-08-31,2020-08-31,4 wk ahead inc death,2020-09-26,13,quantile,0.75,603.25,median
2020-08-31,2020-08-31,4 wk ahead inc death,2020-09-26,13,quantile,0.8,635,median
2020-08-31,2020-08-31,4 wk ahead inc death,2020-09-26,13,quantile,0.85,673.15,median
2020-08-31,2020-08-31,4 wk ahead inc death,2020-09-26,13,quantile,0.9,731.400000000001,median
2020-08-31,2020-08-31,4 wk ahead inc death,2020-09-26,13,quantile,0.95,806,median
2020-08-31,2020-08-31,4 wk ahead inc death,2020-09-26,13,quantile,0.975,881,median
2020-08-31,2020-08-31,4 wk ahead inc death,2020-09-26,13,quantile,0.99,955.27,median
2020-08-31,2020-08-31,1 wk ahead inc death,2020-09-05,15,point,,28,median
2020-08-31,2020-08-31,1 wk ahead inc death,2020-09-05,15,quantile,0.01,11.99,median
2020-08-31,2020-08-31,1 wk ahead inc death,2020-09-05,15,quantile,0.025,13,median
2020-08-31,2020-08-31,1 wk ahead inc death,2020-09-05,15,quantile,0.05,15,median
2020-08-31,2020-08-31,1 wk ahead inc death,2020-09-05,15,quantile,0.1,17,median
2020-08-31,2020-08-31,1 wk ahead inc death,2020-09-05,15,quantile,0.15,18,median
2020-08-31,2020-08-31,1 wk ahead inc death,2020-09-05,15,quantile,0.2,20,median
2020-08-31,2020-08-31,1 wk ahead inc death,2020-09-05,15,quantile,0.25,21,median
2020-08-31,2020-08-31,1 wk ahead inc death,2020-09-05,15,quantile,0.3,22,median
2020-08-31,2020-08-31,1 wk ahead inc death,2020-09-05,15,quantile,0.35,24,median
2020-08-31,2020-08-31,1 wk ahead inc death,2020-09-05,15,quantile,0.4,25,median
2020-08-31,2020-08-31,1 wk ahead inc death,2020-09-05,15,quantile,0.45,26,median
2020-08-31,2020-08-31,1 wk ahead inc death,2020-09-05,15,quantile,0.5,28,median
2020-08-31,2020-08-31,1 wk ahead inc death,2020-09-05,15,quantile,0.55,29,median
2020-08-31,2020-08-31,1 wk ahead inc death,2020-09-05,15,quantile,0.6,30,median
2020-08-31,2020-08-31,1 wk ahead inc death,2020-09-05,15,quantile,0.65,32,median
2020-08-31,2020-08-31,1 wk ahead inc death,2020-09-05,15,quantile,0.7,33,median
2020-08-31,2020-08-31,1 wk ahead inc death,2020-09-05,15,quantile,0.75,35,median
2020-08-31,2020-08-31,1 wk ahead inc death,2020-09-05,15,quantile,0.8,38,median
2020-08-31,2020-08-31,1 wk ahead inc death,2020-09-05,15,quantile,0.85,41,median
2020-08-31,2020-08-31,1 wk ahead inc death,2020-09-05,15,quantile,0.9,45,median
2020-08-31,2020-08-31,1 wk ahead inc death,2020-09-05,15,quantile,0.95,54.05,median
2020-08-31,2020-08-31,1 wk ahead inc death,2020-09-05,15,quantile,0.975,62,median
2020-08-31,2020-08-31,1 wk ahead inc death,2020-09-05,15,quantile,0.99,72.02,median
2020-08-31,2020-08-31,2 wk ahead inc death,2020-09-12,15,point,,29,median
2020-08-31,2020-08-31,2 wk ahead inc death,2020-09-12,15,quantile,0.01,14,median
2020-08-31,2020-08-31,2 wk ahead inc death,2020-09-12,15,quantile,0.025,15,median
2020-08-31,2020-08-31,2 wk ahead inc death,2020-09-12,15,quantile,0.05,17,median
2020-08-31,2020-08-31,2 wk ahead inc death,2020-09-12,15,quantile,0.1,20,median
2020-08-31,2020-08-31,2 wk ahead inc death,2020-09-12,15,quantile,0.15,21,median
2020-08-31,2020-08-31,2 wk ahead inc death,2020-09-12,15,quantile,0.2,23,median
2020-08-31,2020-08-31,2 wk ahead inc death,2020-09-12,15,quantile,0.25,24,median
2020-08-31,2020-08-31,2 wk ahead inc death,2020-09-12,15,quantile,0.3,25,median
2020-08-31,2020-08-31,2 wk ahead inc death,2020-09-12,15,quantile,0.35,26,median
2020-08-31,2020-08-31,2 wk ahead inc death,2020-09-12,15,quantile,0.4,27,median
2020-08-31,2020-08-31,2 wk ahead inc death,2020-09-12,15,quantile,0.45,28,median
2020-08-31,2020-08-31,2 wk ahead inc death,2020-09-12,15,quantile,0.5,29,median
2020-08-31,2020-08-31,2 wk ahead inc death,2020-09-12,15,quantile,0.55,31,median
2020-08-31,2020-08-31,2 wk ahead inc death,2020-09-12,15,quantile,0.6,33,median
2020-08-31,2020-08-31,2 wk ahead inc death,2020-09-12,15,quantile,0.65,35,median
2020-08-31,2020-08-31,2 wk ahead inc death,2020-09-12,15,quantile,0.7,38,median
2020-08-31,2020-08-31,2 wk ahead inc death,2020-09-12,15,quantile,0.75,41,median
2020-08-31,2020-08-31,2 wk ahead inc death,2020-09-12,15,quantile,0.8,44,median
2020-08-31,2020-08-31,2 wk ahead inc death,2020-09-12,15,quantile,0.85,50,median
2020-08-31,2020-08-31,2 wk ahead inc death,2020-09-12,15,quantile,0.9,55,median
2020-08-31,2020-08-31,2 wk ahead inc death,2020-09-12,15,quantile,0.95,64.05,median
2020-08-31,2020-08-31,2 wk ahead inc death,2020-09-12,15,quantile,0.975,74,median
2020-08-31,2020-08-31,2 wk ahead inc death,2020-09-12,15,quantile,0.99,91.02,median
2020-08-31,2020-08-31,3 wk ahead inc death,2020-09-19,15,point,,30,median
2020-08-31,2020-08-31,3 wk ahead inc death,2020-09-19,15,quantile,0.01,12,median
2020-08-31,2020-08-31,3 wk ahead inc death,2020-09-19,15,quantile,0.025,14,median
2020-08-31,2020-08-31,3 wk ahead inc death,2020-09-19,15,quantile,0.05,16,median
2020-08-31,2020-08-31,3 wk ahead inc death,2020-09-19,15,quantile,0.1,19,median
2020-08-31,2020-08-31,3 wk ahead inc death,2020-09-19,15,quantile,0.15,21,median
2020-08-31,2020-08-31,3 wk ahead inc death,2020-09-19,15,quantile,0.2,22,median
2020-08-31,2020-08-31,3 wk ahead inc death,2020-09-19,15,quantile,0.25,24,median
2020-08-31,2020-08-31,3 wk ahead inc death,2020-09-19,15,quantile,0.3,25,median
2020-08-31,2020-08-31,3 wk ahead inc death,2020-09-19,15,quantile,0.35,26,median
2020-08-31,2020-08-31,3 wk ahead inc death,2020-09-19,15,quantile,0.4,28,median
2020-08-31,2020-08-31,3 wk ahead inc death,2020-09-19,15,quantile,0.45,29,median
2020-08-31,2020-08-31,3 wk ahead inc death,2020-09-19,15,quantile,0.5,30,median
2020-08-31,2020-08-31,3 wk ahead inc death,2020-09-19,15,quantile,0.55,32,median
2020-08-31,2020-08-31,3 wk ahead inc death,2020-09-19,15,quantile,0.6,35,median
2020-08-31,2020-08-31,3 wk ahead inc death,2020-09-19,15,quantile,0.65,37,median
2020-08-31,2020-08-31,3 wk ahead inc death,2020-09-19,15,quantile,0.7,40,median
2020-08-31,2020-08-31,3 wk ahead inc death,2020-09-19,15,quantile,0.75,44,median
2020-08-31,2020-08-31,3 wk ahead inc death,2020-09-19,15,quantile,0.8,48,median
2020-08-31,2020-08-31,3 wk ahead inc death,2020-09-19,15,quantile,0.85,52,median
2020-08-31,2020-08-31,3 wk ahead inc death,2020-09-19,15,quantile,0.9,57,median
2020-08-31,2020-08-31,3 wk ahead inc death,2020-09-19,15,quantile,0.95,70,median
2020-08-31,2020-08-31,3 wk ahead inc death,2020-09-19,15,quantile,0.975,81,median
2020-08-31,2020-08-31,3 wk ahead inc death,2020-09-19,15,quantile,0.99,103.02,median
2020-08-31,2020-08-31,4 wk ahead inc death,2020-09-26,15,point,,30,median
2020-08-31,2020-08-31,4 wk ahead inc death,2020-09-26,15,quantile,0.01,11,median
2020-08-31,2020-08-31,4 wk ahead inc death,2020-09-26,15,quantile,0.025,14,median
2020-08-31,2020-08-31,4 wk ahead inc death,2020-09-26,15,quantile,0.05,16,median
2020-08-31,2020-08-31,4 wk ahead inc death,2020-09-26,15,quantile,0.1,19.9,median
2020-08-31,2020-08-31,4 wk ahead inc death,2020-09-26,15,quantile,0.15,22,median
2020-08-31,2020-08-31,4 wk ahead inc death,2020-09-26,15,quantile,0.2,23,median
2020-08-31,2020-08-31,4 wk ahead inc death,2020-09-26,15,quantile,0.25,24,median
2020-08-31,2020-08-31,4 wk ahead inc death,2020-09-26,15,quantile,0.3,25,median
2020-08-31,2020-08-31,4 wk ahead inc death,2020-09-26,15,quantile,0.35,27,median
2020-08-31,2020-08-31,4 wk ahead inc death,2020-09-26,15,quantile,0.4,28,median
2020-08-31,2020-08-31,4 wk ahead inc death,2020-09-26,15,quantile,0.45,29,median
2020-08-31,2020-08-31,4 wk ahead inc death,2020-09-26,15,quantile,0.5,30,median
2020-08-31,2020-08-31,4 wk ahead inc death,2020-09-26,15,quantile,0.55,33.45,median
2020-08-31,2020-08-31,4 wk ahead inc death,2020-09-26,15,quantile,0.6,37,median
2020-08-31,2020-08-31,4 wk ahead inc death,2020-09-26,15,quantile,0.65,40,median
2020-08-31,2020-08-31,4 wk ahead inc death,2020-09-26,15,quantile,0.7,44,median
2020-08-31,2020-08-31,4 wk ahead inc death,2020-09-26,15,quantile,0.75,48,median
2020-08-31,2020-08-31,4 wk ahead inc death,2020-09-26,15,quantile,0.8,54,median
2020-08-31,2020-08-31,4 wk ahead inc death,2020-09-26,15,quantile,0.85,60,median
2020-08-31,2020-08-31,4 wk ahead inc death,2020-09-26,15,quantile,0.9,69,median
2020-08-31,2020-08-31,4 wk ahead inc death,2020-09-26,15,quantile,0.95,85.05,median
2020-08-31,2020-08-31,4 wk ahead inc death,2020-09-26,15,quantile,0.975,102.05,median
2020-08-31,2020-08-31,4 wk ahead inc death,2020-09-26,15,quantile,0.99,125.06,median
2020-08-31,2020-08-31,1 wk ahead inc death,2020-09-05,16,point,,32,median
2020-08-31,2020-08-31,1 wk ahead inc death,2020-09-05,16,quantile,0.01,13.99,median
2020-08-31,2020-08-31,1 wk ahead inc death,2020-09-05,16,quantile,0.025,16,median
2020-08-31,2020-08-31,1 wk ahead inc death,2020-09-05,16,quantile,0.05,18,median
2020-08-31,2020-08-31,1 wk ahead inc death,2020-09-05,16,quantile,0.1,21,median
2020-08-31,2020-08-31,1 wk ahead inc death,2020-09-05,16,quantile,0.15,23,median
2020-08-31,2020-08-31,1 wk ahead inc death,2020-09-05,16,quantile,0.2,25,median
2020-08-31,2020-08-31,1 wk ahead inc death,2020-09-05,16,quantile,0.25,26,median
2020-08-31,2020-08-31,1 wk ahead inc death,2020-09-05,16,quantile,0.3,27.7,median
2020-08-31,2020-08-31,1 wk ahead inc death,2020-09-05,16,quantile,0.35,29,median
2020-08-31,2020-08-31,1 wk ahead inc death,2020-09-05,16,quantile,0.4,30,median
2020-08-31,2020-08-31,1 wk ahead inc death,2020-09-05,16,quantile,0.45,31,median
2020-08-31,2020-08-31,1 wk ahead inc death,2020-09-05,16,quantile,0.5,32,median
2020-08-31,2020-08-31,1 wk ahead inc death,2020-09-05,16,quantile,0.55,33,median
2020-08-31,2020-08-31,1 wk ahead inc death,2020-09-05,16,quantile,0.6,35,median
2020-08-31,2020-08-31,1 wk ahead inc death,2020-09-05,16,quantile,0.65,36,median
2020-08-31,2020-08-31,1 wk ahead inc death,2020-09-05,16,quantile,0.7,38,median
2020-08-31,2020-08-31,1 wk ahead inc death,2020-09-05,16,quantile,0.75,40,median
2020-08-31,2020-08-31,1 wk ahead inc death,2020-09-05,16,quantile,0.8,42,median
2020-08-31,2020-08-31,1 wk ahead inc death,2020-09-05,16,quantile,0.85,44,median
2020-08-31,2020-08-31,1 wk ahead inc death,2020-09-05,16,quantile,0.9,48,median
2020-08-31,2020-08-31,1 wk ahead inc death,2020-09-05,16,quantile,0.95,53,median
2020-08-31,2020-08-31,1 wk ahead inc death,2020-09-05,16,quantile,0.975,61.025,median
2020-08-31,2020-08-31,1 wk ahead inc death,2020-09-05,16,quantile,0.99,71.01,median
2020-08-31,2020-08-31,2 wk ahead inc death,2020-09-12,16,point,,41,median
2020-08-31,2020-08-31,2 wk ahead inc death,2020-09-12,16,quantile,0.01,11,median
2020-08-31,2020-08-31,2 wk ahead inc death,2020-09-12,16,quantile,0.025,14,median
2020-08-31,2020-08-31,2 wk ahead inc death,2020-09-12,16,quantile,0.05,18,median
2020-08-31,2020-08-31,2 wk ahead inc death,2020-09-12,16,quantile,0.1,21,median
2020-08-31,2020-08-31,2 wk ahead inc death,2020-09-12,16,quantile,0.15,24,median
2020-08-31,2020-08-31,2 wk ahead inc death,2020-09-12,16,quantile,0.2,27,median
2020-08-31,2020-08-31,2 wk ahead inc death,2020-09-12,16,quantile,0.25,29,median
2020-08-31,2020-08-31,2 wk ahead inc death,2020-09-12,16,quantile,0.3,32,median
2020-08-31,2020-08-31,2 wk ahead inc death,2020-09-12,16,quantile,0.35,34,median
2020-08-31,2020-08-31,2 wk ahead inc death,2020-09-12,16,quantile,0.4,37,median
2020-08-31,2020-08-31,2 wk ahead inc death,2020-09-12,16,quantile,0.45,39,median
2020-08-31,2020-08-31,2 wk ahead inc death,2020-09-12,16,quantile,0.5,41,median
2020-08-31,2020-08-31,2 wk ahead inc death,2020-09-12,16,quantile,0.55,43,median
2020-08-31,2020-08-31,2 wk ahead inc death,2020-09-12,16,quantile,0.6,45,median
2020-08-31,2020-08-31,2 wk ahead inc death,2020-09-12,16,quantile,0.65,47,median
2020-08-31,2020-08-31,2 wk ahead inc death,2020-09-12,16,quantile,0.7,49,median
2020-08-31,2020-08-31,2 wk ahead inc death,2020-09-12,16,quantile,0.75,52,median
2020-08-31,2020-08-31,2 wk ahead inc death,2020-09-12,16,quantile,0.8,54.2000000000001,median
2020-08-31,2020-08-31,2 wk ahead inc death,2020-09-12,16,quantile,0.85,58,median
2020-08-31,2020-08-31,2 wk ahead inc death,2020-09-12,16,quantile,0.9,62,median
2020-08-31,2020-08-31,2 wk ahead inc death,2020-09-12,16,quantile,0.95,68,median
2020-08-31,2020-08-31,2 wk ahead inc death,2020-09-12,16,quantile,0.975,72,median
2020-08-31,2020-08-31,2 wk ahead inc death,2020-09-12,16,quantile,0.99,79.01,median
2020-08-31,2020-08-31,3 wk ahead inc death,2020-09-19,16,point,,40,median
2020-08-31,2020-08-31,3 wk ahead inc death,2020-09-19,16,quantile,0.01,9,median
2020-08-31,2020-08-31,3 wk ahead inc death,2020-09-19,16,quantile,0.025,10,median
2020-08-31,2020-08-31,3 wk ahead inc death,2020-09-19,16,quantile,0.05,11,median
2020-08-31,2020-08-31,3 wk ahead inc death,2020-09-19,16,quantile,0.1,13,median
2020-08-31,2020-08-31,3 wk ahead inc death,2020-09-19,16,quantile,0.15,15,median
2020-08-31,2020-08-31,3 wk ahead inc death,2020-09-19,16,quantile,0.2,18,median
2020-08-31,2020-08-31,3 wk ahead inc death,2020-09-19,16,quantile,0.25,21,median
2020-08-31,2020-08-31,3 wk ahead inc death,2020-09-19,16,quantile,0.3,24,median
2020-08-31,2020-08-31,3 wk ahead inc death,2020-09-19,16,quantile,0.35,28,median
2020-08-31,2020-08-31,3 wk ahead inc death,2020-09-19,16,quantile,0.4,31,median
2020-08-31,2020-08-31,3 wk ahead inc death,2020-09-19,16,quantile,0.45,36,median
2020-08-31,2020-08-31,3 wk ahead inc death,2020-09-19,16,quantile,0.5,40,median
2020-08-31,2020-08-31,3 wk ahead inc death,2020-09-19,16,quantile,0.55,46,median
2020-08-31,2020-08-31,3 wk ahead inc death,2020-09-19,16,quantile,0.6,48,median
2020-08-31,2020-08-31,3 wk ahead inc death,2020-09-19,16,quantile,0.65,51,median
2020-08-31,2020-08-31,3 wk ahead inc death,2020-09-19,16,quantile,0.7,53,median
2020-08-31,2020-08-31,3 wk ahead inc death,2020-09-19,16,quantile,0.75,56,median
2020-08-31,2020-08-31,3 wk ahead inc death,2020-09-19,16,quantile,0.8,59,median
2020-08-31,2020-08-31,3 wk ahead inc death,2020-09-19,16,quantile,0.85,64,median
2020-08-31,2020-08-31,3 wk ahead inc death,2020-09-19,16,quantile,0.9,68,median
2020-08-31,2020-08-31,3 wk ahead inc death,2020-09-19,16,quantile,0.95,76,median
2020-08-31,2020-08-31,3 wk ahead inc death,2020-09-19,16,quantile,0.975,81,median
2020-08-31,2020-08-31,3 wk ahead inc death,2020-09-19,16,quantile,0.99,89.01,median
2020-08-31,2020-08-31,4 wk ahead inc death,2020-09-26,16,point,,38,median
2020-08-31,2020-08-31,4 wk ahead inc death,2020-09-26,16,quantile,0.01,4,median
2020-08-31,2020-08-31,4 wk ahead inc death,2020-09-26,16,quantile,0.025,6,median
2020-08-31,2020-08-31,4 wk ahead inc death,2020-09-26,16,quantile,0.05,8,median
2020-08-31,2020-08-31,4 wk ahead inc death,2020-09-26,16,quantile,0.1,10,median
2020-08-31,2020-08-31,4 wk ahead inc death,2020-09-26,16,quantile,0.15,12,median
2020-08-31,2020-08-31,4 wk ahead inc death,2020-09-26,16,quantile,0.2,13,median
2020-08-31,2020-08-31,4 wk ahead inc death,2020-09-26,16,quantile,0.25,15,median
2020-08-31,2020-08-31,4 wk ahead inc death,2020-09-26,16,quantile,0.3,18,median
2020-08-31,2020-08-31,4 wk ahead inc death,2020-09-26,16,quantile,0.35,23,median
2020-08-31,2020-08-31,4 wk ahead inc death,2020-09-26,16,quantile,0.4,27,median
2020-08-31,2020-08-31,4 wk ahead inc death,2020-09-26,16,quantile,0.45,32,median
2020-08-31,2020-08-31,4 wk ahead inc death,2020-09-26,16,quantile,0.5,38,median
2020-08-31,2020-08-31,4 wk ahead inc death,2020-09-26,16,quantile,0.55,47,median
2020-08-31,2020-08-31,4 wk ahead inc death,2020-09-26,16,quantile,0.6,55,median
2020-08-31,2020-08-31,4 wk ahead inc death,2020-09-26,16,quantile,0.65,58,median
2020-08-31,2020-08-31,4 wk ahead inc death,2020-09-26,16,quantile,0.7,61,median
2020-08-31,2020-08-31,4 wk ahead inc death,2020-09-26,16,quantile,0.75,63,median
2020-08-31,2020-08-31,4 wk ahead inc death,2020-09-26,16,quantile,0.8,66,median
2020-08-31,2020-08-31,4 wk ahead inc death,2020-09-26,16,quantile,0.85,70,median
2020-08-31,2020-08-31,4 wk ahead inc death,2020-09-26,16,quantile,0.9,75,median
2020-08-31,2020-08-31,4 wk ahead inc death,2020-09-26,16,quantile,0.95,84,median
2020-08-31,2020-08-31,4 wk ahead inc death,2020-09-26,16,quantile,0.975,90.025,median
2020-08-31,2020-08-31,4 wk ahead inc death,2020-09-26,16,quantile,0.99,109.02,median
2020-08-31,2020-08-31,1 wk ahead inc death,2020-09-05,17,point,,128,median
2020-08-31,2020-08-31,1 wk ahead inc death,2020-09-05,17,quantile,0.01,89,median
2020-08-31,2020-08-31,1 wk ahead inc death,2020-09-05,17,quantile,0.025,91,median
2020-08-31,2020-08-31,1 wk ahead inc death,2020-09-05,17,quantile,0.05,93,median
2020-08-31,2020-08-31,1 wk ahead inc death,2020-09-05,17,quantile,0.1,97,median
2020-08-31,2020-08-31,1 wk ahead inc death,2020-09-05,17,quantile,0.15,102,median
2020-08-31,2020-08-31,1 wk ahead inc death,2020-09-05,17,quantile,0.2,106,median
2020-08-31,2020-08-31,1 wk ahead inc death,2020-09-05,17,quantile,0.25,110,median
2020-08-31,2020-08-31,1 wk ahead inc death,2020-09-05,17,quantile,0.3,114,median
2020-08-31,2020-08-31,1 wk ahead inc death,2020-09-05,17,quantile,0.35,117,median
2020-08-31,2020-08-31,1 wk ahead inc death,2020-09-05,17,quantile,0.4,121,median
2020-08-31,2020-08-31,1 wk ahead inc death,2020-09-05,17,quantile,0.45,125,median
2020-08-31,2020-08-31,1 wk ahead inc death,2020-09-05,17,quantile,0.5,128,median
2020-08-31,2020-08-31,1 wk ahead inc death,2020-09-05,17,quantile,0.55,132,median
2020-08-31,2020-08-31,1 wk ahead inc death,2020-09-05,17,quantile,0.6,135,median
2020-08-31,2020-08-31,1 wk ahead inc death,2020-09-05,17,quantile,0.65,139,median
2020-08-31,2020-08-31,1 wk ahead inc death,2020-09-05,17,quantile,0.7,143,median
2020-08-31,2020-08-31,1 wk ahead inc death,2020-09-05,17,quantile,0.75,148,median
2020-08-31,2020-08-31,1 wk ahead inc death,2020-09-05,17,quantile,0.8,153,median
2020-08-31,2020-08-31,1 wk ahead inc death,2020-09-05,17,quantile,0.85,159,median
2020-08-31,2020-08-31,1 wk ahead inc death,2020-09-05,17,quantile,0.9,165,median
2020-08-31,2020-08-31,1 wk ahead inc death,2020-09-05,17,quantile,0.95,174,median
2020-08-31,2020-08-31,1 wk ahead inc death,2020-09-05,17,quantile,0.975,177,median
2020-08-31,2020-08-31,1 wk ahead inc death,2020-09-05,17,quantile,0.99,181,median
2020-08-31,2020-08-31,2 wk ahead inc death,2020-09-12,17,point,,123,median
2020-08-31,2020-08-31,2 wk ahead inc death,2020-09-12,17,quantile,0.01,67,median
2020-08-31,2020-08-31,2 wk ahead inc death,2020-09-12,17,quantile,0.025,69,median
2020-08-31,2020-08-31,2 wk ahead inc death,2020-09-12,17,quantile,0.05,73,median
2020-08-31,2020-08-31,2 wk ahead inc death,2020-09-12,17,quantile,0.1,79,median
2020-08-31,2020-08-31,2 wk ahead inc death,2020-09-12,17,quantile,0.15,85,median
2020-08-31,2020-08-31,2 wk ahead inc death,2020-09-12,17,quantile,0.2,90,median
2020-08-31,2020-08-31,2 wk ahead inc death,2020-09-12,17,quantile,0.25,96,median
2020-08-31,2020-08-31,2 wk ahead inc death,2020-09-12,17,quantile,0.3,102,median
2020-08-31,2020-08-31,2 wk ahead inc death,2020-09-12,17,quantile,0.35,108,median
2020-08-31,2020-08-31,2 wk ahead inc death,2020-09-12,17,quantile,0.4,113,median
2020-08-31,2020-08-31,2 wk ahead inc death,2020-09-12,17,quantile,0.45,119,median
2020-08-31,2020-08-31,2 wk ahead inc death,2020-09-12,17,quantile,0.5,123,median
2020-08-31,2020-08-31,2 wk ahead inc death,2020-09-12,17,quantile,0.55,129,median
2020-08-31,2020-08-31,2 wk ahead inc death,2020-09-12,17,quantile,0.6,135,median
2020-08-31,2020-08-31,2 wk ahead inc death,2020-09-12,17,quantile,0.65,142,median
2020-08-31,2020-08-31,2 wk ahead inc death,2020-09-12,17,quantile,0.7,150,median
2020-08-31,2020-08-31,2 wk ahead inc death,2020-09-12,17,quantile,0.75,157,median
2020-08-31,2020-08-31,2 wk ahead inc death,2020-09-12,17,quantile,0.8,167,median
2020-08-31,2020-08-31,2 wk ahead inc death,2020-09-12,17,quantile,0.85,177,median
2020-08-31,2020-08-31,2 wk ahead inc death,2020-09-12,17,quantile,0.9,188,median
2020-08-31,2020-08-31,2 wk ahead inc death,2020-09-12,17,quantile,0.95,204,median
2020-08-31,2020-08-31,2 wk ahead inc death,2020-09-12,17,quantile,0.975,215,median
2020-08-31,2020-08-31,2 wk ahead inc death,2020-09-12,17,quantile,0.99,222,median
2020-08-31,2020-08-31,3 wk ahead inc death,2020-09-19,17,point,,118,median
2020-08-31,2020-08-31,3 wk ahead inc death,2020-09-19,17,quantile,0.01,46,median
2020-08-31,2020-08-31,3 wk ahead inc death,2020-09-19,17,quantile,0.025,48,median
2020-08-31,2020-08-31,3 wk ahead inc death,2020-09-19,17,quantile,0.05,54,median
2020-08-31,2020-08-31,3 wk ahead inc death,2020-09-19,17,quantile,0.1,66.9,median
2020-08-31,2020-08-31,3 wk ahead inc death,2020-09-19,17,quantile,0.15,76,median
2020-08-31,2020-08-31,3 wk ahead inc death,2020-09-19,17,quantile,0.2,82.8,median
2020-08-31,2020-08-31,3 wk ahead inc death,2020-09-19,17,quantile,0.25,89,median
2020-08-31,2020-08-31,3 wk ahead inc death,2020-09-19,17,quantile,0.3,95,median
2020-08-31,2020-08-31,3 wk ahead inc death,2020-09-19,17,quantile,0.35,102,median
2020-08-31,2020-08-31,3 wk ahead inc death,2020-09-19,17,quantile,0.4,106,median
2020-08-31,2020-08-31,3 wk ahead inc death,2020-09-19,17,quantile,0.45,112,median
2020-08-31,2020-08-31,3 wk ahead inc death,2020-09-19,17,quantile,0.5,118,median
2020-08-31,2020-08-31,3 wk ahead inc death,2020-09-19,17,quantile,0.55,126,median
2020-08-31,2020-08-31,3 wk ahead inc death,2020-09-19,17,quantile,0.6,136,median
2020-08-31,2020-08-31,3 wk ahead inc death,2020-09-19,17,quantile,0.65,146,median
2020-08-31,2020-08-31,3 wk ahead inc death,2020-09-19,17,quantile,0.7,159,median
2020-08-31,2020-08-31,3 wk ahead inc death,2020-09-19,17,quantile,0.75,172,median
2020-08-31,2020-08-31,3 wk ahead inc death,2020-09-19,17,quantile,0.8,186,median
2020-08-31,2020-08-31,3 wk ahead inc death,2020-09-19,17,quantile,0.85,207,median
2020-08-31,2020-08-31,3 wk ahead inc death,2020-09-19,17,quantile,0.9,227,median
2020-08-31,2020-08-31,3 wk ahead inc death,2020-09-19,17,quantile,0.95,243.05,median
2020-08-31,2020-08-31,3 wk ahead inc death,2020-09-19,17,quantile,0.975,265.05,median
2020-08-31,2020-08-31,3 wk ahead inc death,2020-09-19,17,quantile,0.99,281.01,median
2020-08-31,2020-08-31,4 wk ahead inc death,2020-09-26,17,point,,122,median
2020-08-31,2020-08-31,4 wk ahead inc death,2020-09-26,17,quantile,0.01,31.97,median
2020-08-31,2020-08-31,4 wk ahead inc death,2020-09-26,17,quantile,0.025,44.975,median
2020-08-31,2020-08-31,4 wk ahead inc death,2020-09-26,17,quantile,0.05,54,median
2020-08-31,2020-08-31,4 wk ahead inc death,2020-09-26,17,quantile,0.1,66,median
2020-08-31,2020-08-31,4 wk ahead inc death,2020-09-26,17,quantile,0.15,77,median
2020-08-31,2020-08-31,4 wk ahead inc death,2020-09-26,17,quantile,0.2,86,median
2020-08-31,2020-08-31,4 wk ahead inc death,2020-09-26,17,quantile,0.25,92,median
2020-08-31,2020-08-31,4 wk ahead inc death,2020-09-26,17,quantile,0.3,98,median
2020-08-31,2020-08-31,4 wk ahead inc death,2020-09-26,17,quantile,0.35,106,median
2020-08-31,2020-08-31,4 wk ahead inc death,2020-09-26,17,quantile,0.4,111,median
2020-08-31,2020-08-31,4 wk ahead inc death,2020-09-26,17,quantile,0.45,116,median
2020-08-31,2020-08-31,4 wk ahead inc death,2020-09-26,17,quantile,0.5,122,median
2020-08-31,2020-08-31,4 wk ahead inc death,2020-09-26,17,quantile,0.55,127,median
2020-08-31,2020-08-31,4 wk ahead inc death,2020-09-26,17,quantile,0.6,137,median
2020-08-31,2020-08-31,4 wk ahead inc death,2020-09-26,17,quantile,0.65,152,median
2020-08-31,2020-08-31,4 wk ahead inc death,2020-09-26,17,quantile,0.7,167,median
2020-08-31,2020-08-31,4 wk ahead inc death,2020-09-26,17,quantile,0.75,185,median
2020-08-31,2020-08-31,4 wk ahead inc death,2020-09-26,17,quantile,0.8,204,median
2020-08-31,2020-08-31,4 wk ahead inc death,2020-09-26,17,quantile,0.85,228.15,median
2020-08-31,2020-08-31,4 wk ahead inc death,2020-09-26,17,quantile,0.9,243,median
2020-08-31,2020-08-31,4 wk ahead inc death,2020-09-26,17,quantile,0.95,271,median
2020-08-31,2020-08-31,4 wk ahead inc death,2020-09-26,17,quantile,0.975,286,median
2020-08-31,2020-08-31,4 wk ahead inc death,2020-09-26,17,quantile,0.99,333.01,median
2020-08-31,2020-08-31,1 wk ahead inc death,2020-09-05,18,point,,71,median
2020-08-31,2020-08-31,1 wk ahead inc death,2020-09-05,18,quantile,0.01,48,median
2020-08-31,2020-08-31,1 wk ahead inc death,2020-09-05,18,quantile,0.025,49,median
2020-08-31,2020-08-31,1 wk ahead inc death,2020-09-05,18,quantile,0.05,50,median
2020-08-31,2020-08-31,1 wk ahead inc death,2020-09-05,18,quantile,0.1,53,median
2020-08-31,2020-08-31,1 wk ahead inc death,2020-09-05,18,quantile,0.15,56,median
2020-08-31,2020-08-31,1 wk ahead inc death,2020-09-05,18,quantile,0.2,58,median
2020-08-31,2020-08-31,1 wk ahead inc death,2020-09-05,18,quantile,0.25,61,median
2020-08-31,2020-08-31,1 wk ahead inc death,2020-09-05,18,quantile,0.3,63,median
2020-08-31,2020-08-31,1 wk ahead inc death,2020-09-05,18,quantile,0.35,65,median
2020-08-31,2020-08-31,1 wk ahead inc death,2020-09-05,18,quantile,0.4,66,median
2020-08-31,2020-08-31,1 wk ahead inc death,2020-09-05,18,quantile,0.45,69,median
2020-08-31,2020-08-31,1 wk ahead inc death,2020-09-05,18,quantile,0.5,71,median
2020-08-31,2020-08-31,1 wk ahead inc death,2020-09-05,18,quantile,0.55,72,median
2020-08-31,2020-08-31,1 wk ahead inc death,2020-09-05,18,quantile,0.6,75,median
2020-08-31,2020-08-31,1 wk ahead inc death,2020-09-05,18,quantile,0.65,77,median
2020-08-31,2020-08-31,1 wk ahead inc death,2020-09-05,18,quantile,0.7,80,median
2020-08-31,2020-08-31,1 wk ahead inc death,2020-09-05,18,quantile,0.75,82,median
2020-08-31,2020-08-31,1 wk ahead inc death,2020-09-05,18,quantile,0.8,85,median
2020-08-31,2020-08-31,1 wk ahead inc death,2020-09-05,18,quantile,0.85,88,median
2020-08-31,2020-08-31,1 wk ahead inc death,2020-09-05,18,quantile,0.9,91,median
2020-08-31,2020-08-31,1 wk ahead inc death,2020-09-05,18,quantile,0.95,96,median
2020-08-31,2020-08-31,1 wk ahead inc death,2020-09-05,18,quantile,0.975,103.025,median
2020-08-31,2020-08-31,1 wk ahead inc death,2020-09-05,18,quantile,0.99,112.01,median
2020-08-31,2020-08-31,2 wk ahead inc death,2020-09-12,18,point,,81.5,median
2020-08-31,2020-08-31,2 wk ahead inc death,2020-09-12,18,quantile,0.01,36,median
2020-08-31,2020-08-31,2 wk ahead inc death,2020-09-12,18,quantile,0.025,37,median
2020-08-31,2020-08-31,2 wk ahead inc death,2020-09-12,18,quantile,0.05,40,median
2020-08-31,2020-08-31,2 wk ahead inc death,2020-09-12,18,quantile,0.1,46,median
2020-08-31,2020-08-31,2 wk ahead inc death,2020-09-12,18,quantile,0.15,51.85,median
2020-08-31,2020-08-31,2 wk ahead inc death,2020-09-12,18,quantile,0.2,57,median
2020-08-31,2020-08-31,2 wk ahead inc death,2020-09-12,18,quantile,0.25,62,median
2020-08-31,2020-08-31,2 wk ahead inc death,2020-09-12,18,quantile,0.3,66,median
2020-08-31,2020-08-31,2 wk ahead inc death,2020-09-12,18,quantile,0.35,71,median
2020-08-31,2020-08-31,2 wk ahead inc death,2020-09-12,18,quantile,0.4,75,median
2020-08-31,2020-08-31,2 wk ahead inc death,2020-09-12,18,quantile,0.45,78,median
2020-08-31,2020-08-31,2 wk ahead inc death,2020-09-12,18,quantile,0.5,81.5,median
2020-08-31,2020-08-31,2 wk ahead inc death,2020-09-12,18,quantile,0.55,85,median
2020-08-31,2020-08-31,2 wk ahead inc death,2020-09-12,18,quantile,0.6,88,median
2020-08-31,2020-08-31,2 wk ahead inc death,2020-09-12,18,quantile,0.65,92,median
2020-08-31,2020-08-31,2 wk ahead inc death,2020-09-12,18,quantile,0.7,96,median
2020-08-31,2020-08-31,2 wk ahead inc death,2020-09-12,18,quantile,0.75,100,median
2020-08-31,2020-08-31,2 wk ahead inc death,2020-09-12,18,quantile,0.8,105,median
2020-08-31,2020-08-31,2 wk ahead inc death,2020-09-12,18,quantile,0.85,112,median
2020-08-31,2020-08-31,2 wk ahead inc death,2020-09-12,18,quantile,0.9,118,median
2020-08-31,2020-08-31,2 wk ahead inc death,2020-09-12,18,quantile,0.95,127,median
2020-08-31,2020-08-31,2 wk ahead inc death,2020-09-12,18,quantile,0.975,134,median
2020-08-31,2020-08-31,2 wk ahead inc death,2020-09-12,18,quantile,0.99,141.02,median
2020-08-31,2020-08-31,3 wk ahead inc death,2020-09-19,18,point,,86,median
2020-08-31,2020-08-31,3 wk ahead inc death,2020-09-19,18,quantile,0.01,23,median
2020-08-31,2020-08-31,3 wk ahead inc death,2020-09-19,18,quantile,0.025,26.975,median
2020-08-31,2020-08-31,3 wk ahead inc death,2020-09-19,18,quantile,0.05,33,median
2020-08-31,2020-08-31,3 wk ahead inc death,2020-09-19,18,quantile,0.1,44,median
2020-08-31,2020-08-31,3 wk ahead inc death,2020-09-19,18,quantile,0.15,52,median
2020-08-31,2020-08-31,3 wk ahead inc death,2020-09-19,18,quantile,0.2,58,median
2020-08-31,2020-08-31,3 wk ahead inc death,2020-09-19,18,quantile,0.25,64,median
2020-08-31,2020-08-31,3 wk ahead inc death,2020-09-19,18,quantile,0.3,68,median
2020-08-31,2020-08-31,3 wk ahead inc death,2020-09-19,18,quantile,0.35,73,median
2020-08-31,2020-08-31,3 wk ahead inc death,2020-09-19,18,quantile,0.4,78,median
2020-08-31,2020-08-31,3 wk ahead inc death,2020-09-19,18,quantile,0.45,82,median
2020-08-31,2020-08-31,3 wk ahead inc death,2020-09-19,18,quantile,0.5,86,median
2020-08-31,2020-08-31,3 wk ahead inc death,2020-09-19,18,quantile,0.55,90,median
2020-08-31,2020-08-31,3 wk ahead inc death,2020-09-19,18,quantile,0.6,95,median
2020-08-31,2020-08-31,3 wk ahead inc death,2020-09-19,18,quantile,0.65,99,median
2020-08-31,2020-08-31,3 wk ahead inc death,2020-09-19,18,quantile,0.7,105,median
2020-08-31,2020-08-31,3 wk ahead inc death,2020-09-19,18,quantile,0.75,110,median
2020-08-31,2020-08-31,3 wk ahead inc death,2020-09-19,18,quantile,0.8,117,median
2020-08-31,2020-08-31,3 wk ahead inc death,2020-09-19,18,quantile,0.85,123.15,median
2020-08-31,2020-08-31,3 wk ahead inc death,2020-09-19,18,quantile,0.9,132,median
2020-08-31,2020-08-31,3 wk ahead inc death,2020-09-19,18,quantile,0.95,148,median
2020-08-31,2020-08-31,3 wk ahead inc death,2020-09-19,18,quantile,0.975,160.025,median
2020-08-31,2020-08-31,3 wk ahead inc death,2020-09-19,18,quantile,0.99,175,median
2020-08-31,2020-08-31,4 wk ahead inc death,2020-09-26,18,point,,94,median
2020-08-31,2020-08-31,4 wk ahead inc death,2020-09-26,18,quantile,0.01,18.99,median
2020-08-31,2020-08-31,4 wk ahead inc death,2020-09-26,18,quantile,0.025,27,median
2020-08-31,2020-08-31,4 wk ahead inc death,2020-09-26,18,quantile,0.05,36,median
2020-08-31,2020-08-31,4 wk ahead inc death,2020-09-26,18,quantile,0.1,46,median
2020-08-31,2020-08-31,4 wk ahead inc death,2020-09-26,18,quantile,0.15,55,median
2020-08-31,2020-08-31,4 wk ahead inc death,2020-09-26,18,quantile,0.2,62.8,median
2020-08-31,2020-08-31,4 wk ahead inc death,2020-09-26,18,quantile,0.25,69,median
2020-08-31,2020-08-31,4 wk ahead inc death,2020-09-26,18,quantile,0.3,74,median
2020-08-31,2020-08-31,4 wk ahead inc death,2020-09-26,18,quantile,0.35,79,median
2020-08-31,2020-08-31,4 wk ahead inc death,2020-09-26,18,quantile,0.4,84,median
2020-08-31,2020-08-31,4 wk ahead inc death,2020-09-26,18,quantile,0.45,89,median
2020-08-31,2020-08-31,4 wk ahead inc death,2020-09-26,18,quantile,0.5,94,median
2020-08-31,2020-08-31,4 wk ahead inc death,2020-09-26,18,quantile,0.55,99.4500000000001,median
2020-08-31,2020-08-31,4 wk ahead inc death,2020-09-26,18,quantile,0.6,104,median
2020-08-31,2020-08-31,4 wk ahead inc death,2020-09-26,18,quantile,0.65,109,median
2020-08-31,2020-08-31,4 wk ahead inc death,2020-09-26,18,quantile,0.7,115,median
2020-08-31,2020-08-31,4 wk ahead inc death,2020-09-26,18,quantile,0.75,122,median
2020-08-31,2020-08-31,4 wk ahead inc death,2020-09-26,18,quantile,0.8,129,median
2020-08-31,2020-08-31,4 wk ahead inc death,2020-09-26,18,quantile,0.85,137.15,median
2020-08-31,2020-08-31,4 wk ahead inc death,2020-09-26,18,quantile,0.9,147,median
2020-08-31,2020-08-31,4 wk ahead inc death,2020-09-26,18,quantile,0.95,161,median
2020-08-31,2020-08-31,4 wk ahead inc death,2020-09-26,18,quantile,0.975,171,median
2020-08-31,2020-08-31,4 wk ahead inc death,2020-09-26,18,quantile,0.99,193.04,median
2020-08-31,2020-08-31,1 wk ahead inc death,2020-09-05,19,point,,86,median
2020-08-31,2020-08-31,1 wk ahead inc death,2020-09-05,19,quantile,0.01,40,median
2020-08-31,2020-08-31,1 wk ahead inc death,2020-09-05,19,quantile,0.025,45.975,median
2020-08-31,2020-08-31,1 wk ahead inc death,2020-09-05,19,quantile,0.05,52,median
2020-08-31,2020-08-31,1 wk ahead inc death,2020-09-05,19,quantile,0.1,57,median
2020-08-31,2020-08-31,1 wk ahead inc death,2020-09-05,19,quantile,0.15,62,median
2020-08-31,2020-08-31,1 wk ahead inc death,2020-09-05,19,quantile,0.2,65,median
2020-08-31,2020-08-31,1 wk ahead inc death,2020-09-05,19,quantile,0.25,70,median
2020-08-31,2020-08-31,1 wk ahead inc death,2020-09-05,19,quantile,0.3,73,median
2020-08-31,2020-08-31,1 wk ahead inc death,2020-09-05,19,quantile,0.35,76,median
2020-08-31,2020-08-31,1 wk ahead inc death,2020-09-05,19,quantile,0.4,80,median
2020-08-31,2020-08-31,1 wk ahead inc death,2020-09-05,19,quantile,0.45,83,median
2020-08-31,2020-08-31,1 wk ahead inc death,2020-09-05,19,quantile,0.5,86,median
2020-08-31,2020-08-31,1 wk ahead inc death,2020-09-05,19,quantile,0.55,88,median
2020-08-31,2020-08-31,1 wk ahead inc death,2020-09-05,19,quantile,0.6,92,median
2020-08-31,2020-08-31,1 wk ahead inc death,2020-09-05,19,quantile,0.65,94,median
2020-08-31,2020-08-31,1 wk ahead inc death,2020-09-05,19,quantile,0.7,98,median
2020-08-31,2020-08-31,1 wk ahead inc death,2020-09-05,19,quantile,0.75,101,median
2020-08-31,2020-08-31,1 wk ahead inc death,2020-09-05,19,quantile,0.8,105,median
2020-08-31,2020-08-31,1 wk ahead inc death,2020-09-05,19,quantile,0.85,110,median
2020-08-31,2020-08-31,1 wk ahead inc death,2020-09-05,19,quantile,0.9,115,median
2020-08-31,2020-08-31,1 wk ahead inc death,2020-09-05,19,quantile,0.95,122,median
2020-08-31,2020-08-31,1 wk ahead inc death,2020-09-05,19,quantile,0.975,126,median
2020-08-31,2020-08-31,1 wk ahead inc death,2020-09-05,19,quantile,0.99,129,median
2020-08-31,2020-08-31,2 wk ahead inc death,2020-09-12,19,point,,99,median
2020-08-31,2020-08-31,2 wk ahead inc death,2020-09-12,19,quantile,0.01,35.99,median
2020-08-31,2020-08-31,2 wk ahead inc death,2020-09-12,19,quantile,0.025,46,median
2020-08-31,2020-08-31,2 wk ahead inc death,2020-09-12,19,quantile,0.05,55.95,median
2020-08-31,2020-08-31,2 wk ahead inc death,2020-09-12,19,quantile,0.1,66,median
2020-08-31,2020-08-31,2 wk ahead inc death,2020-09-12,19,quantile,0.15,70,median
2020-08-31,2020-08-31,2 wk ahead inc death,2020-09-12,19,quantile,0.2,74,median
2020-08-31,2020-08-31,2 wk ahead inc death,2020-09-12,19,quantile,0.25,78,median
2020-08-31,2020-08-31,2 wk ahead inc death,2020-09-12,19,quantile,0.3,83,median
2020-08-31,2020-08-31,2 wk ahead inc death,2020-09-12,19,quantile,0.35,86,median
2020-08-31,2020-08-31,2 wk ahead inc death,2020-09-12,19,quantile,0.4,90,median
2020-08-31,2020-08-31,2 wk ahead inc death,2020-09-12,19,quantile,0.45,95,median
2020-08-31,2020-08-31,2 wk ahead inc death,2020-09-12,19,quantile,0.5,99,median
2020-08-31,2020-08-31,2 wk ahead inc death,2020-09-12,19,quantile,0.55,103,median
2020-08-31,2020-08-31,2 wk ahead inc death,2020-09-12,19,quantile,0.6,108,median
2020-08-31,2020-08-31,2 wk ahead inc death,2020-09-12,19,quantile,0.65,113,median
2020-08-31,2020-08-31,2 wk ahead inc death,2020-09-12,19,quantile,0.7,118,median
2020-08-31,2020-08-31,2 wk ahead inc death,2020-09-12,19,quantile,0.75,123,median
2020-08-31,2020-08-31,2 wk ahead inc death,2020-09-12,19,quantile,0.8,129,median
2020-08-31,2020-08-31,2 wk ahead inc death,2020-09-12,19,quantile,0.85,137,median
2020-08-31,2020-08-31,2 wk ahead inc death,2020-09-12,19,quantile,0.9,149,median
2020-08-31,2020-08-31,2 wk ahead inc death,2020-09-12,19,quantile,0.95,162,median
2020-08-31,2020-08-31,2 wk ahead inc death,2020-09-12,19,quantile,0.975,171,median
2020-08-31,2020-08-31,2 wk ahead inc death,2020-09-12,19,quantile,0.99,178,median
2020-08-31,2020-08-31,3 wk ahead inc death,2020-09-19,19,point,,111,median
2020-08-31,2020-08-31,3 wk ahead inc death,2020-09-19,19,quantile,0.01,55,median
2020-08-31,2020-08-31,3 wk ahead inc death,2020-09-19,19,quantile,0.025,58,median
2020-08-31,2020-08-31,3 wk ahead inc death,2020-09-19,19,quantile,0.05,61,median
2020-08-31,2020-08-31,3 wk ahead inc death,2020-09-19,19,quantile,0.1,68,median
2020-08-31,2020-08-31,3 wk ahead inc death,2020-09-19,19,quantile,0.15,75,median
2020-08-31,2020-08-31,3 wk ahead inc death,2020-09-19,19,quantile,0.2,81,median
2020-08-31,2020-08-31,3 wk ahead inc death,2020-09-19,19,quantile,0.25,87,median
2020-08-31,2020-08-31,3 wk ahead inc death,2020-09-19,19,quantile,0.3,92,median
2020-08-31,2020-08-31,3 wk ahead inc death,2020-09-19,19,quantile,0.35,97,median
2020-08-31,2020-08-31,3 wk ahead inc death,2020-09-19,19,quantile,0.4,102,median
2020-08-31,2020-08-31,3 wk ahead inc death,2020-09-19,19,quantile,0.45,106,median
2020-08-31,2020-08-31,3 wk ahead inc death,2020-09-19,19,quantile,0.5,111,median
2020-08-31,2020-08-31,3 wk ahead inc death,2020-09-19,19,quantile,0.55,117,median
2020-08-31,2020-08-31,3 wk ahead inc death,2020-09-19,19,quantile,0.6,122,median
2020-08-31,2020-08-31,3 wk ahead inc death,2020-09-19,19,quantile,0.65,130,median
2020-08-31,2020-08-31,3 wk ahead inc death,2020-09-19,19,quantile,0.7,138,median
2020-08-31,2020-08-31,3 wk ahead inc death,2020-09-19,19,quantile,0.75,148,median
2020-08-31,2020-08-31,3 wk ahead inc death,2020-09-19,19,quantile,0.8,160,median
2020-08-31,2020-08-31,3 wk ahead inc death,2020-09-19,19,quantile,0.85,173,median
2020-08-31,2020-08-31,3 wk ahead inc death,2020-09-19,19,quantile,0.9,194,median
2020-08-31,2020-08-31,3 wk ahead inc death,2020-09-19,19,quantile,0.95,222,median
2020-08-31,2020-08-31,3 wk ahead inc death,2020-09-19,19,quantile,0.975,241,median
2020-08-31,2020-08-31,3 wk ahead inc death,2020-09-19,19,quantile,0.99,257,median
2020-08-31,2020-08-31,4 wk ahead inc death,2020-09-26,19,point,,128,median
2020-08-31,2020-08-31,4 wk ahead inc death,2020-09-26,19,quantile,0.01,52,median
2020-08-31,2020-08-31,4 wk ahead inc death,2020-09-26,19,quantile,0.025,55,median
2020-08-31,2020-08-31,4 wk ahead inc death,2020-09-26,19,quantile,0.05,60,median
2020-08-31,2020-08-31,4 wk ahead inc death,2020-09-26,19,quantile,0.1,69,median
2020-08-31,2020-08-31,4 wk ahead inc death,2020-09-26,19,quantile,0.15,78,median
2020-08-31,2020-08-31,4 wk ahead inc death,2020-09-26,19,quantile,0.2,85,median
2020-08-31,2020-08-31,4 wk ahead inc death,2020-09-26,19,quantile,0.25,93,median
2020-08-31,2020-08-31,4 wk ahead inc death,2020-09-26,19,quantile,0.3,100,median
2020-08-31,2020-08-31,4 wk ahead inc death,2020-09-26,19,quantile,0.35,107,median
2020-08-31,2020-08-31,4 wk ahead inc death,2020-09-26,19,quantile,0.4,114,median
2020-08-31,2020-08-31,4 wk ahead inc death,2020-09-26,19,quantile,0.45,120,median
2020-08-31,2020-08-31,4 wk ahead inc death,2020-09-26,19,quantile,0.5,128,median
2020-08-31,2020-08-31,4 wk ahead inc death,2020-09-26,19,quantile,0.55,134,median
2020-08-31,2020-08-31,4 wk ahead inc death,2020-09-26,19,quantile,0.6,144,median
2020-08-31,2020-08-31,4 wk ahead inc death,2020-09-26,19,quantile,0.65,154,median
2020-08-31,2020-08-31,4 wk ahead inc death,2020-09-26,19,quantile,0.7,163,median
2020-08-31,2020-08-31,4 wk ahead inc death,2020-09-26,19,quantile,0.75,177,median
2020-08-31,2020-08-31,4 wk ahead inc death,2020-09-26,19,quantile,0.8,195,median
2020-08-31,2020-08-31,4 wk ahead inc death,2020-09-26,19,quantile,0.85,223,median
2020-08-31,2020-08-31,4 wk ahead inc death,2020-09-26,19,quantile,0.9,255,median
2020-08-31,2020-08-31,4 wk ahead inc death,2020-09-26,19,quantile,0.95,305,median
2020-08-31,2020-08-31,4 wk ahead inc death,2020-09-26,19,quantile,0.975,346,median
2020-08-31,2020-08-31,4 wk ahead inc death,2020-09-26,19,quantile,0.99,377,median
2020-08-31,2020-08-31,1 wk ahead inc death,2020-09-05,20,point,,20,median
2020-08-31,2020-08-31,1 wk ahead inc death,2020-09-05,20,quantile,0.01,8,median
2020-08-31,2020-08-31,1 wk ahead inc death,2020-09-05,20,quantile,0.025,9,median
2020-08-31,2020-08-31,1 wk ahead inc death,2020-09-05,20,quantile,0.05,10,median
2020-08-31,2020-08-31,1 wk ahead inc death,2020-09-05,20,quantile,0.1,11,median
2020-08-31,2020-08-31,1 wk ahead inc death,2020-09-05,20,quantile,0.15,12,median
2020-08-31,2020-08-31,1 wk ahead inc death,2020-09-05,20,quantile,0.2,14,median
2020-08-31,2020-08-31,1 wk ahead inc death,2020-09-05,20,quantile,0.25,15,median
2020-08-31,2020-08-31,1 wk ahead inc death,2020-09-05,20,quantile,0.3,16,median
2020-08-31,2020-08-31,1 wk ahead inc death,2020-09-05,20,quantile,0.35,17,median
2020-08-31,2020-08-31,1 wk ahead inc death,2020-09-05,20,quantile,0.4,18,median
2020-08-31,2020-08-31,1 wk ahead inc death,2020-09-05,20,quantile,0.45,19,median
2020-08-31,2020-08-31,1 wk ahead inc death,2020-09-05,20,quantile,0.5,20,median
2020-08-31,2020-08-31,1 wk ahead inc death,2020-09-05,20,quantile,0.55,21,median
2020-08-31,2020-08-31,1 wk ahead inc death,2020-09-05,20,quantile,0.6,22,median
2020-08-31,2020-08-31,1 wk ahead inc death,2020-09-05,20,quantile,0.65,23,median
2020-08-31,2020-08-31,1 wk ahead inc death,2020-09-05,20,quantile,0.7,24,median
2020-08-31,2020-08-31,1 wk ahead inc death,2020-09-05,20,quantile,0.75,25,median
2020-08-31,2020-08-31,1 wk ahead inc death,2020-09-05,20,quantile,0.8,26,median
2020-08-31,2020-08-31,1 wk ahead inc death,2020-09-05,20,quantile,0.85,28,median
2020-08-31,2020-08-31,1 wk ahead inc death,2020-09-05,20,quantile,0.9,30,median
2020-08-31,2020-08-31,1 wk ahead inc death,2020-09-05,20,quantile,0.95,35,median
2020-08-31,2020-08-31,1 wk ahead inc death,2020-09-05,20,quantile,0.975,37,median
2020-08-31,2020-08-31,1 wk ahead inc death,2020-09-05,20,quantile,0.99,40,median
2020-08-31,2020-08-31,2 wk ahead inc death,2020-09-12,20,point,,29,median
2020-08-31,2020-08-31,2 wk ahead inc death,2020-09-12,20,quantile,0.01,7,median
2020-08-31,2020-08-31,2 wk ahead inc death,2020-09-12,20,quantile,0.025,8.975,median
2020-08-31,2020-08-31,2 wk ahead inc death,2020-09-12,20,quantile,0.05,12,median
2020-08-31,2020-08-31,2 wk ahead inc death,2020-09-12,20,quantile,0.1,15.9,median
2020-08-31,2020-08-31,2 wk ahead inc death,2020-09-12,20,quantile,0.15,18,median
2020-08-31,2020-08-31,2 wk ahead inc death,2020-09-12,20,quantile,0.2,20,median
2020-08-31,2020-08-31,2 wk ahead inc death,2020-09-12,20,quantile,0.25,21,median
2020-08-31,2020-08-31,2 wk ahead inc death,2020-09-12,20,quantile,0.3,23,median
2020-08-31,2020-08-31,2 wk ahead inc death,2020-09-12,20,quantile,0.35,24,median
2020-08-31,2020-08-31,2 wk ahead inc death,2020-09-12,20,quantile,0.4,26,median
2020-08-31,2020-08-31,2 wk ahead inc death,2020-09-12,20,quantile,0.45,28,median
2020-08-31,2020-08-31,2 wk ahead inc death,2020-09-12,20,quantile,0.5,29,median
2020-08-31,2020-08-31,2 wk ahead inc death,2020-09-12,20,quantile,0.55,30,median
2020-08-31,2020-08-31,2 wk ahead inc death,2020-09-12,20,quantile,0.6,32,median
2020-08-31,2020-08-31,2 wk ahead inc death,2020-09-12,20,quantile,0.65,34,median
2020-08-31,2020-08-31,2 wk ahead inc death,2020-09-12,20,quantile,0.7,36,median
2020-08-31,2020-08-31,2 wk ahead inc death,2020-09-12,20,quantile,0.75,38,median
2020-08-31,2020-08-31,2 wk ahead inc death,2020-09-12,20,quantile,0.8,40,median
2020-08-31,2020-08-31,2 wk ahead inc death,2020-09-12,20,quantile,0.85,42,median
2020-08-31,2020-08-31,2 wk ahead inc death,2020-09-12,20,quantile,0.9,46,median
2020-08-31,2020-08-31,2 wk ahead inc death,2020-09-12,20,quantile,0.95,52,median
2020-08-31,2020-08-31,2 wk ahead inc death,2020-09-12,20,quantile,0.975,57,median
2020-08-31,2020-08-31,2 wk ahead inc death,2020-09-12,20,quantile,0.99,62,median
2020-08-31,2020-08-31,3 wk ahead inc death,2020-09-19,20,point,,30,median
2020-08-31,2020-08-31,3 wk ahead inc death,2020-09-19,20,quantile,0.01,6,median
2020-08-31,2020-08-31,3 wk ahead inc death,2020-09-19,20,quantile,0.025,9,median
2020-08-31,2020-08-31,3 wk ahead inc death,2020-09-19,20,quantile,0.05,12,median
2020-08-31,2020-08-31,3 wk ahead inc death,2020-09-19,20,quantile,0.1,15,median
2020-08-31,2020-08-31,3 wk ahead inc death,2020-09-19,20,quantile,0.15,18,median
2020-08-31,2020-08-31,3 wk ahead inc death,2020-09-19,20,quantile,0.2,20,median
2020-08-31,2020-08-31,3 wk ahead inc death,2020-09-19,20,quantile,0.25,22,median
2020-08-31,2020-08-31,3 wk ahead inc death,2020-09-19,20,quantile,0.3,24,median
2020-08-31,2020-08-31,3 wk ahead inc death,2020-09-19,20,quantile,0.35,25,median
2020-08-31,2020-08-31,3 wk ahead inc death,2020-09-19,20,quantile,0.4,26.6,median
2020-08-31,2020-08-31,3 wk ahead inc death,2020-09-19,20,quantile,0.45,28,median
2020-08-31,2020-08-31,3 wk ahead inc death,2020-09-19,20,quantile,0.5,30,median
2020-08-31,2020-08-31,3 wk ahead inc death,2020-09-19,20,quantile,0.55,31,median
2020-08-31,2020-08-31,3 wk ahead inc death,2020-09-19,20,quantile,0.6,33,median
2020-08-31,2020-08-31,3 wk ahead inc death,2020-09-19,20,quantile,0.65,35,median
2020-08-31,2020-08-31,3 wk ahead inc death,2020-09-19,20,quantile,0.7,37,median
2020-08-31,2020-08-31,3 wk ahead inc death,2020-09-19,20,quantile,0.75,39,median
2020-08-31,2020-08-31,3 wk ahead inc death,2020-09-19,20,quantile,0.8,43,median
2020-08-31,2020-08-31,3 wk ahead inc death,2020-09-19,20,quantile,0.85,47,median
2020-08-31,2020-08-31,3 wk ahead inc death,2020-09-19,20,quantile,0.9,51,median
2020-08-31,2020-08-31,3 wk ahead inc death,2020-09-19,20,quantile,0.95,60,median
2020-08-31,2020-08-31,3 wk ahead inc death,2020-09-19,20,quantile,0.975,66,median
2020-08-31,2020-08-31,3 wk ahead inc death,2020-09-19,20,quantile,0.99,73,median
2020-08-31,2020-08-31,4 wk ahead inc death,2020-09-26,20,point,,29,median
2020-08-31,2020-08-31,4 wk ahead inc death,2020-09-26,20,quantile,0.01,6,median
2020-08-31,2020-08-31,4 wk ahead inc death,2020-09-26,20,quantile,0.025,8,median
2020-08-31,2020-08-31,4 wk ahead inc death,2020-09-26,20,quantile,0.05,11,median
2020-08-31,2020-08-31,4 wk ahead inc death,2020-09-26,20,quantile,0.1,13,median
2020-08-31,2020-08-31,4 wk ahead inc death,2020-09-26,20,quantile,0.15,16,median
2020-08-31,2020-08-31,4 wk ahead inc death,2020-09-26,20,quantile,0.2,17,median
2020-08-31,2020-08-31,4 wk ahead inc death,2020-09-26,20,quantile,0.25,19.75,median
2020-08-31,2020-08-31,4 wk ahead inc death,2020-09-26,20,quantile,0.3,21,median
2020-08-31,2020-08-31,4 wk ahead inc death,2020-09-26,20,quantile,0.35,23,median
2020-08-31,2020-08-31,4 wk ahead inc death,2020-09-26,20,quantile,0.4,25,median
2020-08-31,2020-08-31,4 wk ahead inc death,2020-09-26,20,quantile,0.45,27,median
2020-08-31,2020-08-31,4 wk ahead inc death,2020-09-26,20,quantile,0.5,29,median
2020-08-31,2020-08-31,4 wk ahead inc death,2020-09-26,20,quantile,0.55,30,median
2020-08-31,2020-08-31,4 wk ahead inc death,2020-09-26,20,quantile,0.6,32,median
2020-08-31,2020-08-31,4 wk ahead inc death,2020-09-26,20,quantile,0.65,34,median
2020-08-31,2020-08-31,4 wk ahead inc death,2020-09-26,20,quantile,0.7,36,median
2020-08-31,2020-08-31,4 wk ahead inc death,2020-09-26,20,quantile,0.75,39,median
2020-08-31,2020-08-31,4 wk ahead inc death,2020-09-26,20,quantile,0.8,43,median
2020-08-31,2020-08-31,4 wk ahead inc death,2020-09-26,20,quantile,0.85,46,median
2020-08-31,2020-08-31,4 wk ahead inc death,2020-09-26,20,quantile,0.9,53,median
2020-08-31,2020-08-31,4 wk ahead inc death,2020-09-26,20,quantile,0.95,63.05,median
2020-08-31,2020-08-31,4 wk ahead inc death,2020-09-26,20,quantile,0.975,71,median
2020-08-31,2020-08-31,4 wk ahead inc death,2020-09-26,20,quantile,0.99,79.02,median
2020-08-31,2020-08-31,1 wk ahead inc death,2020-09-05,21,point,,54,median
2020-08-31,2020-08-31,1 wk ahead inc death,2020-09-05,21,quantile,0.01,28,median
2020-08-31,2020-08-31,1 wk ahead inc death,2020-09-05,21,quantile,0.025,31,median
2020-08-31,2020-08-31,1 wk ahead inc death,2020-09-05,21,quantile,0.05,34.95,median
2020-08-31,2020-08-31,1 wk ahead inc death,2020-09-05,21,quantile,0.1,38,median
2020-08-31,2020-08-31,1 wk ahead inc death,2020-09-05,21,quantile,0.15,41,median
2020-08-31,2020-08-31,1 wk ahead inc death,2020-09-05,21,quantile,0.2,43,median
2020-08-31,2020-08-31,1 wk ahead inc death,2020-09-05,21,quantile,0.25,46,median
2020-08-31,2020-08-31,1 wk ahead inc death,2020-09-05,21,quantile,0.3,47,median
2020-08-31,2020-08-31,1 wk ahead inc death,2020-09-05,21,quantile,0.35,49,median
2020-08-31,2020-08-31,1 wk ahead inc death,2020-09-05,21,quantile,0.4,50,median
2020-08-31,2020-08-31,1 wk ahead inc death,2020-09-05,21,quantile,0.45,52,median
2020-08-31,2020-08-31,1 wk ahead inc death,2020-09-05,21,quantile,0.5,54,median
2020-08-31,2020-08-31,1 wk ahead inc death,2020-09-05,21,quantile,0.55,55.4500000000001,median
2020-08-31,2020-08-31,1 wk ahead inc death,2020-09-05,21,quantile,0.6,57,median
2020-08-31,2020-08-31,1 wk ahead inc death,2020-09-05,21,quantile,0.65,59.3500000000001,median
2020-08-31,2020-08-31,1 wk ahead inc death,2020-09-05,21,quantile,0.7,62,median
2020-08-31,2020-08-31,1 wk ahead inc death,2020-09-05,21,quantile,0.75,64,median
2020-08-31,2020-08-31,1 wk ahead inc death,2020-09-05,21,quantile,0.8,66,median
2020-08-31,2020-08-31,1 wk ahead inc death,2020-09-05,21,quantile,0.85,69.1500000000001,median
2020-08-31,2020-08-31,1 wk ahead inc death,2020-09-05,21,quantile,0.9,75,median
2020-08-31,2020-08-31,1 wk ahead inc death,2020-09-05,21,quantile,0.95,81.05,median
2020-08-31,2020-08-31,1 wk ahead inc death,2020-09-05,21,quantile,0.975,88.025,median
2020-08-31,2020-08-31,1 wk ahead inc death,2020-09-05,21,quantile,0.99,93,median
2020-08-31,2020-08-31,2 wk ahead inc death,2020-09-12,21,point,,54,median
2020-08-31,2020-08-31,2 wk ahead inc death,2020-09-12,21,quantile,0.01,22.99,median
2020-08-31,2020-08-31,2 wk ahead inc death,2020-09-12,21,quantile,0.025,29,median
2020-08-31,2020-08-31,2 wk ahead inc death,2020-09-12,21,quantile,0.05,33,median
2020-08-31,2020-08-31,2 wk ahead inc death,2020-09-12,21,quantile,0.1,37,median
2020-08-31,2020-08-31,2 wk ahead inc death,2020-09-12,21,quantile,0.15,40,median
2020-08-31,2020-08-31,2 wk ahead inc death,2020-09-12,21,quantile,0.2,42,median
2020-08-31,2020-08-31,2 wk ahead inc death,2020-09-12,21,quantile,0.25,44,median
2020-08-31,2020-08-31,2 wk ahead inc death,2020-09-12,21,quantile,0.3,47,median
2020-08-31,2020-08-31,2 wk ahead inc death,2020-09-12,21,quantile,0.35,48,median
2020-08-31,2020-08-31,2 wk ahead inc death,2020-09-12,21,quantile,0.4,50,median
2020-08-31,2020-08-31,2 wk ahead inc death,2020-09-12,21,quantile,0.45,52,median
2020-08-31,2020-08-31,2 wk ahead inc death,2020-09-12,21,quantile,0.5,54,median
2020-08-31,2020-08-31,2 wk ahead inc death,2020-09-12,21,quantile,0.55,56,median
2020-08-31,2020-08-31,2 wk ahead inc death,2020-09-12,21,quantile,0.6,57.4000000000001,median
2020-08-31,2020-08-31,2 wk ahead inc death,2020-09-12,21,quantile,0.65,60,median
2020-08-31,2020-08-31,2 wk ahead inc death,2020-09-12,21,quantile,0.7,62,median
2020-08-31,2020-08-31,2 wk ahead inc death,2020-09-12,21,quantile,0.75,66,median
2020-08-31,2020-08-31,2 wk ahead inc death,2020-09-12,21,quantile,0.8,69,median
2020-08-31,2020-08-31,2 wk ahead inc death,2020-09-12,21,quantile,0.85,73,median
2020-08-31,2020-08-31,2 wk ahead inc death,2020-09-12,21,quantile,0.9,79.1000000000001,median
2020-08-31,2020-08-31,2 wk ahead inc death,2020-09-12,21,quantile,0.95,88,median
2020-08-31,2020-08-31,2 wk ahead inc death,2020-09-12,21,quantile,0.975,94.05,median
2020-08-31,2020-08-31,2 wk ahead inc death,2020-09-12,21,quantile,0.99,109.02,median
2020-08-31,2020-08-31,3 wk ahead inc death,2020-09-19,21,point,,56,median
2020-08-31,2020-08-31,3 wk ahead inc death,2020-09-19,21,quantile,0.01,24,median
2020-08-31,2020-08-31,3 wk ahead inc death,2020-09-19,21,quantile,0.025,27,median
2020-08-31,2020-08-31,3 wk ahead inc death,2020-09-19,21,quantile,0.05,32,median
2020-08-31,2020-08-31,3 wk ahead inc death,2020-09-19,21,quantile,0.1,36,median
2020-08-31,2020-08-31,3 wk ahead inc death,2020-09-19,21,quantile,0.15,39,median
2020-08-31,2020-08-31,3 wk ahead inc death,2020-09-19,21,quantile,0.2,42,median
2020-08-31,2020-08-31,3 wk ahead inc death,2020-09-19,21,quantile,0.25,44,median
2020-08-31,2020-08-31,3 wk ahead inc death,2020-09-19,21,quantile,0.3,46,median
2020-08-31,2020-08-31,3 wk ahead inc death,2020-09-19,21,quantile,0.35,49,median
2020-08-31,2020-08-31,3 wk ahead inc death,2020-09-19,21,quantile,0.4,52,median
2020-08-31,2020-08-31,3 wk ahead inc death,2020-09-19,21,quantile,0.45,54,median
2020-08-31,2020-08-31,3 wk ahead inc death,2020-09-19,21,quantile,0.5,56,median
2020-08-31,2020-08-31,3 wk ahead inc death,2020-09-19,21,quantile,0.55,59,median
2020-08-31,2020-08-31,3 wk ahead inc death,2020-09-19,21,quantile,0.6,61,median
2020-08-31,2020-08-31,3 wk ahead inc death,2020-09-19,21,quantile,0.65,64,median
2020-08-31,2020-08-31,3 wk ahead inc death,2020-09-19,21,quantile,0.7,67,median
2020-08-31,2020-08-31,3 wk ahead inc death,2020-09-19,21,quantile,0.75,71,median
2020-08-31,2020-08-31,3 wk ahead inc death,2020-09-19,21,quantile,0.8,74,median
2020-08-31,2020-08-31,3 wk ahead inc death,2020-09-19,21,quantile,0.85,79,median
2020-08-31,2020-08-31,3 wk ahead inc death,2020-09-19,21,quantile,0.9,86,median
2020-08-31,2020-08-31,3 wk ahead inc death,2020-09-19,21,quantile,0.95,98,median
2020-08-31,2020-08-31,3 wk ahead inc death,2020-09-19,21,quantile,0.975,111.025,median
2020-08-31,2020-08-31,3 wk ahead inc death,2020-09-19,21,quantile,0.99,123.01,median
2020-08-31,2020-08-31,4 wk ahead inc death,2020-09-26,21,point,,61,median
2020-08-31,2020-08-31,4 wk ahead inc death,2020-09-26,21,quantile,0.01,20,median
2020-08-31,2020-08-31,4 wk ahead inc death,2020-09-26,21,quantile,0.025,22.975,median
2020-08-31,2020-08-31,4 wk ahead inc death,2020-09-26,21,quantile,0.05,28,median
2020-08-31,2020-08-31,4 wk ahead inc death,2020-09-26,21,quantile,0.1,34,median
2020-08-31,2020-08-31,4 wk ahead inc death,2020-09-26,21,quantile,0.15,40,median
2020-08-31,2020-08-31,4 wk ahead inc death,2020-09-26,21,quantile,0.2,44,median
2020-08-31,2020-08-31,4 wk ahead inc death,2020-09-26,21,quantile,0.25,47,median
2020-08-31,2020-08-31,4 wk ahead inc death,2020-09-26,21,quantile,0.3,50,median
2020-08-31,2020-08-31,4 wk ahead inc death,2020-09-26,21,quantile,0.35,53,median
2020-08-31,2020-08-31,4 wk ahead inc death,2020-09-26,21,quantile,0.4,56,median
2020-08-31,2020-08-31,4 wk ahead inc death,2020-09-26,21,quantile,0.45,58,median
2020-08-31,2020-08-31,4 wk ahead inc death,2020-09-26,21,quantile,0.5,61,median
2020-08-31,2020-08-31,4 wk ahead inc death,2020-09-26,21,quantile,0.55,63,median
2020-08-31,2020-08-31,4 wk ahead inc death,2020-09-26,21,quantile,0.6,65,median
2020-08-31,2020-08-31,4 wk ahead inc death,2020-09-26,21,quantile,0.65,68,median
2020-08-31,2020-08-31,4 wk ahead inc death,2020-09-26,21,quantile,0.7,72,median
2020-08-31,2020-08-31,4 wk ahead inc death,2020-09-26,21,quantile,0.75,76,median
2020-08-31,2020-08-31,4 wk ahead inc death,2020-09-26,21,quantile,0.8,81,median
2020-08-31,2020-08-31,4 wk ahead inc death,2020-09-26,21,quantile,0.85,88,median
2020-08-31,2020-08-31,4 wk ahead inc death,2020-09-26,21,quantile,0.9,99,median
2020-08-31,2020-08-31,4 wk ahead inc death,2020-09-26,21,quantile,0.95,117,median
2020-08-31,2020-08-31,4 wk ahead inc death,2020-09-26,21,quantile,0.975,139,median
2020-08-31,2020-08-31,4 wk ahead inc death,2020-09-26,21,quantile,0.99,164.03,median
2020-08-31,2020-08-31,1 wk ahead inc death,2020-09-05,22,point,,183,median
2020-08-31,2020-08-31,1 wk ahead inc death,2020-09-05,22,quantile,0.01,98,median
2020-08-31,2020-08-31,1 wk ahead inc death,2020-09-05,22,quantile,0.025,102,median
2020-08-31,2020-08-31,1 wk ahead inc death,2020-09-05,22,quantile,0.05,111.95,median
2020-08-31,2020-08-31,1 wk ahead inc death,2020-09-05,22,quantile,0.1,117,median
2020-08-31,2020-08-31,1 wk ahead inc death,2020-09-05,22,quantile,0.15,123,median
2020-08-31,2020-08-31,1 wk ahead inc death,2020-09-05,22,quantile,0.2,131,median
2020-08-31,2020-08-31,1 wk ahead inc death,2020-09-05,22,quantile,0.25,140,median
2020-08-31,2020-08-31,1 wk ahead inc death,2020-09-05,22,quantile,0.3,146,median
2020-08-31,2020-08-31,1 wk ahead inc death,2020-09-05,22,quantile,0.35,156,median
2020-08-31,2020-08-31,1 wk ahead inc death,2020-09-05,22,quantile,0.4,164,median
2020-08-31,2020-08-31,1 wk ahead inc death,2020-09-05,22,quantile,0.45,173,median
2020-08-31,2020-08-31,1 wk ahead inc death,2020-09-05,22,quantile,0.5,183,median
2020-08-31,2020-08-31,1 wk ahead inc death,2020-09-05,22,quantile,0.55,190,median
2020-08-31,2020-08-31,1 wk ahead inc death,2020-09-05,22,quantile,0.6,201,median
2020-08-31,2020-08-31,1 wk ahead inc death,2020-09-05,22,quantile,0.65,210,median
2020-08-31,2020-08-31,1 wk ahead inc death,2020-09-05,22,quantile,0.7,223,median
2020-08-31,2020-08-31,1 wk ahead inc death,2020-09-05,22,quantile,0.75,235,median
2020-08-31,2020-08-31,1 wk ahead inc death,2020-09-05,22,quantile,0.8,249,median
2020-08-31,2020-08-31,1 wk ahead inc death,2020-09-05,22,quantile,0.85,262,median
2020-08-31,2020-08-31,1 wk ahead inc death,2020-09-05,22,quantile,0.9,281,median
2020-08-31,2020-08-31,1 wk ahead inc death,2020-09-05,22,quantile,0.95,305,median
2020-08-31,2020-08-31,1 wk ahead inc death,2020-09-05,22,quantile,0.975,316,median
2020-08-31,2020-08-31,1 wk ahead inc death,2020-09-05,22,quantile,0.99,325,median
2020-08-31,2020-08-31,2 wk ahead inc death,2020-09-12,22,point,,168,median
2020-08-31,2020-08-31,2 wk ahead inc death,2020-09-12,22,quantile,0.01,66,median
2020-08-31,2020-08-31,2 wk ahead inc death,2020-09-12,22,quantile,0.025,72,median
2020-08-31,2020-08-31,2 wk ahead inc death,2020-09-12,22,quantile,0.05,79,median
2020-08-31,2020-08-31,2 wk ahead inc death,2020-09-12,22,quantile,0.1,85,median
2020-08-31,2020-08-31,2 wk ahead inc death,2020-09-12,22,quantile,0.15,97,median
2020-08-31,2020-08-31,2 wk ahead inc death,2020-09-12,22,quantile,0.2,108,median
2020-08-31,2020-08-31,2 wk ahead inc death,2020-09-12,22,quantile,0.25,117,median
2020-08-31,2020-08-31,2 wk ahead inc death,2020-09-12,22,quantile,0.3,127,median
2020-08-31,2020-08-31,2 wk ahead inc death,2020-09-12,22,quantile,0.35,137,median
2020-08-31,2020-08-31,2 wk ahead inc death,2020-09-12,22,quantile,0.4,146,median
2020-08-31,2020-08-31,2 wk ahead inc death,2020-09-12,22,quantile,0.45,156,median
2020-08-31,2020-08-31,2 wk ahead inc death,2020-09-12,22,quantile,0.5,168,median
2020-08-31,2020-08-31,2 wk ahead inc death,2020-09-12,22,quantile,0.55,179,median
2020-08-31,2020-08-31,2 wk ahead inc death,2020-09-12,22,quantile,0.6,189,median
2020-08-31,2020-08-31,2 wk ahead inc death,2020-09-12,22,quantile,0.65,202,median
2020-08-31,2020-08-31,2 wk ahead inc death,2020-09-12,22,quantile,0.7,216,median
2020-08-31,2020-08-31,2 wk ahead inc death,2020-09-12,22,quantile,0.75,236,median
2020-08-31,2020-08-31,2 wk ahead inc death,2020-09-12,22,quantile,0.8,256,median
2020-08-31,2020-08-31,2 wk ahead inc death,2020-09-12,22,quantile,0.85,282,median
2020-08-31,2020-08-31,2 wk ahead inc death,2020-09-12,22,quantile,0.9,299,median
2020-08-31,2020-08-31,2 wk ahead inc death,2020-09-12,22,quantile,0.95,337,median
2020-08-31,2020-08-31,2 wk ahead inc death,2020-09-12,22,quantile,0.975,356,median
2020-08-31,2020-08-31,2 wk ahead inc death,2020-09-12,22,quantile,0.99,367,median
2020-08-31,2020-08-31,3 wk ahead inc death,2020-09-19,22,point,,159,median
2020-08-31,2020-08-31,3 wk ahead inc death,2020-09-19,22,quantile,0.01,52.99,median
2020-08-31,2020-08-31,3 wk ahead inc death,2020-09-19,22,quantile,0.025,66,median
2020-08-31,2020-08-31,3 wk ahead inc death,2020-09-19,22,quantile,0.05,71,median
2020-08-31,2020-08-31,3 wk ahead inc death,2020-09-19,22,quantile,0.1,76,median
2020-08-31,2020-08-31,3 wk ahead inc death,2020-09-19,22,quantile,0.15,80,median
2020-08-31,2020-08-31,3 wk ahead inc death,2020-09-19,22,quantile,0.2,84,median
2020-08-31,2020-08-31,3 wk ahead inc death,2020-09-19,22,quantile,0.25,93,median
2020-08-31,2020-08-31,3 wk ahead inc death,2020-09-19,22,quantile,0.3,103,median
2020-08-31,2020-08-31,3 wk ahead inc death,2020-09-19,22,quantile,0.35,117,median
2020-08-31,2020-08-31,3 wk ahead inc death,2020-09-19,22,quantile,0.4,132,median
2020-08-31,2020-08-31,3 wk ahead inc death,2020-09-19,22,quantile,0.45,144,median
2020-08-31,2020-08-31,3 wk ahead inc death,2020-09-19,22,quantile,0.5,159,median
2020-08-31,2020-08-31,3 wk ahead inc death,2020-09-19,22,quantile,0.55,173,median
2020-08-31,2020-08-31,3 wk ahead inc death,2020-09-19,22,quantile,0.6,190,median
2020-08-31,2020-08-31,3 wk ahead inc death,2020-09-19,22,quantile,0.65,206,median
2020-08-31,2020-08-31,3 wk ahead inc death,2020-09-19,22,quantile,0.7,228,median
2020-08-31,2020-08-31,3 wk ahead inc death,2020-09-19,22,quantile,0.75,250,median
2020-08-31,2020-08-31,3 wk ahead inc death,2020-09-19,22,quantile,0.8,279,median
2020-08-31,2020-08-31,3 wk ahead inc death,2020-09-19,22,quantile,0.85,303,median
2020-08-31,2020-08-31,3 wk ahead inc death,2020-09-19,22,quantile,0.9,338,median
2020-08-31,2020-08-31,3 wk ahead inc death,2020-09-19,22,quantile,0.95,383,median
2020-08-31,2020-08-31,3 wk ahead inc death,2020-09-19,22,quantile,0.975,411,median
2020-08-31,2020-08-31,3 wk ahead inc death,2020-09-19,22,quantile,0.99,440,median
2020-08-31,2020-08-31,4 wk ahead inc death,2020-09-26,22,point,,149,median
2020-08-31,2020-08-31,4 wk ahead inc death,2020-09-26,22,quantile,0.01,51.99,median
2020-08-31,2020-08-31,4 wk ahead inc death,2020-09-26,22,quantile,0.025,57,median
2020-08-31,2020-08-31,4 wk ahead inc death,2020-09-26,22,quantile,0.05,61,median
2020-08-31,2020-08-31,4 wk ahead inc death,2020-09-26,22,quantile,0.1,68,median
2020-08-31,2020-08-31,4 wk ahead inc death,2020-09-26,22,quantile,0.15,72,median
2020-08-31,2020-08-31,4 wk ahead inc death,2020-09-26,22,quantile,0.2,75,median
2020-08-31,2020-08-31,4 wk ahead inc death,2020-09-26,22,quantile,0.25,79,median
2020-08-31,2020-08-31,4 wk ahead inc death,2020-09-26,22,quantile,0.3,87,median
2020-08-31,2020-08-31,4 wk ahead inc death,2020-09-26,22,quantile,0.35,99,median
2020-08-31,2020-08-31,4 wk ahead inc death,2020-09-26,22,quantile,0.4,112,median
2020-08-31,2020-08-31,4 wk ahead inc death,2020-09-26,22,quantile,0.45,128,median
2020-08-31,2020-08-31,4 wk ahead inc death,2020-09-26,22,quantile,0.5,149,median
2020-08-31,2020-08-31,4 wk ahead inc death,2020-09-26,22,quantile,0.55,165,median
2020-08-31,2020-08-31,4 wk ahead inc death,2020-09-26,22,quantile,0.6,184,median
2020-08-31,2020-08-31,4 wk ahead inc death,2020-09-26,22,quantile,0.65,203,median
2020-08-31,2020-08-31,4 wk ahead inc death,2020-09-26,22,quantile,0.7,228,median
2020-08-31,2020-08-31,4 wk ahead inc death,2020-09-26,22,quantile,0.75,254,median
2020-08-31,2020-08-31,4 wk ahead inc death,2020-09-26,22,quantile,0.8,287,median
2020-08-31,2020-08-31,4 wk ahead inc death,2020-09-26,22,quantile,0.85,320,median
2020-08-31,2020-08-31,4 wk ahead inc death,2020-09-26,22,quantile,0.9,363,median
2020-08-31,2020-08-31,4 wk ahead inc death,2020-09-26,22,quantile,0.95,431,median
2020-08-31,2020-08-31,4 wk ahead inc death,2020-09-26,22,quantile,0.975,478,median
2020-08-31,2020-08-31,4 wk ahead inc death,2020-09-26,22,quantile,0.99,517,median
2020-08-31,2020-08-31,1 wk ahead inc death,2020-09-05,23,point,,2,median
2020-08-31,2020-08-31,1 wk ahead inc death,2020-09-05,23,quantile,0.01,0,median
2020-08-31,2020-08-31,1 wk ahead inc death,2020-09-05,23,quantile,0.025,0,median
2020-08-31,2020-08-31,1 wk ahead inc death,2020-09-05,23,quantile,0.05,0,median
2020-08-31,2020-08-31,1 wk ahead inc death,2020-09-05,23,quantile,0.1,0,median
2020-08-31,2020-08-31,1 wk ahead inc death,2020-09-05,23,quantile,0.15,0,median
2020-08-31,2020-08-31,1 wk ahead inc death,2020-09-05,23,quantile,0.2,1,median
2020-08-31,2020-08-31,1 wk ahead inc death,2020-09-05,23,quantile,0.25,1,median
2020-08-31,2020-08-31,1 wk ahead inc death,2020-09-05,23,quantile,0.3,1,median
2020-08-31,2020-08-31,1 wk ahead inc death,2020-09-05,23,quantile,0.35,1,median
2020-08-31,2020-08-31,1 wk ahead inc death,2020-09-05,23,quantile,0.4,1,median
2020-08-31,2020-08-31,1 wk ahead inc death,2020-09-05,23,quantile,0.45,2,median
2020-08-31,2020-08-31,1 wk ahead inc death,2020-09-05,23,quantile,0.5,2,median
2020-08-31,2020-08-31,1 wk ahead inc death,2020-09-05,23,quantile,0.55,2,median
2020-08-31,2020-08-31,1 wk ahead inc death,2020-09-05,23,quantile,0.6,2,median
2020-08-31,2020-08-31,1 wk ahead inc death,2020-09-05,23,quantile,0.65,3,median
2020-08-31,2020-08-31,1 wk ahead inc death,2020-09-05,23,quantile,0.7,3,median
2020-08-31,2020-08-31,1 wk ahead inc death,2020-09-05,23,quantile,0.75,3,median
2020-08-31,2020-08-31,1 wk ahead inc death,2020-09-05,23,quantile,0.8,3,median
2020-08-31,2020-08-31,1 wk ahead inc death,2020-09-05,23,quantile,0.85,4,median
2020-08-31,2020-08-31,1 wk ahead inc death,2020-09-05,23,quantile,0.9,4,median
2020-08-31,2020-08-31,1 wk ahead inc death,2020-09-05,23,quantile,0.95,5,median
2020-08-31,2020-08-31,1 wk ahead inc death,2020-09-05,23,quantile,0.975,5,median
2020-08-31,2020-08-31,1 wk ahead inc death,2020-09-05,23,quantile,0.99,6,median
2020-08-31,2020-08-31,2 wk ahead inc death,2020-09-12,23,point,,3,median
2020-08-31,2020-08-31,2 wk ahead inc death,2020-09-12,23,quantile,0.01,0,median
2020-08-31,2020-08-31,2 wk ahead inc death,2020-09-12,23,quantile,0.025,0,median
2020-08-31,2020-08-31,2 wk ahead inc death,2020-09-12,23,quantile,0.05,0,median
2020-08-31,2020-08-31,2 wk ahead inc death,2020-09-12,23,quantile,0.1,1,median
2020-08-31,2020-08-31,2 wk ahead inc death,2020-09-12,23,quantile,0.15,1,median
2020-08-31,2020-08-31,2 wk ahead inc death,2020-09-12,23,quantile,0.2,1,median
2020-08-31,2020-08-31,2 wk ahead inc death,2020-09-12,23,quantile,0.25,2,median
2020-08-31,2020-08-31,2 wk ahead inc death,2020-09-12,23,quantile,0.3,2,median
2020-08-31,2020-08-31,2 wk ahead inc death,2020-09-12,23,quantile,0.35,2,median
2020-08-31,2020-08-31,2 wk ahead inc death,2020-09-12,23,quantile,0.4,3,median
2020-08-31,2020-08-31,2 wk ahead inc death,2020-09-12,23,quantile,0.45,3,median
2020-08-31,2020-08-31,2 wk ahead inc death,2020-09-12,23,quantile,0.5,3,median
2020-08-31,2020-08-31,2 wk ahead inc death,2020-09-12,23,quantile,0.55,3,median
2020-08-31,2020-08-31,2 wk ahead inc death,2020-09-12,23,quantile,0.6,4,median
2020-08-31,2020-08-31,2 wk ahead inc death,2020-09-12,23,quantile,0.65,4,median
2020-08-31,2020-08-31,2 wk ahead inc death,2020-09-12,23,quantile,0.7,5,median
2020-08-31,2020-08-31,2 wk ahead inc death,2020-09-12,23,quantile,0.75,5,median
2020-08-31,2020-08-31,2 wk ahead inc death,2020-09-12,23,quantile,0.8,5,median
2020-08-31,2020-08-31,2 wk ahead inc death,2020-09-12,23,quantile,0.85,6,median
2020-08-31,2020-08-31,2 wk ahead inc death,2020-09-12,23,quantile,0.9,7,median
2020-08-31,2020-08-31,2 wk ahead inc death,2020-09-12,23,quantile,0.95,8,median
2020-08-31,2020-08-31,2 wk ahead inc death,2020-09-12,23,quantile,0.975,9,median
2020-08-31,2020-08-31,2 wk ahead inc death,2020-09-12,23,quantile,0.99,10,median
2020-08-31,2020-08-31,3 wk ahead inc death,2020-09-19,23,point,,3,median
2020-08-31,2020-08-31,3 wk ahead inc death,2020-09-19,23,quantile,0.01,0,median
2020-08-31,2020-08-31,3 wk ahead inc death,2020-09-19,23,quantile,0.025,0,median
2020-08-31,2020-08-31,3 wk ahead inc death,2020-09-19,23,quantile,0.05,0,median
2020-08-31,2020-08-31,3 wk ahead inc death,2020-09-19,23,quantile,0.1,1,median
2020-08-31,2020-08-31,3 wk ahead inc death,2020-09-19,23,quantile,0.15,1,median
2020-08-31,2020-08-31,3 wk ahead inc death,2020-09-19,23,quantile,0.2,2,median
2020-08-31,2020-08-31,3 wk ahead inc death,2020-09-19,23,quantile,0.25,2,median
2020-08-31,2020-08-31,3 wk ahead inc death,2020-09-19,23,quantile,0.3,2,median
2020-08-31,2020-08-31,3 wk ahead inc death,2020-09-19,23,quantile,0.35,2.65000000000003,median
2020-08-31,2020-08-31,3 wk ahead inc death,2020-09-19,23,quantile,0.4,3,median
2020-08-31,2020-08-31,3 wk ahead inc death,2020-09-19,23,quantile,0.45,3,median
2020-08-31,2020-08-31,3 wk ahead inc death,2020-09-19,23,quantile,0.5,3,median
2020-08-31,2020-08-31,3 wk ahead inc death,2020-09-19,23,quantile,0.55,4,median
2020-08-31,2020-08-31,3 wk ahead inc death,2020-09-19,23,quantile,0.6,4,median
2020-08-31,2020-08-31,3 wk ahead inc death,2020-09-19,23,quantile,0.65,4,median
2020-08-31,2020-08-31,3 wk ahead inc death,2020-09-19,23,quantile,0.7,5,median
2020-08-31,2020-08-31,3 wk ahead inc death,2020-09-19,23,quantile,0.75,5,median
2020-08-31,2020-08-31,3 wk ahead inc death,2020-09-19,23,quantile,0.8,6,median
2020-08-31,2020-08-31,3 wk ahead inc death,2020-09-19,23,quantile,0.85,7,median
2020-08-31,2020-08-31,3 wk ahead inc death,2020-09-19,23,quantile,0.9,8,median
2020-08-31,2020-08-31,3 wk ahead inc death,2020-09-19,23,quantile,0.95,9,median
2020-08-31,2020-08-31,3 wk ahead inc death,2020-09-19,23,quantile,0.975,11,median
2020-08-31,2020-08-31,3 wk ahead inc death,2020-09-19,23,quantile,0.99,11,median
2020-08-31,2020-08-31,4 wk ahead inc death,2020-09-26,23,point,,4,median
2020-08-31,2020-08-31,4 wk ahead inc death,2020-09-26,23,quantile,0.01,0,median
2020-08-31,2020-08-31,4 wk ahead inc death,2020-09-26,23,quantile,0.025,0,median
2020-08-31,2020-08-31,4 wk ahead inc death,2020-09-26,23,quantile,0.05,1,median
2020-08-31,2020-08-31,4 wk ahead inc death,2020-09-26,23,quantile,0.1,1,median
2020-08-31,2020-08-31,4 wk ahead inc death,2020-09-26,23,quantile,0.15,1,median
2020-08-31,2020-08-31,4 wk ahead inc death,2020-09-26,23,quantile,0.2,2,median
2020-08-31,2020-08-31,4 wk ahead inc death,2020-09-26,23,quantile,0.25,2,median
2020-08-31,2020-08-31,4 wk ahead inc death,2020-09-26,23,quantile,0.3,2,median
2020-08-31,2020-08-31,4 wk ahead inc death,2020-09-26,23,quantile,0.35,3,median
2020-08-31,2020-08-31,4 wk ahead inc death,2020-09-26,23,quantile,0.4,3,median
2020-08-31,2020-08-31,4 wk ahead inc death,2020-09-26,23,quantile,0.45,3,median
2020-08-31,2020-08-31,4 wk ahead inc death,2020-09-26,23,quantile,0.5,4,median
2020-08-31,2020-08-31,4 wk ahead inc death,2020-09-26,23,quantile,0.55,4,median
2020-08-31,2020-08-31,4 wk ahead inc death,2020-09-26,23,quantile,0.6,5,median
2020-08-31,2020-08-31,4 wk ahead inc death,2020-09-26,23,quantile,0.65,5,median
2020-08-31,2020-08-31,4 wk ahead inc death,2020-09-26,23,quantile,0.7,6,median
2020-08-31,2020-08-31,4 wk ahead inc death,2020-09-26,23,quantile,0.75,6,median
2020-08-31,2020-08-31,4 wk ahead inc death,2020-09-26,23,quantile,0.8,7,median
2020-08-31,2020-08-31,4 wk ahead inc death,2020-09-26,23,quantile,0.85,8,median
2020-08-31,2020-08-31,4 wk ahead inc death,2020-09-26,23,quantile,0.9,9,median
2020-08-31,2020-08-31,4 wk ahead inc death,2020-09-26,23,quantile,0.95,11,median
2020-08-31,2020-08-31,4 wk ahead inc death,2020-09-26,23,quantile,0.975,12,median
2020-08-31,2020-08-31,4 wk ahead inc death,2020-09-26,23,quantile,0.99,14,median
2020-08-31,2020-08-31,1 wk ahead inc death,2020-09-05,24,point,,48,median
2020-08-31,2020-08-31,1 wk ahead inc death,2020-09-05,24,quantile,0.01,26,median
2020-08-31,2020-08-31,1 wk ahead inc death,2020-09-05,24,quantile,0.025,29.975,median
2020-08-31,2020-08-31,1 wk ahead inc death,2020-09-05,24,quantile,0.05,32,median
2020-08-31,2020-08-31,1 wk ahead inc death,2020-09-05,24,quantile,0.1,35,median
2020-08-31,2020-08-31,1 wk ahead inc death,2020-09-05,24,quantile,0.15,37,median
2020-08-31,2020-08-31,1 wk ahead inc death,2020-09-05,24,quantile,0.2,39,median
2020-08-31,2020-08-31,1 wk ahead inc death,2020-09-05,24,quantile,0.25,40,median
2020-08-31,2020-08-31,1 wk ahead inc death,2020-09-05,24,quantile,0.3,42,median
2020-08-31,2020-08-31,1 wk ahead inc death,2020-09-05,24,quantile,0.35,43,median
2020-08-31,2020-08-31,1 wk ahead inc death,2020-09-05,24,quantile,0.4,45,median
2020-08-31,2020-08-31,1 wk ahead inc death,2020-09-05,24,quantile,0.45,46.55,median
2020-08-31,2020-08-31,1 wk ahead inc death,2020-09-05,24,quantile,0.5,48,median
2020-08-31,2020-08-31,1 wk ahead inc death,2020-09-05,24,quantile,0.55,49,median
2020-08-31,2020-08-31,1 wk ahead inc death,2020-09-05,24,quantile,0.6,51,median
2020-08-31,2020-08-31,1 wk ahead inc death,2020-09-05,24,quantile,0.65,52,median
2020-08-31,2020-08-31,1 wk ahead inc death,2020-09-05,24,quantile,0.7,54,median
2020-08-31,2020-08-31,1 wk ahead inc death,2020-09-05,24,quantile,0.75,55,median
2020-08-31,2020-08-31,1 wk ahead inc death,2020-09-05,24,quantile,0.8,57,median
2020-08-31,2020-08-31,1 wk ahead inc death,2020-09-05,24,quantile,0.85,61,median
2020-08-31,2020-08-31,1 wk ahead inc death,2020-09-05,24,quantile,0.9,64,median
2020-08-31,2020-08-31,1 wk ahead inc death,2020-09-05,24,quantile,0.95,70,median
2020-08-31,2020-08-31,1 wk ahead inc death,2020-09-05,24,quantile,0.975,72,median
2020-08-31,2020-08-31,1 wk ahead inc death,2020-09-05,24,quantile,0.99,73,median
2020-08-31,2020-08-31,2 wk ahead inc death,2020-09-12,24,point,,51,median
2020-08-31,2020-08-31,2 wk ahead inc death,2020-09-12,24,quantile,0.01,22,median
2020-08-31,2020-08-31,2 wk ahead inc death,2020-09-12,24,quantile,0.025,25,median
2020-08-31,2020-08-31,2 wk ahead inc death,2020-09-12,24,quantile,0.05,27,median
2020-08-31,2020-08-31,2 wk ahead inc death,2020-09-12,24,quantile,0.1,30,median
2020-08-31,2020-08-31,2 wk ahead inc death,2020-09-12,24,quantile,0.15,32,median
2020-08-31,2020-08-31,2 wk ahead inc death,2020-09-12,24,quantile,0.2,35,median
2020-08-31,2020-08-31,2 wk ahead inc death,2020-09-12,24,quantile,0.25,38,median
2020-08-31,2020-08-31,2 wk ahead inc death,2020-09-12,24,quantile,0.3,40,median
2020-08-31,2020-08-31,2 wk ahead inc death,2020-09-12,24,quantile,0.35,43,median
2020-08-31,2020-08-31,2 wk ahead inc death,2020-09-12,24,quantile,0.4,45,median
2020-08-31,2020-08-31,2 wk ahead inc death,2020-09-12,24,quantile,0.45,48,median
2020-08-31,2020-08-31,2 wk ahead inc death,2020-09-12,24,quantile,0.5,51,median
2020-08-31,2020-08-31,2 wk ahead inc death,2020-09-12,24,quantile,0.55,53,median
2020-08-31,2020-08-31,2 wk ahead inc death,2020-09-12,24,quantile,0.6,55,median
2020-08-31,2020-08-31,2 wk ahead inc death,2020-09-12,24,quantile,0.65,57,median
2020-08-31,2020-08-31,2 wk ahead inc death,2020-09-12,24,quantile,0.7,59,median
2020-08-31,2020-08-31,2 wk ahead inc death,2020-09-12,24,quantile,0.75,62,median
2020-08-31,2020-08-31,2 wk ahead inc death,2020-09-12,24,quantile,0.8,64,median
2020-08-31,2020-08-31,2 wk ahead inc death,2020-09-12,24,quantile,0.85,67,median
2020-08-31,2020-08-31,2 wk ahead inc death,2020-09-12,24,quantile,0.9,71,median
2020-08-31,2020-08-31,2 wk ahead inc death,2020-09-12,24,quantile,0.95,78,median
2020-08-31,2020-08-31,2 wk ahead inc death,2020-09-12,24,quantile,0.975,81,median
2020-08-31,2020-08-31,2 wk ahead inc death,2020-09-12,24,quantile,0.99,83,median
2020-08-31,2020-08-31,3 wk ahead inc death,2020-09-19,24,point,,50,median
2020-08-31,2020-08-31,3 wk ahead inc death,2020-09-19,24,quantile,0.01,19,median
2020-08-31,2020-08-31,3 wk ahead inc death,2020-09-19,24,quantile,0.025,21,median
2020-08-31,2020-08-31,3 wk ahead inc death,2020-09-19,24,quantile,0.05,24,median
2020-08-31,2020-08-31,3 wk ahead inc death,2020-09-19,24,quantile,0.1,28.9,median
2020-08-31,2020-08-31,3 wk ahead inc death,2020-09-19,24,quantile,0.15,33,median
2020-08-31,2020-08-31,3 wk ahead inc death,2020-09-19,24,quantile,0.2,37,median
2020-08-31,2020-08-31,3 wk ahead inc death,2020-09-19,24,quantile,0.25,40,median
2020-08-31,2020-08-31,3 wk ahead inc death,2020-09-19,24,quantile,0.3,42,median
2020-08-31,2020-08-31,3 wk ahead inc death,2020-09-19,24,quantile,0.35,44,median
2020-08-31,2020-08-31,3 wk ahead inc death,2020-09-19,24,quantile,0.4,46,median
2020-08-31,2020-08-31,3 wk ahead inc death,2020-09-19,24,quantile,0.45,48,median
2020-08-31,2020-08-31,3 wk ahead inc death,2020-09-19,24,quantile,0.5,50,median
2020-08-31,2020-08-31,3 wk ahead inc death,2020-09-19,24,quantile,0.55,53,median
2020-08-31,2020-08-31,3 wk ahead inc death,2020-09-19,24,quantile,0.6,55,median
2020-08-31,2020-08-31,3 wk ahead inc death,2020-09-19,24,quantile,0.65,57,median
2020-08-31,2020-08-31,3 wk ahead inc death,2020-09-19,24,quantile,0.7,60,median
2020-08-31,2020-08-31,3 wk ahead inc death,2020-09-19,24,quantile,0.75,63,median
2020-08-31,2020-08-31,3 wk ahead inc death,2020-09-19,24,quantile,0.8,67,median
2020-08-31,2020-08-31,3 wk ahead inc death,2020-09-19,24,quantile,0.85,72,median
2020-08-31,2020-08-31,3 wk ahead inc death,2020-09-19,24,quantile,0.9,79.0000000000002,median
2020-08-31,2020-08-31,3 wk ahead inc death,2020-09-19,24,quantile,0.95,89,median
2020-08-31,2020-08-31,3 wk ahead inc death,2020-09-19,24,quantile,0.975,97,median
2020-08-31,2020-08-31,3 wk ahead inc death,2020-09-19,24,quantile,0.99,100,median
2020-08-31,2020-08-31,4 wk ahead inc death,2020-09-26,24,point,,48,median
2020-08-31,2020-08-31,4 wk ahead inc death,2020-09-26,24,quantile,0.01,13,median
2020-08-31,2020-08-31,4 wk ahead inc death,2020-09-26,24,quantile,0.025,19,median
2020-08-31,2020-08-31,4 wk ahead inc death,2020-09-26,24,quantile,0.05,24,median
2020-08-31,2020-08-31,4 wk ahead inc death,2020-09-26,24,quantile,0.1,29,median
2020-08-31,2020-08-31,4 wk ahead inc death,2020-09-26,24,quantile,0.15,32,median
2020-08-31,2020-08-31,4 wk ahead inc death,2020-09-26,24,quantile,0.2,34,median
2020-08-31,2020-08-31,4 wk ahead inc death,2020-09-26,24,quantile,0.25,37,median
2020-08-31,2020-08-31,4 wk ahead inc death,2020-09-26,24,quantile,0.3,39,median
2020-08-31,2020-08-31,4 wk ahead inc death,2020-09-26,24,quantile,0.35,42,median
2020-08-31,2020-08-31,4 wk ahead inc death,2020-09-26,24,quantile,0.4,44,median
2020-08-31,2020-08-31,4 wk ahead inc death,2020-09-26,24,quantile,0.45,46,median
2020-08-31,2020-08-31,4 wk ahead inc death,2020-09-26,24,quantile,0.5,48,median
2020-08-31,2020-08-31,4 wk ahead inc death,2020-09-26,24,quantile,0.55,51,median
2020-08-31,2020-08-31,4 wk ahead inc death,2020-09-26,24,quantile,0.6,54,median
2020-08-31,2020-08-31,4 wk ahead inc death,2020-09-26,24,quantile,0.65,57,median
2020-08-31,2020-08-31,4 wk ahead inc death,2020-09-26,24,quantile,0.7,60,median
2020-08-31,2020-08-31,4 wk ahead inc death,2020-09-26,24,quantile,0.75,64,median
2020-08-31,2020-08-31,4 wk ahead inc death,2020-09-26,24,quantile,0.8,69,median
2020-08-31,2020-08-31,4 wk ahead inc death,2020-09-26,24,quantile,0.85,76,median
2020-08-31,2020-08-31,4 wk ahead inc death,2020-09-26,24,quantile,0.9,86,median
2020-08-31,2020-08-31,4 wk ahead inc death,2020-09-26,24,quantile,0.95,102,median
2020-08-31,2020-08-31,4 wk ahead inc death,2020-09-26,24,quantile,0.975,117,median
2020-08-31,2020-08-31,4 wk ahead inc death,2020-09-26,24,quantile,0.99,126,median
2020-08-31,2020-08-31,1 wk ahead inc death,2020-09-05,25,point,,107,median
2020-08-31,2020-08-31,1 wk ahead inc death,2020-09-05,25,quantile,0.01,57.99,median
2020-08-31,2020-08-31,1 wk ahead inc death,2020-09-05,25,quantile,0.025,63,median
2020-08-31,2020-08-31,1 wk ahead inc death,2020-09-05,25,quantile,0.05,68,median
2020-08-31,2020-08-31,1 wk ahead inc death,2020-09-05,25,quantile,0.1,77,median
2020-08-31,2020-08-31,1 wk ahead inc death,2020-09-05,25,quantile,0.15,83,median
2020-08-31,2020-08-31,1 wk ahead inc death,2020-09-05,25,quantile,0.2,87,median
2020-08-31,2020-08-31,1 wk ahead inc death,2020-09-05,25,quantile,0.25,91,median
2020-08-31,2020-08-31,1 wk ahead inc death,2020-09-05,25,quantile,0.3,95,median
2020-08-31,2020-08-31,1 wk ahead inc death,2020-09-05,25,quantile,0.35,99,median
2020-08-31,2020-08-31,1 wk ahead inc death,2020-09-05,25,quantile,0.4,101,median
2020-08-31,2020-08-31,1 wk ahead inc death,2020-09-05,25,quantile,0.45,104,median
2020-08-31,2020-08-31,1 wk ahead inc death,2020-09-05,25,quantile,0.5,107,median
2020-08-31,2020-08-31,1 wk ahead inc death,2020-09-05,25,quantile,0.55,111,median
2020-08-31,2020-08-31,1 wk ahead inc death,2020-09-05,25,quantile,0.6,114,median
2020-08-31,2020-08-31,1 wk ahead inc death,2020-09-05,25,quantile,0.65,117,median
2020-08-31,2020-08-31,1 wk ahead inc death,2020-09-05,25,quantile,0.7,121,median
2020-08-31,2020-08-31,1 wk ahead inc death,2020-09-05,25,quantile,0.75,126,median
2020-08-31,2020-08-31,1 wk ahead inc death,2020-09-05,25,quantile,0.8,132,median
2020-08-31,2020-08-31,1 wk ahead inc death,2020-09-05,25,quantile,0.85,138,median
2020-08-31,2020-08-31,1 wk ahead inc death,2020-09-05,25,quantile,0.9,147,median
2020-08-31,2020-08-31,1 wk ahead inc death,2020-09-05,25,quantile,0.95,160,median
2020-08-31,2020-08-31,1 wk ahead inc death,2020-09-05,25,quantile,0.975,165,median
2020-08-31,2020-08-31,1 wk ahead inc death,2020-09-05,25,quantile,0.99,168,median
2020-08-31,2020-08-31,2 wk ahead inc death,2020-09-12,25,point,,117,median
2020-08-31,2020-08-31,2 wk ahead inc death,2020-09-12,25,quantile,0.01,51.99,median
2020-08-31,2020-08-31,2 wk ahead inc death,2020-09-12,25,quantile,0.025,59,median
2020-08-31,2020-08-31,2 wk ahead inc death,2020-09-12,25,quantile,0.05,68,median
2020-08-31,2020-08-31,2 wk ahead inc death,2020-09-12,25,quantile,0.1,78.9,median
2020-08-31,2020-08-31,2 wk ahead inc death,2020-09-12,25,quantile,0.15,84,median
2020-08-31,2020-08-31,2 wk ahead inc death,2020-09-12,25,quantile,0.2,89,median
2020-08-31,2020-08-31,2 wk ahead inc death,2020-09-12,25,quantile,0.25,95,median
2020-08-31,2020-08-31,2 wk ahead inc death,2020-09-12,25,quantile,0.3,98,median
2020-08-31,2020-08-31,2 wk ahead inc death,2020-09-12,25,quantile,0.35,103,median
2020-08-31,2020-08-31,2 wk ahead inc death,2020-09-12,25,quantile,0.4,107,median
2020-08-31,2020-08-31,2 wk ahead inc death,2020-09-12,25,quantile,0.45,112,median
2020-08-31,2020-08-31,2 wk ahead inc death,2020-09-12,25,quantile,0.5,117,median
2020-08-31,2020-08-31,2 wk ahead inc death,2020-09-12,25,quantile,0.55,121,median
2020-08-31,2020-08-31,2 wk ahead inc death,2020-09-12,25,quantile,0.6,125,median
2020-08-31,2020-08-31,2 wk ahead inc death,2020-09-12,25,quantile,0.65,131,median
2020-08-31,2020-08-31,2 wk ahead inc death,2020-09-12,25,quantile,0.7,137,median
2020-08-31,2020-08-31,2 wk ahead inc death,2020-09-12,25,quantile,0.75,145.25,median
2020-08-31,2020-08-31,2 wk ahead inc death,2020-09-12,25,quantile,0.8,152,median
2020-08-31,2020-08-31,2 wk ahead inc death,2020-09-12,25,quantile,0.85,159.15,median
2020-08-31,2020-08-31,2 wk ahead inc death,2020-09-12,25,quantile,0.9,171.1,median
2020-08-31,2020-08-31,2 wk ahead inc death,2020-09-12,25,quantile,0.95,188.05,median
2020-08-31,2020-08-31,2 wk ahead inc death,2020-09-12,25,quantile,0.975,204,median
2020-08-31,2020-08-31,2 wk ahead inc death,2020-09-12,25,quantile,0.99,229,median
2020-08-31,2020-08-31,3 wk ahead inc death,2020-09-19,25,point,,127,median
2020-08-31,2020-08-31,3 wk ahead inc death,2020-09-19,25,quantile,0.01,57,median
2020-08-31,2020-08-31,3 wk ahead inc death,2020-09-19,25,quantile,0.025,62,median
2020-08-31,2020-08-31,3 wk ahead inc death,2020-09-19,25,quantile,0.05,66,median
2020-08-31,2020-08-31,3 wk ahead inc death,2020-09-19,25,quantile,0.1,74,median
2020-08-31,2020-08-31,3 wk ahead inc death,2020-09-19,25,quantile,0.15,85,median
2020-08-31,2020-08-31,3 wk ahead inc death,2020-09-19,25,quantile,0.2,93,median
2020-08-31,2020-08-31,3 wk ahead inc death,2020-09-19,25,quantile,0.25,101,median
2020-08-31,2020-08-31,3 wk ahead inc death,2020-09-19,25,quantile,0.3,106,median
2020-08-31,2020-08-31,3 wk ahead inc death,2020-09-19,25,quantile,0.35,113,median
2020-08-31,2020-08-31,3 wk ahead inc death,2020-09-19,25,quantile,0.4,118,median
2020-08-31,2020-08-31,3 wk ahead inc death,2020-09-19,25,quantile,0.45,122,median
2020-08-31,2020-08-31,3 wk ahead inc death,2020-09-19,25,quantile,0.5,127,median
2020-08-31,2020-08-31,3 wk ahead inc death,2020-09-19,25,quantile,0.55,132,median
2020-08-31,2020-08-31,3 wk ahead inc death,2020-09-19,25,quantile,0.6,140,median
2020-08-31,2020-08-31,3 wk ahead inc death,2020-09-19,25,quantile,0.65,150,median
2020-08-31,2020-08-31,3 wk ahead inc death,2020-09-19,25,quantile,0.7,156,median
2020-08-31,2020-08-31,3 wk ahead inc death,2020-09-19,25,quantile,0.75,164,median
2020-08-31,2020-08-31,3 wk ahead inc death,2020-09-19,25,quantile,0.8,172,median
2020-08-31,2020-08-31,3 wk ahead inc death,2020-09-19,25,quantile,0.85,181,median
2020-08-31,2020-08-31,3 wk ahead inc death,2020-09-19,25,quantile,0.9,193,median
2020-08-31,2020-08-31,3 wk ahead inc death,2020-09-19,25,quantile,0.95,217.1,median
2020-08-31,2020-08-31,3 wk ahead inc death,2020-09-19,25,quantile,0.975,242,median
2020-08-31,2020-08-31,3 wk ahead inc death,2020-09-19,25,quantile,0.99,266.02,median
2020-08-31,2020-08-31,4 wk ahead inc death,2020-09-26,25,point,,136,median
2020-08-31,2020-08-31,4 wk ahead inc death,2020-09-26,25,quantile,0.01,49,median
2020-08-31,2020-08-31,4 wk ahead inc death,2020-09-26,25,quantile,0.025,51,median
2020-08-31,2020-08-31,4 wk ahead inc death,2020-09-26,25,quantile,0.05,56,median
2020-08-31,2020-08-31,4 wk ahead inc death,2020-09-26,25,quantile,0.1,68,median
2020-08-31,2020-08-31,4 wk ahead inc death,2020-09-26,25,quantile,0.15,80,median
2020-08-31,2020-08-31,4 wk ahead inc death,2020-09-26,25,quantile,0.2,92,median
2020-08-31,2020-08-31,4 wk ahead inc death,2020-09-26,25,quantile,0.25,100,median
2020-08-31,2020-08-31,4 wk ahead inc death,2020-09-26,25,quantile,0.3,109,median
2020-08-31,2020-08-31,4 wk ahead inc death,2020-09-26,25,quantile,0.35,116.65,median
2020-08-31,2020-08-31,4 wk ahead inc death,2020-09-26,25,quantile,0.4,123,median
2020-08-31,2020-08-31,4 wk ahead inc death,2020-09-26,25,quantile,0.45,129,median
2020-08-31,2020-08-31,4 wk ahead inc death,2020-09-26,25,quantile,0.5,136,median
2020-08-31,2020-08-31,4 wk ahead inc death,2020-09-26,25,quantile,0.55,144,median
2020-08-31,2020-08-31,4 wk ahead inc death,2020-09-26,25,quantile,0.6,153,median
2020-08-31,2020-08-31,4 wk ahead inc death,2020-09-26,25,quantile,0.65,166,median
2020-08-31,2020-08-31,4 wk ahead inc death,2020-09-26,25,quantile,0.7,180,median
2020-08-31,2020-08-31,4 wk ahead inc death,2020-09-26,25,quantile,0.75,190,median
2020-08-31,2020-08-31,4 wk ahead inc death,2020-09-26,25,quantile,0.8,204,median
2020-08-31,2020-08-31,4 wk ahead inc death,2020-09-26,25,quantile,0.85,220.15,median
2020-08-31,2020-08-31,4 wk ahead inc death,2020-09-26,25,quantile,0.9,239.1,median
2020-08-31,2020-08-31,4 wk ahead inc death,2020-09-26,25,quantile,0.95,276,median
2020-08-31,2020-08-31,4 wk ahead inc death,2020-09-26,25,quantile,0.975,313.025,median
2020-08-31,2020-08-31,4 wk ahead inc death,2020-09-26,25,quantile,0.99,354.1,median
2020-08-31,2020-08-31,1 wk ahead inc death,2020-09-05,26,point,,104,median
2020-08-31,2020-08-31,1 wk ahead inc death,2020-09-05,26,quantile,0.01,53,median
2020-08-31,2020-08-31,1 wk ahead inc death,2020-09-05,26,quantile,0.025,58,median
2020-08-31,2020-08-31,1 wk ahead inc death,2020-09-05,26,quantile,0.05,63,median
2020-08-31,2020-08-31,1 wk ahead inc death,2020-09-05,26,quantile,0.1,68,median
2020-08-31,2020-08-31,1 wk ahead inc death,2020-09-05,26,quantile,0.15,74.85,median
2020-08-31,2020-08-31,1 wk ahead inc death,2020-09-05,26,quantile,0.2,78,median
2020-08-31,2020-08-31,1 wk ahead inc death,2020-09-05,26,quantile,0.25,83,median
2020-08-31,2020-08-31,1 wk ahead inc death,2020-09-05,26,quantile,0.3,87,median
2020-08-31,2020-08-31,1 wk ahead inc death,2020-09-05,26,quantile,0.35,91,median
2020-08-31,2020-08-31,1 wk ahead inc death,2020-09-05,26,quantile,0.4,95,median
2020-08-31,2020-08-31,1 wk ahead inc death,2020-09-05,26,quantile,0.45,99,median
2020-08-31,2020-08-31,1 wk ahead inc death,2020-09-05,26,quantile,0.5,104,median
2020-08-31,2020-08-31,1 wk ahead inc death,2020-09-05,26,quantile,0.55,109,median
2020-08-31,2020-08-31,1 wk ahead inc death,2020-09-05,26,quantile,0.6,115,median
2020-08-31,2020-08-31,1 wk ahead inc death,2020-09-05,26,quantile,0.65,121,median
2020-08-31,2020-08-31,1 wk ahead inc death,2020-09-05,26,quantile,0.7,126,median
2020-08-31,2020-08-31,1 wk ahead inc death,2020-09-05,26,quantile,0.75,133.25,median
2020-08-31,2020-08-31,1 wk ahead inc death,2020-09-05,26,quantile,0.8,141,median
2020-08-31,2020-08-31,1 wk ahead inc death,2020-09-05,26,quantile,0.85,150.15,median
2020-08-31,2020-08-31,1 wk ahead inc death,2020-09-05,26,quantile,0.9,163,median
2020-08-31,2020-08-31,1 wk ahead inc death,2020-09-05,26,quantile,0.95,186,median
2020-08-31,2020-08-31,1 wk ahead inc death,2020-09-05,26,quantile,0.975,217,median
2020-08-31,2020-08-31,1 wk ahead inc death,2020-09-05,26,quantile,0.99,245.01,median
2020-08-31,2020-08-31,2 wk ahead inc death,2020-09-12,26,point,,89.5,median
2020-08-31,2020-08-31,2 wk ahead inc death,2020-09-12,26,quantile,0.01,23,median
2020-08-31,2020-08-31,2 wk ahead inc death,2020-09-12,26,quantile,0.025,30,median
2020-08-31,2020-08-31,2 wk ahead inc death,2020-09-12,26,quantile,0.05,37,median
2020-08-31,2020-08-31,2 wk ahead inc death,2020-09-12,26,quantile,0.1,46,median
2020-08-31,2020-08-31,2 wk ahead inc death,2020-09-12,26,quantile,0.15,52,median
2020-08-31,2020-08-31,2 wk ahead inc death,2020-09-12,26,quantile,0.2,57,median
2020-08-31,2020-08-31,2 wk ahead inc death,2020-09-12,26,quantile,0.25,63,median
2020-08-31,2020-08-31,2 wk ahead inc death,2020-09-12,26,quantile,0.3,68,median
2020-08-31,2020-08-31,2 wk ahead inc death,2020-09-12,26,quantile,0.35,72.65,median
2020-08-31,2020-08-31,2 wk ahead inc death,2020-09-12,26,quantile,0.4,78,median
2020-08-31,2020-08-31,2 wk ahead inc death,2020-09-12,26,quantile,0.45,83.55,median
2020-08-31,2020-08-31,2 wk ahead inc death,2020-09-12,26,quantile,0.5,89.5,median
2020-08-31,2020-08-31,2 wk ahead inc death,2020-09-12,26,quantile,0.55,95,median
2020-08-31,2020-08-31,2 wk ahead inc death,2020-09-12,26,quantile,0.6,101,median
2020-08-31,2020-08-31,2 wk ahead inc death,2020-09-12,26,quantile,0.65,108,median
2020-08-31,2020-08-31,2 wk ahead inc death,2020-09-12,26,quantile,0.7,117,median
2020-08-31,2020-08-31,2 wk ahead inc death,2020-09-12,26,quantile,0.75,124.25,median
2020-08-31,2020-08-31,2 wk ahead inc death,2020-09-12,26,quantile,0.8,136,median
2020-08-31,2020-08-31,2 wk ahead inc death,2020-09-12,26,quantile,0.85,147,median
2020-08-31,2020-08-31,2 wk ahead inc death,2020-09-12,26,quantile,0.9,168,median
2020-08-31,2020-08-31,2 wk ahead inc death,2020-09-12,26,quantile,0.95,198,median
2020-08-31,2020-08-31,2 wk ahead inc death,2020-09-12,26,quantile,0.975,229.025,median
2020-08-31,2020-08-31,2 wk ahead inc death,2020-09-12,26,quantile,0.99,264.04,median
2020-08-31,2020-08-31,3 wk ahead inc death,2020-09-19,26,point,,103,median
2020-08-31,2020-08-31,3 wk ahead inc death,2020-09-19,26,quantile,0.01,26.99,median
2020-08-31,2020-08-31,3 wk ahead inc death,2020-09-19,26,quantile,0.025,32,median
2020-08-31,2020-08-31,3 wk ahead inc death,2020-09-19,26,quantile,0.05,42,median
2020-08-31,2020-08-31,3 wk ahead inc death,2020-09-19,26,quantile,0.1,51,median
2020-08-31,2020-08-31,3 wk ahead inc death,2020-09-19,26,quantile,0.15,59,median
2020-08-31,2020-08-31,3 wk ahead inc death,2020-09-19,26,quantile,0.2,65,median
2020-08-31,2020-08-31,3 wk ahead inc death,2020-09-19,26,quantile,0.25,72,median
2020-08-31,2020-08-31,3 wk ahead inc death,2020-09-19,26,quantile,0.3,78,median
2020-08-31,2020-08-31,3 wk ahead inc death,2020-09-19,26,quantile,0.35,86,median
2020-08-31,2020-08-31,3 wk ahead inc death,2020-09-19,26,quantile,0.4,91,median
2020-08-31,2020-08-31,3 wk ahead inc death,2020-09-19,26,quantile,0.45,97,median
2020-08-31,2020-08-31,3 wk ahead inc death,2020-09-19,26,quantile,0.5,103,median
2020-08-31,2020-08-31,3 wk ahead inc death,2020-09-19,26,quantile,0.55,110,median
2020-08-31,2020-08-31,3 wk ahead inc death,2020-09-19,26,quantile,0.6,118,median
2020-08-31,2020-08-31,3 wk ahead inc death,2020-09-19,26,quantile,0.65,125.35,median
2020-08-31,2020-08-31,3 wk ahead inc death,2020-09-19,26,quantile,0.7,134,median
2020-08-31,2020-08-31,3 wk ahead inc death,2020-09-19,26,quantile,0.75,143,median
2020-08-31,2020-08-31,3 wk ahead inc death,2020-09-19,26,quantile,0.8,155,median
2020-08-31,2020-08-31,3 wk ahead inc death,2020-09-19,26,quantile,0.85,173,median
2020-08-31,2020-08-31,3 wk ahead inc death,2020-09-19,26,quantile,0.9,199.1,median
2020-08-31,2020-08-31,3 wk ahead inc death,2020-09-19,26,quantile,0.95,237,median
2020-08-31,2020-08-31,3 wk ahead inc death,2020-09-19,26,quantile,0.975,284.05,median
2020-08-31,2020-08-31,3 wk ahead inc death,2020-09-19,26,quantile,0.99,349.01,median
2020-08-31,2020-08-31,4 wk ahead inc death,2020-09-26,26,point,,118,median
2020-08-31,2020-08-31,4 wk ahead inc death,2020-09-26,26,quantile,0.01,29.99,median
2020-08-31,2020-08-31,4 wk ahead inc death,2020-09-26,26,quantile,0.025,36.975,median
2020-08-31,2020-08-31,4 wk ahead inc death,2020-09-26,26,quantile,0.05,43,median
2020-08-31,2020-08-31,4 wk ahead inc death,2020-09-26,26,quantile,0.1,57,median
2020-08-31,2020-08-31,4 wk ahead inc death,2020-09-26,26,quantile,0.15,64.85,median
2020-08-31,2020-08-31,4 wk ahead inc death,2020-09-26,26,quantile,0.2,72,median
2020-08-31,2020-08-31,4 wk ahead inc death,2020-09-26,26,quantile,0.25,79,median
2020-08-31,2020-08-31,4 wk ahead inc death,2020-09-26,26,quantile,0.3,86.7,median
2020-08-31,2020-08-31,4 wk ahead inc death,2020-09-26,26,quantile,0.35,94,median
2020-08-31,2020-08-31,4 wk ahead inc death,2020-09-26,26,quantile,0.4,102,median
2020-08-31,2020-08-31,4 wk ahead inc death,2020-09-26,26,quantile,0.45,110,median
2020-08-31,2020-08-31,4 wk ahead inc death,2020-09-26,26,quantile,0.5,118,median
2020-08-31,2020-08-31,4 wk ahead inc death,2020-09-26,26,quantile,0.55,127.45,median
2020-08-31,2020-08-31,4 wk ahead inc death,2020-09-26,26,quantile,0.6,138.4,median
2020-08-31,2020-08-31,4 wk ahead inc death,2020-09-26,26,quantile,0.65,148,median
2020-08-31,2020-08-31,4 wk ahead inc death,2020-09-26,26,quantile,0.7,160,median
2020-08-31,2020-08-31,4 wk ahead inc death,2020-09-26,26,quantile,0.75,175.25,median
2020-08-31,2020-08-31,4 wk ahead inc death,2020-09-26,26,quantile,0.8,198,median
2020-08-31,2020-08-31,4 wk ahead inc death,2020-09-26,26,quantile,0.85,222,median
2020-08-31,2020-08-31,4 wk ahead inc death,2020-09-26,26,quantile,0.9,266.3,median
2020-08-31,2020-08-31,4 wk ahead inc death,2020-09-26,26,quantile,0.95,350.3,median
2020-08-31,2020-08-31,4 wk ahead inc death,2020-09-26,26,quantile,0.975,491.35,median
2020-08-31,2020-08-31,4 wk ahead inc death,2020-09-26,26,quantile,0.99,611.24,median
2020-08-31,2020-08-31,1 wk ahead inc death,2020-09-05,27,point,,35,median
2020-08-31,2020-08-31,1 wk ahead inc death,2020-09-05,27,quantile,0.01,18,median
2020-08-31,2020-08-31,1 wk ahead inc death,2020-09-05,27,quantile,0.025,21,median
2020-08-31,2020-08-31,1 wk ahead inc death,2020-09-05,27,quantile,0.05,21,median
2020-08-31,2020-08-31,1 wk ahead inc death,2020-09-05,27,quantile,0.1,23,median
2020-08-31,2020-08-31,1 wk ahead inc death,2020-09-05,27,quantile,0.15,25,median
2020-08-31,2020-08-31,1 wk ahead inc death,2020-09-05,27,quantile,0.2,26,median
2020-08-31,2020-08-31,1 wk ahead inc death,2020-09-05,27,quantile,0.25,27,median
2020-08-31,2020-08-31,1 wk ahead inc death,2020-09-05,27,quantile,0.3,29,median
2020-08-31,2020-08-31,1 wk ahead inc death,2020-09-05,27,quantile,0.35,30,median
2020-08-31,2020-08-31,1 wk ahead inc death,2020-09-05,27,quantile,0.4,32,median
2020-08-31,2020-08-31,1 wk ahead inc death,2020-09-05,27,quantile,0.45,33,median
2020-08-31,2020-08-31,1 wk ahead inc death,2020-09-05,27,quantile,0.5,35,median
2020-08-31,2020-08-31,1 wk ahead inc death,2020-09-05,27,quantile,0.55,36,median
2020-08-31,2020-08-31,1 wk ahead inc death,2020-09-05,27,quantile,0.6,38,median
2020-08-31,2020-08-31,1 wk ahead inc death,2020-09-05,27,quantile,0.65,40,median
2020-08-31,2020-08-31,1 wk ahead inc death,2020-09-05,27,quantile,0.7,42.3000000000001,median
2020-08-31,2020-08-31,1 wk ahead inc death,2020-09-05,27,quantile,0.75,45,median
2020-08-31,2020-08-31,1 wk ahead inc death,2020-09-05,27,quantile,0.8,48,median
2020-08-31,2020-08-31,1 wk ahead inc death,2020-09-05,27,quantile,0.85,52,median
2020-08-31,2020-08-31,1 wk ahead inc death,2020-09-05,27,quantile,0.9,56,median
2020-08-31,2020-08-31,1 wk ahead inc death,2020-09-05,27,quantile,0.95,63,median
2020-08-31,2020-08-31,1 wk ahead inc death,2020-09-05,27,quantile,0.975,70.025,median
2020-08-31,2020-08-31,1 wk ahead inc death,2020-09-05,27,quantile,0.99,78.01,median
2020-08-31,2020-08-31,2 wk ahead inc death,2020-09-12,27,point,,57,median
2020-08-31,2020-08-31,2 wk ahead inc death,2020-09-12,27,quantile,0.01,8,median
2020-08-31,2020-08-31,2 wk ahead inc death,2020-09-12,27,quantile,0.025,11,median
2020-08-31,2020-08-31,2 wk ahead inc death,2020-09-12,27,quantile,0.05,17.95,median
2020-08-31,2020-08-31,2 wk ahead inc death,2020-09-12,27,quantile,0.1,25,median
2020-08-31,2020-08-31,2 wk ahead inc death,2020-09-12,27,quantile,0.15,30,median
2020-08-31,2020-08-31,2 wk ahead inc death,2020-09-12,27,quantile,0.2,35,median
2020-08-31,2020-08-31,2 wk ahead inc death,2020-09-12,27,quantile,0.25,39,median
2020-08-31,2020-08-31,2 wk ahead inc death,2020-09-12,27,quantile,0.3,42,median
2020-08-31,2020-08-31,2 wk ahead inc death,2020-09-12,27,quantile,0.35,47,median
2020-08-31,2020-08-31,2 wk ahead inc death,2020-09-12,27,quantile,0.4,51,median
2020-08-31,2020-08-31,2 wk ahead inc death,2020-09-12,27,quantile,0.45,53,median
2020-08-31,2020-08-31,2 wk ahead inc death,2020-09-12,27,quantile,0.5,57,median
2020-08-31,2020-08-31,2 wk ahead inc death,2020-09-12,27,quantile,0.55,61,median
2020-08-31,2020-08-31,2 wk ahead inc death,2020-09-12,27,quantile,0.6,64.4000000000001,median
2020-08-31,2020-08-31,2 wk ahead inc death,2020-09-12,27,quantile,0.65,68,median
2020-08-31,2020-08-31,2 wk ahead inc death,2020-09-12,27,quantile,0.7,72.3000000000001,median
2020-08-31,2020-08-31,2 wk ahead inc death,2020-09-12,27,quantile,0.75,77,median
2020-08-31,2020-08-31,2 wk ahead inc death,2020-09-12,27,quantile,0.8,82,median
2020-08-31,2020-08-31,2 wk ahead inc death,2020-09-12,27,quantile,0.85,89,median
2020-08-31,2020-08-31,2 wk ahead inc death,2020-09-12,27,quantile,0.9,96,median
2020-08-31,2020-08-31,2 wk ahead inc death,2020-09-12,27,quantile,0.95,108,median
2020-08-31,2020-08-31,2 wk ahead inc death,2020-09-12,27,quantile,0.975,121.025,median
2020-08-31,2020-08-31,2 wk ahead inc death,2020-09-12,27,quantile,0.99,135.01,median
2020-08-31,2020-08-31,3 wk ahead inc death,2020-09-19,27,point,,68,median
2020-08-31,2020-08-31,3 wk ahead inc death,2020-09-19,27,quantile,0.01,7,median
2020-08-31,2020-08-31,3 wk ahead inc death,2020-09-19,27,quantile,0.025,13.975,median
2020-08-31,2020-08-31,3 wk ahead inc death,2020-09-19,27,quantile,0.05,19,median
2020-08-31,2020-08-31,3 wk ahead inc death,2020-09-19,27,quantile,0.1,29,median
2020-08-31,2020-08-31,3 wk ahead inc death,2020-09-19,27,quantile,0.15,35.85,median
2020-08-31,2020-08-31,3 wk ahead inc death,2020-09-19,27,quantile,0.2,41,median
2020-08-31,2020-08-31,3 wk ahead inc death,2020-09-19,27,quantile,0.25,46,median
2020-08-31,2020-08-31,3 wk ahead inc death,2020-09-19,27,quantile,0.3,50,median
2020-08-31,2020-08-31,3 wk ahead inc death,2020-09-19,27,quantile,0.35,54,median
2020-08-31,2020-08-31,3 wk ahead inc death,2020-09-19,27,quantile,0.4,59,median
2020-08-31,2020-08-31,3 wk ahead inc death,2020-09-19,27,quantile,0.45,63,median
2020-08-31,2020-08-31,3 wk ahead inc death,2020-09-19,27,quantile,0.5,68,median
2020-08-31,2020-08-31,3 wk ahead inc death,2020-09-19,27,quantile,0.55,73,median
2020-08-31,2020-08-31,3 wk ahead inc death,2020-09-19,27,quantile,0.6,76,median
2020-08-31,2020-08-31,3 wk ahead inc death,2020-09-19,27,quantile,0.65,81,median
2020-08-31,2020-08-31,3 wk ahead inc death,2020-09-19,27,quantile,0.7,86,median
2020-08-31,2020-08-31,3 wk ahead inc death,2020-09-19,27,quantile,0.75,91,median
2020-08-31,2020-08-31,3 wk ahead inc death,2020-09-19,27,quantile,0.8,97,median
2020-08-31,2020-08-31,3 wk ahead inc death,2020-09-19,27,quantile,0.85,103,median
2020-08-31,2020-08-31,3 wk ahead inc death,2020-09-19,27,quantile,0.9,115,median
2020-08-31,2020-08-31,3 wk ahead inc death,2020-09-19,27,quantile,0.95,130,median
2020-08-31,2020-08-31,3 wk ahead inc death,2020-09-19,27,quantile,0.975,142,median
2020-08-31,2020-08-31,3 wk ahead inc death,2020-09-19,27,quantile,0.99,153.01,median
2020-08-31,2020-08-31,4 wk ahead inc death,2020-09-26,27,point,,70,median
2020-08-31,2020-08-31,4 wk ahead inc death,2020-09-26,27,quantile,0.01,3.99,median
2020-08-31,2020-08-31,4 wk ahead inc death,2020-09-26,27,quantile,0.025,11,median
2020-08-31,2020-08-31,4 wk ahead inc death,2020-09-26,27,quantile,0.05,21,median
2020-08-31,2020-08-31,4 wk ahead inc death,2020-09-26,27,quantile,0.1,30,median
2020-08-31,2020-08-31,4 wk ahead inc death,2020-09-26,27,quantile,0.15,37,median
2020-08-31,2020-08-31,4 wk ahead inc death,2020-09-26,27,quantile,0.2,44,median
2020-08-31,2020-08-31,4 wk ahead inc death,2020-09-26,27,quantile,0.25,48,median
2020-08-31,2020-08-31,4 wk ahead inc death,2020-09-26,27,quantile,0.3,53,median
2020-08-31,2020-08-31,4 wk ahead inc death,2020-09-26,27,quantile,0.35,57,median
2020-08-31,2020-08-31,4 wk ahead inc death,2020-09-26,27,quantile,0.4,61,median
2020-08-31,2020-08-31,4 wk ahead inc death,2020-09-26,27,quantile,0.45,66,median
2020-08-31,2020-08-31,4 wk ahead inc death,2020-09-26,27,quantile,0.5,70,median
2020-08-31,2020-08-31,4 wk ahead inc death,2020-09-26,27,quantile,0.55,74,median
2020-08-31,2020-08-31,4 wk ahead inc death,2020-09-26,27,quantile,0.6,80,median
2020-08-31,2020-08-31,4 wk ahead inc death,2020-09-26,27,quantile,0.65,86,median
2020-08-31,2020-08-31,4 wk ahead inc death,2020-09-26,27,quantile,0.7,93,median
2020-08-31,2020-08-31,4 wk ahead inc death,2020-09-26,27,quantile,0.75,99.2500000000001,median
2020-08-31,2020-08-31,4 wk ahead inc death,2020-09-26,27,quantile,0.8,107,median
2020-08-31,2020-08-31,4 wk ahead inc death,2020-09-26,27,quantile,0.85,114,median
2020-08-31,2020-08-31,4 wk ahead inc death,2020-09-26,27,quantile,0.9,126,median
2020-08-31,2020-08-31,4 wk ahead inc death,2020-09-26,27,quantile,0.95,145.05,median
2020-08-31,2020-08-31,4 wk ahead inc death,2020-09-26,27,quantile,0.975,158,median
2020-08-31,2020-08-31,4 wk ahead inc death,2020-09-26,27,quantile,0.99,169.01,median
2020-08-31,2020-08-31,1 wk ahead inc death,2020-09-05,28,point,,172,median
2020-08-31,2020-08-31,1 wk ahead inc death,2020-09-05,28,quantile,0.01,101,median
2020-08-31,2020-08-31,1 wk ahead inc death,2020-09-05,28,quantile,0.025,112.95,median
2020-08-31,2020-08-31,1 wk ahead inc death,2020-09-05,28,quantile,0.05,122.95,median
2020-08-31,2020-08-31,1 wk ahead inc death,2020-09-05,28,quantile,0.1,134,median
2020-08-31,2020-08-31,1 wk ahead inc death,2020-09-05,28,quantile,0.15,140,median
2020-08-31,2020-08-31,1 wk ahead inc death,2020-09-05,28,quantile,0.2,145,median
2020-08-31,2020-08-31,1 wk ahead inc death,2020-09-05,28,quantile,0.25,149,median
2020-08-31,2020-08-31,1 wk ahead inc death,2020-09-05,28,quantile,0.3,154,median
2020-08-31,2020-08-31,1 wk ahead inc death,2020-09-05,28,quantile,0.35,158,median
2020-08-31,2020-08-31,1 wk ahead inc death,2020-09-05,28,quantile,0.4,163,median
2020-08-31,2020-08-31,1 wk ahead inc death,2020-09-05,28,quantile,0.45,168,median
2020-08-31,2020-08-31,1 wk ahead inc death,2020-09-05,28,quantile,0.5,172,median
2020-08-31,2020-08-31,1 wk ahead inc death,2020-09-05,28,quantile,0.55,177,median
2020-08-31,2020-08-31,1 wk ahead inc death,2020-09-05,28,quantile,0.6,183.4,median
2020-08-31,2020-08-31,1 wk ahead inc death,2020-09-05,28,quantile,0.65,190.35,median
2020-08-31,2020-08-31,1 wk ahead inc death,2020-09-05,28,quantile,0.7,197,median
2020-08-31,2020-08-31,1 wk ahead inc death,2020-09-05,28,quantile,0.75,203,median
2020-08-31,2020-08-31,1 wk ahead inc death,2020-09-05,28,quantile,0.8,210,median
2020-08-31,2020-08-31,1 wk ahead inc death,2020-09-05,28,quantile,0.85,218,median
2020-08-31,2020-08-31,1 wk ahead inc death,2020-09-05,28,quantile,0.9,228.1,median
2020-08-31,2020-08-31,1 wk ahead inc death,2020-09-05,28,quantile,0.95,248.05,median
2020-08-31,2020-08-31,1 wk ahead inc death,2020-09-05,28,quantile,0.975,260.025,median
2020-08-31,2020-08-31,1 wk ahead inc death,2020-09-05,28,quantile,0.99,279,median
2020-08-31,2020-08-31,2 wk ahead inc death,2020-09-12,28,point,,187,median
2020-08-31,2020-08-31,2 wk ahead inc death,2020-09-12,28,quantile,0.01,68.99,median
2020-08-31,2020-08-31,2 wk ahead inc death,2020-09-12,28,quantile,0.025,76,median
2020-08-31,2020-08-31,2 wk ahead inc death,2020-09-12,28,quantile,0.05,85.95,median
2020-08-31,2020-08-31,2 wk ahead inc death,2020-09-12,28,quantile,0.1,103.9,median
2020-08-31,2020-08-31,2 wk ahead inc death,2020-09-12,28,quantile,0.15,118,median
2020-08-31,2020-08-31,2 wk ahead inc death,2020-09-12,28,quantile,0.2,127,median
2020-08-31,2020-08-31,2 wk ahead inc death,2020-09-12,28,quantile,0.25,145,median
2020-08-31,2020-08-31,2 wk ahead inc death,2020-09-12,28,quantile,0.3,153,median
2020-08-31,2020-08-31,2 wk ahead inc death,2020-09-12,28,quantile,0.35,161,median
2020-08-31,2020-08-31,2 wk ahead inc death,2020-09-12,28,quantile,0.4,170,median
2020-08-31,2020-08-31,2 wk ahead inc death,2020-09-12,28,quantile,0.45,178,median
2020-08-31,2020-08-31,2 wk ahead inc death,2020-09-12,28,quantile,0.5,187,median
2020-08-31,2020-08-31,2 wk ahead inc death,2020-09-12,28,quantile,0.55,195,median
2020-08-31,2020-08-31,2 wk ahead inc death,2020-09-12,28,quantile,0.6,204,median
2020-08-31,2020-08-31,2 wk ahead inc death,2020-09-12,28,quantile,0.65,211,median
2020-08-31,2020-08-31,2 wk ahead inc death,2020-09-12,28,quantile,0.7,219,median
2020-08-31,2020-08-31,2 wk ahead inc death,2020-09-12,28,quantile,0.75,231,median
2020-08-31,2020-08-31,2 wk ahead inc death,2020-09-12,28,quantile,0.8,242.2,median
2020-08-31,2020-08-31,2 wk ahead inc death,2020-09-12,28,quantile,0.85,257.15,median
2020-08-31,2020-08-31,2 wk ahead inc death,2020-09-12,28,quantile,0.9,277,median
2020-08-31,2020-08-31,2 wk ahead inc death,2020-09-12,28,quantile,0.95,314,median
2020-08-31,2020-08-31,2 wk ahead inc death,2020-09-12,28,quantile,0.975,336.025,median
2020-08-31,2020-08-31,2 wk ahead inc death,2020-09-12,28,quantile,0.99,363.09,median
2020-08-31,2020-08-31,3 wk ahead inc death,2020-09-19,28,point,,201,median
2020-08-31,2020-08-31,3 wk ahead inc death,2020-09-19,28,quantile,0.01,66.99,median
2020-08-31,2020-08-31,3 wk ahead inc death,2020-09-19,28,quantile,0.025,82.975,median
2020-08-31,2020-08-31,3 wk ahead inc death,2020-09-19,28,quantile,0.05,92,median
2020-08-31,2020-08-31,3 wk ahead inc death,2020-09-19,28,quantile,0.1,104,median
2020-08-31,2020-08-31,3 wk ahead inc death,2020-09-19,28,quantile,0.15,115,median
2020-08-31,2020-08-31,3 wk ahead inc death,2020-09-19,28,quantile,0.2,127,median
2020-08-31,2020-08-31,3 wk ahead inc death,2020-09-19,28,quantile,0.25,137,median
2020-08-31,2020-08-31,3 wk ahead inc death,2020-09-19,28,quantile,0.3,149,median
2020-08-31,2020-08-31,3 wk ahead inc death,2020-09-19,28,quantile,0.35,161,median
2020-08-31,2020-08-31,3 wk ahead inc death,2020-09-19,28,quantile,0.4,174,median
2020-08-31,2020-08-31,3 wk ahead inc death,2020-09-19,28,quantile,0.45,188,median
2020-08-31,2020-08-31,3 wk ahead inc death,2020-09-19,28,quantile,0.5,201,median
2020-08-31,2020-08-31,3 wk ahead inc death,2020-09-19,28,quantile,0.55,214,median
2020-08-31,2020-08-31,3 wk ahead inc death,2020-09-19,28,quantile,0.6,224,median
2020-08-31,2020-08-31,3 wk ahead inc death,2020-09-19,28,quantile,0.65,236.35,median
2020-08-31,2020-08-31,3 wk ahead inc death,2020-09-19,28,quantile,0.7,247,median
2020-08-31,2020-08-31,3 wk ahead inc death,2020-09-19,28,quantile,0.75,262,median
2020-08-31,2020-08-31,3 wk ahead inc death,2020-09-19,28,quantile,0.8,273,median
2020-08-31,2020-08-31,3 wk ahead inc death,2020-09-19,28,quantile,0.85,292,median
2020-08-31,2020-08-31,3 wk ahead inc death,2020-09-19,28,quantile,0.9,312,median
2020-08-31,2020-08-31,3 wk ahead inc death,2020-09-19,28,quantile,0.95,345.1,median
2020-08-31,2020-08-31,3 wk ahead inc death,2020-09-19,28,quantile,0.975,372,median
2020-08-31,2020-08-31,3 wk ahead inc death,2020-09-19,28,quantile,0.99,403.01,median
2020-08-31,2020-08-31,4 wk ahead inc death,2020-09-26,28,point,,203,median
2020-08-31,2020-08-31,4 wk ahead inc death,2020-09-26,28,quantile,0.01,51.99,median
2020-08-31,2020-08-31,4 wk ahead inc death,2020-09-26,28,quantile,0.025,63,median
2020-08-31,2020-08-31,4 wk ahead inc death,2020-09-26,28,quantile,0.05,70,median
2020-08-31,2020-08-31,4 wk ahead inc death,2020-09-26,28,quantile,0.1,83,median
2020-08-31,2020-08-31,4 wk ahead inc death,2020-09-26,28,quantile,0.15,97,median
2020-08-31,2020-08-31,4 wk ahead inc death,2020-09-26,28,quantile,0.2,111,median
2020-08-31,2020-08-31,4 wk ahead inc death,2020-09-26,28,quantile,0.25,125,median
2020-08-31,2020-08-31,4 wk ahead inc death,2020-09-26,28,quantile,0.3,140,median
2020-08-31,2020-08-31,4 wk ahead inc death,2020-09-26,28,quantile,0.35,156,median
2020-08-31,2020-08-31,4 wk ahead inc death,2020-09-26,28,quantile,0.4,170,median
2020-08-31,2020-08-31,4 wk ahead inc death,2020-09-26,28,quantile,0.45,186,median
2020-08-31,2020-08-31,4 wk ahead inc death,2020-09-26,28,quantile,0.5,203,median
2020-08-31,2020-08-31,4 wk ahead inc death,2020-09-26,28,quantile,0.55,219,median
2020-08-31,2020-08-31,4 wk ahead inc death,2020-09-26,28,quantile,0.6,235,median
2020-08-31,2020-08-31,4 wk ahead inc death,2020-09-26,28,quantile,0.65,247,median
2020-08-31,2020-08-31,4 wk ahead inc death,2020-09-26,28,quantile,0.7,258,median
2020-08-31,2020-08-31,4 wk ahead inc death,2020-09-26,28,quantile,0.75,272.25,median
2020-08-31,2020-08-31,4 wk ahead inc death,2020-09-26,28,quantile,0.8,291,median
2020-08-31,2020-08-31,4 wk ahead inc death,2020-09-26,28,quantile,0.85,311,median
2020-08-31,2020-08-31,4 wk ahead inc death,2020-09-26,28,quantile,0.9,328,median
2020-08-31,2020-08-31,4 wk ahead inc death,2020-09-26,28,quantile,0.95,375.05,median
2020-08-31,2020-08-31,4 wk ahead inc death,2020-09-26,28,quantile,0.975,403.025,median
2020-08-31,2020-08-31,4 wk ahead inc death,2020-09-26,28,quantile,0.99,424.02,median
2020-08-31,2020-08-31,1 wk ahead inc death,2020-09-05,29,point,,78,median
2020-08-31,2020-08-31,1 wk ahead inc death,2020-09-05,29,quantile,0.01,35,median
2020-08-31,2020-08-31,1 wk ahead inc death,2020-09-05,29,quantile,0.025,40,median
2020-08-31,2020-08-31,1 wk ahead inc death,2020-09-05,29,quantile,0.05,44,median
2020-08-31,2020-08-31,1 wk ahead inc death,2020-09-05,29,quantile,0.1,51,median
2020-08-31,2020-08-31,1 wk ahead inc death,2020-09-05,29,quantile,0.15,56,median
2020-08-31,2020-08-31,1 wk ahead inc death,2020-09-05,29,quantile,0.2,59,median
2020-08-31,2020-08-31,1 wk ahead inc death,2020-09-05,29,quantile,0.25,64,median
2020-08-31,2020-08-31,1 wk ahead inc death,2020-09-05,29,quantile,0.3,67,median
2020-08-31,2020-08-31,1 wk ahead inc death,2020-09-05,29,quantile,0.35,70,median
2020-08-31,2020-08-31,1 wk ahead inc death,2020-09-05,29,quantile,0.4,73,median
2020-08-31,2020-08-31,1 wk ahead inc death,2020-09-05,29,quantile,0.45,76,median
2020-08-31,2020-08-31,1 wk ahead inc death,2020-09-05,29,quantile,0.5,78,median
2020-08-31,2020-08-31,1 wk ahead inc death,2020-09-05,29,quantile,0.55,81,median
2020-08-31,2020-08-31,1 wk ahead inc death,2020-09-05,29,quantile,0.6,83,median
2020-08-31,2020-08-31,1 wk ahead inc death,2020-09-05,29,quantile,0.65,87,median
2020-08-31,2020-08-31,1 wk ahead inc death,2020-09-05,29,quantile,0.7,90,median
2020-08-31,2020-08-31,1 wk ahead inc death,2020-09-05,29,quantile,0.75,94,median
2020-08-31,2020-08-31,1 wk ahead inc death,2020-09-05,29,quantile,0.8,98,median
2020-08-31,2020-08-31,1 wk ahead inc death,2020-09-05,29,quantile,0.85,103,median
2020-08-31,2020-08-31,1 wk ahead inc death,2020-09-05,29,quantile,0.9,111,median
2020-08-31,2020-08-31,1 wk ahead inc death,2020-09-05,29,quantile,0.95,126.05,median
2020-08-31,2020-08-31,1 wk ahead inc death,2020-09-05,29,quantile,0.975,143.025,median
2020-08-31,2020-08-31,1 wk ahead inc death,2020-09-05,29,quantile,0.99,172,median
2020-08-31,2020-08-31,2 wk ahead inc death,2020-09-12,29,point,,92,median
2020-08-31,2020-08-31,2 wk ahead inc death,2020-09-12,29,quantile,0.01,28.99,median
2020-08-31,2020-08-31,2 wk ahead inc death,2020-09-12,29,quantile,0.025,35.975,median
2020-08-31,2020-08-31,2 wk ahead inc death,2020-09-12,29,quantile,0.05,46,median
2020-08-31,2020-08-31,2 wk ahead inc death,2020-09-12,29,quantile,0.1,54,median
2020-08-31,2020-08-31,2 wk ahead inc death,2020-09-12,29,quantile,0.15,60,median
2020-08-31,2020-08-31,2 wk ahead inc death,2020-09-12,29,quantile,0.2,66,median
2020-08-31,2020-08-31,2 wk ahead inc death,2020-09-12,29,quantile,0.25,71,median
2020-08-31,2020-08-31,2 wk ahead inc death,2020-09-12,29,quantile,0.3,76,median
2020-08-31,2020-08-31,2 wk ahead inc death,2020-09-12,29,quantile,0.35,79,median
2020-08-31,2020-08-31,2 wk ahead inc death,2020-09-12,29,quantile,0.4,85,median
2020-08-31,2020-08-31,2 wk ahead inc death,2020-09-12,29,quantile,0.45,88,median
2020-08-31,2020-08-31,2 wk ahead inc death,2020-09-12,29,quantile,0.5,92,median
2020-08-31,2020-08-31,2 wk ahead inc death,2020-09-12,29,quantile,0.55,96,median
2020-08-31,2020-08-31,2 wk ahead inc death,2020-09-12,29,quantile,0.6,100,median
2020-08-31,2020-08-31,2 wk ahead inc death,2020-09-12,29,quantile,0.65,106,median
2020-08-31,2020-08-31,2 wk ahead inc death,2020-09-12,29,quantile,0.7,112,median
2020-08-31,2020-08-31,2 wk ahead inc death,2020-09-12,29,quantile,0.75,118,median
2020-08-31,2020-08-31,2 wk ahead inc death,2020-09-12,29,quantile,0.8,123,median
2020-08-31,2020-08-31,2 wk ahead inc death,2020-09-12,29,quantile,0.85,130,median
2020-08-31,2020-08-31,2 wk ahead inc death,2020-09-12,29,quantile,0.9,138.1,median
2020-08-31,2020-08-31,2 wk ahead inc death,2020-09-12,29,quantile,0.95,150.05,median
2020-08-31,2020-08-31,2 wk ahead inc death,2020-09-12,29,quantile,0.975,163.025,median
2020-08-31,2020-08-31,2 wk ahead inc death,2020-09-12,29,quantile,0.99,192.01,median
2020-08-31,2020-08-31,3 wk ahead inc death,2020-09-19,29,point,,100.5,median
2020-08-31,2020-08-31,3 wk ahead inc death,2020-09-19,29,quantile,0.01,29.99,median
2020-08-31,2020-08-31,3 wk ahead inc death,2020-09-19,29,quantile,0.025,35,median
2020-08-31,2020-08-31,3 wk ahead inc death,2020-09-19,29,quantile,0.05,43,median
2020-08-31,2020-08-31,3 wk ahead inc death,2020-09-19,29,quantile,0.1,52,median
2020-08-31,2020-08-31,3 wk ahead inc death,2020-09-19,29,quantile,0.15,60,median
2020-08-31,2020-08-31,3 wk ahead inc death,2020-09-19,29,quantile,0.2,68,median
2020-08-31,2020-08-31,3 wk ahead inc death,2020-09-19,29,quantile,0.25,74,median
2020-08-31,2020-08-31,3 wk ahead inc death,2020-09-19,29,quantile,0.3,78,median
2020-08-31,2020-08-31,3 wk ahead inc death,2020-09-19,29,quantile,0.35,85,median
2020-08-31,2020-08-31,3 wk ahead inc death,2020-09-19,29,quantile,0.4,90.6,median
2020-08-31,2020-08-31,3 wk ahead inc death,2020-09-19,29,quantile,0.45,95,median
2020-08-31,2020-08-31,3 wk ahead inc death,2020-09-19,29,quantile,0.5,100.5,median
2020-08-31,2020-08-31,3 wk ahead inc death,2020-09-19,29,quantile,0.55,106,median
2020-08-31,2020-08-31,3 wk ahead inc death,2020-09-19,29,quantile,0.6,110,median
2020-08-31,2020-08-31,3 wk ahead inc death,2020-09-19,29,quantile,0.65,115,median
2020-08-31,2020-08-31,3 wk ahead inc death,2020-09-19,29,quantile,0.7,120.3,median
2020-08-31,2020-08-31,3 wk ahead inc death,2020-09-19,29,quantile,0.75,126,median
2020-08-31,2020-08-31,3 wk ahead inc death,2020-09-19,29,quantile,0.8,132.2,median
2020-08-31,2020-08-31,3 wk ahead inc death,2020-09-19,29,quantile,0.85,139.15,median
2020-08-31,2020-08-31,3 wk ahead inc death,2020-09-19,29,quantile,0.9,151,median
2020-08-31,2020-08-31,3 wk ahead inc death,2020-09-19,29,quantile,0.95,165.05,median
2020-08-31,2020-08-31,3 wk ahead inc death,2020-09-19,29,quantile,0.975,185.05,median
2020-08-31,2020-08-31,3 wk ahead inc death,2020-09-19,29,quantile,0.99,242.01,median
2020-08-31,2020-08-31,4 wk ahead inc death,2020-09-26,29,point,,105,median
2020-08-31,2020-08-31,4 wk ahead inc death,2020-09-26,29,quantile,0.01,27.99,median
2020-08-31,2020-08-31,4 wk ahead inc death,2020-09-26,29,quantile,0.025,33.975,median
2020-08-31,2020-08-31,4 wk ahead inc death,2020-09-26,29,quantile,0.05,41,median
2020-08-31,2020-08-31,4 wk ahead inc death,2020-09-26,29,quantile,0.1,49,median
2020-08-31,2020-08-31,4 wk ahead inc death,2020-09-26,29,quantile,0.15,57,median
2020-08-31,2020-08-31,4 wk ahead inc death,2020-09-26,29,quantile,0.2,65,median
2020-08-31,2020-08-31,4 wk ahead inc death,2020-09-26,29,quantile,0.25,72,median
2020-08-31,2020-08-31,4 wk ahead inc death,2020-09-26,29,quantile,0.3,81,median
2020-08-31,2020-08-31,4 wk ahead inc death,2020-09-26,29,quantile,0.35,88,median
2020-08-31,2020-08-31,4 wk ahead inc death,2020-09-26,29,quantile,0.4,94.6,median
2020-08-31,2020-08-31,4 wk ahead inc death,2020-09-26,29,quantile,0.45,100,median
2020-08-31,2020-08-31,4 wk ahead inc death,2020-09-26,29,quantile,0.5,105,median
2020-08-31,2020-08-31,4 wk ahead inc death,2020-09-26,29,quantile,0.55,112.45,median
2020-08-31,2020-08-31,4 wk ahead inc death,2020-09-26,29,quantile,0.6,118,median
2020-08-31,2020-08-31,4 wk ahead inc death,2020-09-26,29,quantile,0.65,124,median
2020-08-31,2020-08-31,4 wk ahead inc death,2020-09-26,29,quantile,0.7,129,median
2020-08-31,2020-08-31,4 wk ahead inc death,2020-09-26,29,quantile,0.75,137,median
2020-08-31,2020-08-31,4 wk ahead inc death,2020-09-26,29,quantile,0.8,145,median
2020-08-31,2020-08-31,4 wk ahead inc death,2020-09-26,29,quantile,0.85,162.15,median
2020-08-31,2020-08-31,4 wk ahead inc death,2020-09-26,29,quantile,0.9,188,median
2020-08-31,2020-08-31,4 wk ahead inc death,2020-09-26,29,quantile,0.95,230.35,median
2020-08-31,2020-08-31,4 wk ahead inc death,2020-09-26,29,quantile,0.975,319.025,median
2020-08-31,2020-08-31,4 wk ahead inc death,2020-09-26,29,quantile,0.99,435.559999999999,median
2020-08-31,2020-08-31,1 wk ahead inc death,2020-09-05,30,point,,10,median
2020-08-31,2020-08-31,1 wk ahead inc death,2020-09-05,30,quantile,0.01,1,median
2020-08-31,2020-08-31,1 wk ahead inc death,2020-09-05,30,quantile,0.025,2,median
2020-08-31,2020-08-31,1 wk ahead inc death,2020-09-05,30,quantile,0.05,2,median
2020-08-31,2020-08-31,1 wk ahead inc death,2020-09-05,30,quantile,0.1,4,median
2020-08-31,2020-08-31,1 wk ahead inc death,2020-09-05,30,quantile,0.15,5,median
2020-08-31,2020-08-31,1 wk ahead inc death,2020-09-05,30,quantile,0.2,5,median
2020-08-31,2020-08-31,1 wk ahead inc death,2020-09-05,30,quantile,0.25,6,median
2020-08-31,2020-08-31,1 wk ahead inc death,2020-09-05,30,quantile,0.3,7,median
2020-08-31,2020-08-31,1 wk ahead inc death,2020-09-05,30,quantile,0.35,7,median
2020-08-31,2020-08-31,1 wk ahead inc death,2020-09-05,30,quantile,0.4,8,median
2020-08-31,2020-08-31,1 wk ahead inc death,2020-09-05,30,quantile,0.45,9,median
2020-08-31,2020-08-31,1 wk ahead inc death,2020-09-05,30,quantile,0.5,10,median
2020-08-31,2020-08-31,1 wk ahead inc death,2020-09-05,30,quantile,0.55,10.45,median
2020-08-31,2020-08-31,1 wk ahead inc death,2020-09-05,30,quantile,0.6,11,median
2020-08-31,2020-08-31,1 wk ahead inc death,2020-09-05,30,quantile,0.65,12,median
2020-08-31,2020-08-31,1 wk ahead inc death,2020-09-05,30,quantile,0.7,13,median
2020-08-31,2020-08-31,1 wk ahead inc death,2020-09-05,30,quantile,0.75,14,median
2020-08-31,2020-08-31,1 wk ahead inc death,2020-09-05,30,quantile,0.8,16,median
2020-08-31,2020-08-31,1 wk ahead inc death,2020-09-05,30,quantile,0.85,18,median
2020-08-31,2020-08-31,1 wk ahead inc death,2020-09-05,30,quantile,0.9,20,median
2020-08-31,2020-08-31,1 wk ahead inc death,2020-09-05,30,quantile,0.95,23,median
2020-08-31,2020-08-31,1 wk ahead inc death,2020-09-05,30,quantile,0.975,24,median
2020-08-31,2020-08-31,1 wk ahead inc death,2020-09-05,30,quantile,0.99,25,median
2020-08-31,2020-08-31,2 wk ahead inc death,2020-09-12,30,point,,12,median
2020-08-31,2020-08-31,2 wk ahead inc death,2020-09-12,30,quantile,0.01,2,median
2020-08-31,2020-08-31,2 wk ahead inc death,2020-09-12,30,quantile,0.025,2,median
2020-08-31,2020-08-31,2 wk ahead inc death,2020-09-12,30,quantile,0.05,4,median
2020-08-31,2020-08-31,2 wk ahead inc death,2020-09-12,30,quantile,0.1,5,median
2020-08-31,2020-08-31,2 wk ahead inc death,2020-09-12,30,quantile,0.15,6,median
2020-08-31,2020-08-31,2 wk ahead inc death,2020-09-12,30,quantile,0.2,7,median
2020-08-31,2020-08-31,2 wk ahead inc death,2020-09-12,30,quantile,0.25,8,median
2020-08-31,2020-08-31,2 wk ahead inc death,2020-09-12,30,quantile,0.3,9,median
2020-08-31,2020-08-31,2 wk ahead inc death,2020-09-12,30,quantile,0.35,10,median
2020-08-31,2020-08-31,2 wk ahead inc death,2020-09-12,30,quantile,0.4,10,median
2020-08-31,2020-08-31,2 wk ahead inc death,2020-09-12,30,quantile,0.45,11,median
2020-08-31,2020-08-31,2 wk ahead inc death,2020-09-12,30,quantile,0.5,12,median
2020-08-31,2020-08-31,2 wk ahead inc death,2020-09-12,30,quantile,0.55,13,median
2020-08-31,2020-08-31,2 wk ahead inc death,2020-09-12,30,quantile,0.6,14,median
2020-08-31,2020-08-31,2 wk ahead inc death,2020-09-12,30,quantile,0.65,15,median
2020-08-31,2020-08-31,2 wk ahead inc death,2020-09-12,30,quantile,0.7,17,median
2020-08-31,2020-08-31,2 wk ahead inc death,2020-09-12,30,quantile,0.75,18,median
2020-08-31,2020-08-31,2 wk ahead inc death,2020-09-12,30,quantile,0.8,20,median
2020-08-31,2020-08-31,2 wk ahead inc death,2020-09-12,30,quantile,0.85,22,median
2020-08-31,2020-08-31,2 wk ahead inc death,2020-09-12,30,quantile,0.9,24,median
2020-08-31,2020-08-31,2 wk ahead inc death,2020-09-12,30,quantile,0.95,30,median
2020-08-31,2020-08-31,2 wk ahead inc death,2020-09-12,30,quantile,0.975,33,median
2020-08-31,2020-08-31,2 wk ahead inc death,2020-09-12,30,quantile,0.99,37,median
2020-08-31,2020-08-31,3 wk ahead inc death,2020-09-19,30,point,,14,median
2020-08-31,2020-08-31,3 wk ahead inc death,2020-09-19,30,quantile,0.01,1,median
2020-08-31,2020-08-31,3 wk ahead inc death,2020-09-19,30,quantile,0.025,3,median
2020-08-31,2020-08-31,3 wk ahead inc death,2020-09-19,30,quantile,0.05,4,median
2020-08-31,2020-08-31,3 wk ahead inc death,2020-09-19,30,quantile,0.1,6,median
2020-08-31,2020-08-31,3 wk ahead inc death,2020-09-19,30,quantile,0.15,7,median
2020-08-31,2020-08-31,3 wk ahead inc death,2020-09-19,30,quantile,0.2,8,median
2020-08-31,2020-08-31,3 wk ahead inc death,2020-09-19,30,quantile,0.25,9,median
2020-08-31,2020-08-31,3 wk ahead inc death,2020-09-19,30,quantile,0.3,10,median
2020-08-31,2020-08-31,3 wk ahead inc death,2020-09-19,30,quantile,0.35,11,median
2020-08-31,2020-08-31,3 wk ahead inc death,2020-09-19,30,quantile,0.4,12,median
2020-08-31,2020-08-31,3 wk ahead inc death,2020-09-19,30,quantile,0.45,13,median
2020-08-31,2020-08-31,3 wk ahead inc death,2020-09-19,30,quantile,0.5,14,median
2020-08-31,2020-08-31,3 wk ahead inc death,2020-09-19,30,quantile,0.55,15,median
2020-08-31,2020-08-31,3 wk ahead inc death,2020-09-19,30,quantile,0.6,16,median
2020-08-31,2020-08-31,3 wk ahead inc death,2020-09-19,30,quantile,0.65,18,median
2020-08-31,2020-08-31,3 wk ahead inc death,2020-09-19,30,quantile,0.7,19,median
2020-08-31,2020-08-31,3 wk ahead inc death,2020-09-19,30,quantile,0.75,21,median
2020-08-31,2020-08-31,3 wk ahead inc death,2020-09-19,30,quantile,0.8,22,median
2020-08-31,2020-08-31,3 wk ahead inc death,2020-09-19,30,quantile,0.85,26,median
2020-08-31,2020-08-31,3 wk ahead inc death,2020-09-19,30,quantile,0.9,30,median
2020-08-31,2020-08-31,3 wk ahead inc death,2020-09-19,30,quantile,0.95,38,median
2020-08-31,2020-08-31,3 wk ahead inc death,2020-09-19,30,quantile,0.975,47,median
2020-08-31,2020-08-31,3 wk ahead inc death,2020-09-19,30,quantile,0.99,56.0799999999999,median
2020-08-31,2020-08-31,4 wk ahead inc death,2020-09-26,30,point,,17,median
2020-08-31,2020-08-31,4 wk ahead inc death,2020-09-26,30,quantile,0.01,2,median
2020-08-31,2020-08-31,4 wk ahead inc death,2020-09-26,30,quantile,0.025,3,median
2020-08-31,2020-08-31,4 wk ahead inc death,2020-09-26,30,quantile,0.05,4,median
2020-08-31,2020-08-31,4 wk ahead inc death,2020-09-26,30,quantile,0.1,6,median
2020-08-31,2020-08-31,4 wk ahead inc death,2020-09-26,30,quantile,0.15,8,median
2020-08-31,2020-08-31,4 wk ahead inc death,2020-09-26,30,quantile,0.2,9,median
2020-08-31,2020-08-31,4 wk ahead inc death,2020-09-26,30,quantile,0.25,10,median
2020-08-31,2020-08-31,4 wk ahead inc death,2020-09-26,30,quantile,0.3,11,median
2020-08-31,2020-08-31,4 wk ahead inc death,2020-09-26,30,quantile,0.35,12,median
2020-08-31,2020-08-31,4 wk ahead inc death,2020-09-26,30,quantile,0.4,14,median
2020-08-31,2020-08-31,4 wk ahead inc death,2020-09-26,30,quantile,0.45,15,median
2020-08-31,2020-08-31,4 wk ahead inc death,2020-09-26,30,quantile,0.5,17,median
2020-08-31,2020-08-31,4 wk ahead inc death,2020-09-26,30,quantile,0.55,19,median
2020-08-31,2020-08-31,4 wk ahead inc death,2020-09-26,30,quantile,0.6,20,median
2020-08-31,2020-08-31,4 wk ahead inc death,2020-09-26,30,quantile,0.65,21,median
2020-08-31,2020-08-31,4 wk ahead inc death,2020-09-26,30,quantile,0.7,22,median
2020-08-31,2020-08-31,4 wk ahead inc death,2020-09-26,30,quantile,0.75,24,median
2020-08-31,2020-08-31,4 wk ahead inc death,2020-09-26,30,quantile,0.8,26,median
2020-08-31,2020-08-31,4 wk ahead inc death,2020-09-26,30,quantile,0.85,35,median
2020-08-31,2020-08-31,4 wk ahead inc death,2020-09-26,30,quantile,0.9,45,median
2020-08-31,2020-08-31,4 wk ahead inc death,2020-09-26,30,quantile,0.95,58,median
2020-08-31,2020-08-31,4 wk ahead inc death,2020-09-26,30,quantile,0.975,78.025,median
2020-08-31,2020-08-31,4 wk ahead inc death,2020-09-26,30,quantile,0.99,106,median
2020-08-31,2020-08-31,1 wk ahead inc death,2020-09-05,31,point,,18,median
2020-08-31,2020-08-31,1 wk ahead inc death,2020-09-05,31,quantile,0.01,7.99,median
2020-08-31,2020-08-31,1 wk ahead inc death,2020-09-05,31,quantile,0.025,8,median
2020-08-31,2020-08-31,1 wk ahead inc death,2020-09-05,31,quantile,0.05,9,median
2020-08-31,2020-08-31,1 wk ahead inc death,2020-09-05,31,quantile,0.1,11,median
2020-08-31,2020-08-31,1 wk ahead inc death,2020-09-05,31,quantile,0.15,12,median
2020-08-31,2020-08-31,1 wk ahead inc death,2020-09-05,31,quantile,0.2,13,median
2020-08-31,2020-08-31,1 wk ahead inc death,2020-09-05,31,quantile,0.25,14,median
2020-08-31,2020-08-31,1 wk ahead inc death,2020-09-05,31,quantile,0.3,15,median
2020-08-31,2020-08-31,1 wk ahead inc death,2020-09-05,31,quantile,0.35,15,median
2020-08-31,2020-08-31,1 wk ahead inc death,2020-09-05,31,quantile,0.4,16,median
2020-08-31,2020-08-31,1 wk ahead inc death,2020-09-05,31,quantile,0.45,17,median
2020-08-31,2020-08-31,1 wk ahead inc death,2020-09-05,31,quantile,0.5,18,median
2020-08-31,2020-08-31,1 wk ahead inc death,2020-09-05,31,quantile,0.55,19,median
2020-08-31,2020-08-31,1 wk ahead inc death,2020-09-05,31,quantile,0.6,21,median
2020-08-31,2020-08-31,1 wk ahead inc death,2020-09-05,31,quantile,0.65,22,median
2020-08-31,2020-08-31,1 wk ahead inc death,2020-09-05,31,quantile,0.7,23,median
2020-08-31,2020-08-31,1 wk ahead inc death,2020-09-05,31,quantile,0.75,25,median
2020-08-31,2020-08-31,1 wk ahead inc death,2020-09-05,31,quantile,0.8,26,median
2020-08-31,2020-08-31,1 wk ahead inc death,2020-09-05,31,quantile,0.85,29,median
2020-08-31,2020-08-31,1 wk ahead inc death,2020-09-05,31,quantile,0.9,32,median
2020-08-31,2020-08-31,1 wk ahead inc death,2020-09-05,31,quantile,0.95,35,median
2020-08-31,2020-08-31,1 wk ahead inc death,2020-09-05,31,quantile,0.975,37.025,median
2020-08-31,2020-08-31,1 wk ahead inc death,2020-09-05,31,quantile,0.99,41,median
2020-08-31,2020-08-31,2 wk ahead inc death,2020-09-12,31,point,,19,median
2020-08-31,2020-08-31,2 wk ahead inc death,2020-09-12,31,quantile,0.01,5,median
2020-08-31,2020-08-31,2 wk ahead inc death,2020-09-12,31,quantile,0.025,6,median
2020-08-31,2020-08-31,2 wk ahead inc death,2020-09-12,31,quantile,0.05,7,median
2020-08-31,2020-08-31,2 wk ahead inc death,2020-09-12,31,quantile,0.1,10,median
2020-08-31,2020-08-31,2 wk ahead inc death,2020-09-12,31,quantile,0.15,11,median
2020-08-31,2020-08-31,2 wk ahead inc death,2020-09-12,31,quantile,0.2,12,median
2020-08-31,2020-08-31,2 wk ahead inc death,2020-09-12,31,quantile,0.25,13,median
2020-08-31,2020-08-31,2 wk ahead inc death,2020-09-12,31,quantile,0.3,15,median
2020-08-31,2020-08-31,2 wk ahead inc death,2020-09-12,31,quantile,0.35,15,median
2020-08-31,2020-08-31,2 wk ahead inc death,2020-09-12,31,quantile,0.4,17,median
2020-08-31,2020-08-31,2 wk ahead inc death,2020-09-12,31,quantile,0.45,17,median
2020-08-31,2020-08-31,2 wk ahead inc death,2020-09-12,31,quantile,0.5,19,median
2020-08-31,2020-08-31,2 wk ahead inc death,2020-09-12,31,quantile,0.55,20,median
2020-08-31,2020-08-31,2 wk ahead inc death,2020-09-12,31,quantile,0.6,21,median
2020-08-31,2020-08-31,2 wk ahead inc death,2020-09-12,31,quantile,0.65,22,median
2020-08-31,2020-08-31,2 wk ahead inc death,2020-09-12,31,quantile,0.7,23,median
2020-08-31,2020-08-31,2 wk ahead inc death,2020-09-12,31,quantile,0.75,25,median
2020-08-31,2020-08-31,2 wk ahead inc death,2020-09-12,31,quantile,0.8,28,median
2020-08-31,2020-08-31,2 wk ahead inc death,2020-09-12,31,quantile,0.85,31,median
2020-08-31,2020-08-31,2 wk ahead inc death,2020-09-12,31,quantile,0.9,35,median
2020-08-31,2020-08-31,2 wk ahead inc death,2020-09-12,31,quantile,0.95,41,median
2020-08-31,2020-08-31,2 wk ahead inc death,2020-09-12,31,quantile,0.975,49.025,median
2020-08-31,2020-08-31,2 wk ahead inc death,2020-09-12,31,quantile,0.99,57.01,median
2020-08-31,2020-08-31,3 wk ahead inc death,2020-09-19,31,point,,22,median
2020-08-31,2020-08-31,3 wk ahead inc death,2020-09-19,31,quantile,0.01,6,median
2020-08-31,2020-08-31,3 wk ahead inc death,2020-09-19,31,quantile,0.025,7,median
2020-08-31,2020-08-31,3 wk ahead inc death,2020-09-19,31,quantile,0.05,8,median
2020-08-31,2020-08-31,3 wk ahead inc death,2020-09-19,31,quantile,0.1,11,median
2020-08-31,2020-08-31,3 wk ahead inc death,2020-09-19,31,quantile,0.15,12,median
2020-08-31,2020-08-31,3 wk ahead inc death,2020-09-19,31,quantile,0.2,14,median
2020-08-31,2020-08-31,3 wk ahead inc death,2020-09-19,31,quantile,0.25,15,median
2020-08-31,2020-08-31,3 wk ahead inc death,2020-09-19,31,quantile,0.3,16,median
2020-08-31,2020-08-31,3 wk ahead inc death,2020-09-19,31,quantile,0.35,18,median
2020-08-31,2020-08-31,3 wk ahead inc death,2020-09-19,31,quantile,0.4,19,median
2020-08-31,2020-08-31,3 wk ahead inc death,2020-09-19,31,quantile,0.45,20,median
2020-08-31,2020-08-31,3 wk ahead inc death,2020-09-19,31,quantile,0.5,22,median
2020-08-31,2020-08-31,3 wk ahead inc death,2020-09-19,31,quantile,0.55,23.45,median
2020-08-31,2020-08-31,3 wk ahead inc death,2020-09-19,31,quantile,0.6,25,median
2020-08-31,2020-08-31,3 wk ahead inc death,2020-09-19,31,quantile,0.65,27,median
2020-08-31,2020-08-31,3 wk ahead inc death,2020-09-19,31,quantile,0.7,29,median
2020-08-31,2020-08-31,3 wk ahead inc death,2020-09-19,31,quantile,0.75,31,median
2020-08-31,2020-08-31,3 wk ahead inc death,2020-09-19,31,quantile,0.8,34,median
2020-08-31,2020-08-31,3 wk ahead inc death,2020-09-19,31,quantile,0.85,38,median
2020-08-31,2020-08-31,3 wk ahead inc death,2020-09-19,31,quantile,0.9,45,median
2020-08-31,2020-08-31,3 wk ahead inc death,2020-09-19,31,quantile,0.95,53,median
2020-08-31,2020-08-31,3 wk ahead inc death,2020-09-19,31,quantile,0.975,62,median
2020-08-31,2020-08-31,3 wk ahead inc death,2020-09-19,31,quantile,0.99,67,median
2020-08-31,2020-08-31,4 wk ahead inc death,2020-09-26,31,point,,28,median
2020-08-31,2020-08-31,4 wk ahead inc death,2020-09-26,31,quantile,0.01,6,median
2020-08-31,2020-08-31,4 wk ahead inc death,2020-09-26,31,quantile,0.025,8,median
2020-08-31,2020-08-31,4 wk ahead inc death,2020-09-26,31,quantile,0.05,10,median
2020-08-31,2020-08-31,4 wk ahead inc death,2020-09-26,31,quantile,0.1,13,median
2020-08-31,2020-08-31,4 wk ahead inc death,2020-09-26,31,quantile,0.15,16,median
2020-08-31,2020-08-31,4 wk ahead inc death,2020-09-26,31,quantile,0.2,17.8,median
2020-08-31,2020-08-31,4 wk ahead inc death,2020-09-26,31,quantile,0.25,19,median
2020-08-31,2020-08-31,4 wk ahead inc death,2020-09-26,31,quantile,0.3,21,median
2020-08-31,2020-08-31,4 wk ahead inc death,2020-09-26,31,quantile,0.35,23,median
2020-08-31,2020-08-31,4 wk ahead inc death,2020-09-26,31,quantile,0.4,25,median
2020-08-31,2020-08-31,4 wk ahead inc death,2020-09-26,31,quantile,0.45,26.55,median
2020-08-31,2020-08-31,4 wk ahead inc death,2020-09-26,31,quantile,0.5,28,median
2020-08-31,2020-08-31,4 wk ahead inc death,2020-09-26,31,quantile,0.55,30,median
2020-08-31,2020-08-31,4 wk ahead inc death,2020-09-26,31,quantile,0.6,33,median
2020-08-31,2020-08-31,4 wk ahead inc death,2020-09-26,31,quantile,0.65,37,median
2020-08-31,2020-08-31,4 wk ahead inc death,2020-09-26,31,quantile,0.7,40,median
2020-08-31,2020-08-31,4 wk ahead inc death,2020-09-26,31,quantile,0.75,43,median
2020-08-31,2020-08-31,4 wk ahead inc death,2020-09-26,31,quantile,0.8,45,median
2020-08-31,2020-08-31,4 wk ahead inc death,2020-09-26,31,quantile,0.85,48.1500000000001,median
2020-08-31,2020-08-31,4 wk ahead inc death,2020-09-26,31,quantile,0.9,56,median
2020-08-31,2020-08-31,4 wk ahead inc death,2020-09-26,31,quantile,0.95,73,median
2020-08-31,2020-08-31,4 wk ahead inc death,2020-09-26,31,quantile,0.975,85,median
2020-08-31,2020-08-31,4 wk ahead inc death,2020-09-26,31,quantile,0.99,92,median
2020-08-31,2020-08-31,1 wk ahead inc death,2020-09-05,32,point,,71,median
2020-08-31,2020-08-31,1 wk ahead inc death,2020-09-05,32,quantile,0.01,34,median
2020-08-31,2020-08-31,1 wk ahead inc death,2020-09-05,32,quantile,0.025,39,median
2020-08-31,2020-08-31,1 wk ahead inc death,2020-09-05,32,quantile,0.05,41,median
2020-08-31,2020-08-31,1 wk ahead inc death,2020-09-05,32,quantile,0.1,44,median
2020-08-31,2020-08-31,1 wk ahead inc death,2020-09-05,32,quantile,0.15,48,median
2020-08-31,2020-08-31,1 wk ahead inc death,2020-09-05,32,quantile,0.2,51,median
2020-08-31,2020-08-31,1 wk ahead inc death,2020-09-05,32,quantile,0.25,54,median
2020-08-31,2020-08-31,1 wk ahead inc death,2020-09-05,32,quantile,0.3,58,median
2020-08-31,2020-08-31,1 wk ahead inc death,2020-09-05,32,quantile,0.35,61,median
2020-08-31,2020-08-31,1 wk ahead inc death,2020-09-05,32,quantile,0.4,64,median
2020-08-31,2020-08-31,1 wk ahead inc death,2020-09-05,32,quantile,0.45,67,median
2020-08-31,2020-08-31,1 wk ahead inc death,2020-09-05,32,quantile,0.5,71,median
2020-08-31,2020-08-31,1 wk ahead inc death,2020-09-05,32,quantile,0.55,74.0000000000001,median
2020-08-31,2020-08-31,1 wk ahead inc death,2020-09-05,32,quantile,0.6,78,median
2020-08-31,2020-08-31,1 wk ahead inc death,2020-09-05,32,quantile,0.65,81.0000000000002,median
2020-08-31,2020-08-31,1 wk ahead inc death,2020-09-05,32,quantile,0.7,86,median
2020-08-31,2020-08-31,1 wk ahead inc death,2020-09-05,32,quantile,0.75,90,median
2020-08-31,2020-08-31,1 wk ahead inc death,2020-09-05,32,quantile,0.8,94,median
2020-08-31,2020-08-31,1 wk ahead inc death,2020-09-05,32,quantile,0.85,100,median
2020-08-31,2020-08-31,1 wk ahead inc death,2020-09-05,32,quantile,0.9,107,median
2020-08-31,2020-08-31,1 wk ahead inc death,2020-09-05,32,quantile,0.95,118,median
2020-08-31,2020-08-31,1 wk ahead inc death,2020-09-05,32,quantile,0.975,127,median
2020-08-31,2020-08-31,1 wk ahead inc death,2020-09-05,32,quantile,0.99,142.02,median
2020-08-31,2020-08-31,2 wk ahead inc death,2020-09-12,32,point,,67,median
2020-08-31,2020-08-31,2 wk ahead inc death,2020-09-12,32,quantile,0.01,20.99,median
2020-08-31,2020-08-31,2 wk ahead inc death,2020-09-12,32,quantile,0.025,29.975,median
2020-08-31,2020-08-31,2 wk ahead inc death,2020-09-12,32,quantile,0.05,37,median
2020-08-31,2020-08-31,2 wk ahead inc death,2020-09-12,32,quantile,0.1,44,median
2020-08-31,2020-08-31,2 wk ahead inc death,2020-09-12,32,quantile,0.15,49,median
2020-08-31,2020-08-31,2 wk ahead inc death,2020-09-12,32,quantile,0.2,52,median
2020-08-31,2020-08-31,2 wk ahead inc death,2020-09-12,32,quantile,0.25,55,median
2020-08-31,2020-08-31,2 wk ahead inc death,2020-09-12,32,quantile,0.3,57,median
2020-08-31,2020-08-31,2 wk ahead inc death,2020-09-12,32,quantile,0.35,60,median
2020-08-31,2020-08-31,2 wk ahead inc death,2020-09-12,32,quantile,0.4,62,median
2020-08-31,2020-08-31,2 wk ahead inc death,2020-09-12,32,quantile,0.45,64,median
2020-08-31,2020-08-31,2 wk ahead inc death,2020-09-12,32,quantile,0.5,67,median
2020-08-31,2020-08-31,2 wk ahead inc death,2020-09-12,32,quantile,0.55,69,median
2020-08-31,2020-08-31,2 wk ahead inc death,2020-09-12,32,quantile,0.6,72,median
2020-08-31,2020-08-31,2 wk ahead inc death,2020-09-12,32,quantile,0.65,74,median
2020-08-31,2020-08-31,2 wk ahead inc death,2020-09-12,32,quantile,0.7,76,median
2020-08-31,2020-08-31,2 wk ahead inc death,2020-09-12,32,quantile,0.75,79,median
2020-08-31,2020-08-31,2 wk ahead inc death,2020-09-12,32,quantile,0.8,85,median
2020-08-31,2020-08-31,2 wk ahead inc death,2020-09-12,32,quantile,0.85,92,median
2020-08-31,2020-08-31,2 wk ahead inc death,2020-09-12,32,quantile,0.9,99.0000000000002,median
2020-08-31,2020-08-31,2 wk ahead inc death,2020-09-12,32,quantile,0.95,109,median
2020-08-31,2020-08-31,2 wk ahead inc death,2020-09-12,32,quantile,0.975,115,median
2020-08-31,2020-08-31,2 wk ahead inc death,2020-09-12,32,quantile,0.99,129,median
2020-08-31,2020-08-31,3 wk ahead inc death,2020-09-19,32,point,,54,median
2020-08-31,2020-08-31,3 wk ahead inc death,2020-09-19,32,quantile,0.01,19,median
2020-08-31,2020-08-31,3 wk ahead inc death,2020-09-19,32,quantile,0.025,26,median
2020-08-31,2020-08-31,3 wk ahead inc death,2020-09-19,32,quantile,0.05,30,median
2020-08-31,2020-08-31,3 wk ahead inc death,2020-09-19,32,quantile,0.1,34,median
2020-08-31,2020-08-31,3 wk ahead inc death,2020-09-19,32,quantile,0.15,38,median
2020-08-31,2020-08-31,3 wk ahead inc death,2020-09-19,32,quantile,0.2,41,median
2020-08-31,2020-08-31,3 wk ahead inc death,2020-09-19,32,quantile,0.25,43,median
2020-08-31,2020-08-31,3 wk ahead inc death,2020-09-19,32,quantile,0.3,45,median
2020-08-31,2020-08-31,3 wk ahead inc death,2020-09-19,32,quantile,0.35,47,median
2020-08-31,2020-08-31,3 wk ahead inc death,2020-09-19,32,quantile,0.4,49,median
2020-08-31,2020-08-31,3 wk ahead inc death,2020-09-19,32,quantile,0.45,51,median
2020-08-31,2020-08-31,3 wk ahead inc death,2020-09-19,32,quantile,0.5,54,median
2020-08-31,2020-08-31,3 wk ahead inc death,2020-09-19,32,quantile,0.55,56,median
2020-08-31,2020-08-31,3 wk ahead inc death,2020-09-19,32,quantile,0.6,58,median
2020-08-31,2020-08-31,3 wk ahead inc death,2020-09-19,32,quantile,0.65,61,median
2020-08-31,2020-08-31,3 wk ahead inc death,2020-09-19,32,quantile,0.7,63,median
2020-08-31,2020-08-31,3 wk ahead inc death,2020-09-19,32,quantile,0.75,67,median
2020-08-31,2020-08-31,3 wk ahead inc death,2020-09-19,32,quantile,0.8,75,median
2020-08-31,2020-08-31,3 wk ahead inc death,2020-09-19,32,quantile,0.85,89,median
2020-08-31,2020-08-31,3 wk ahead inc death,2020-09-19,32,quantile,0.9,100,median
2020-08-31,2020-08-31,3 wk ahead inc death,2020-09-19,32,quantile,0.95,115,median
2020-08-31,2020-08-31,3 wk ahead inc death,2020-09-19,32,quantile,0.975,124,median
2020-08-31,2020-08-31,3 wk ahead inc death,2020-09-19,32,quantile,0.99,132,median
2020-08-31,2020-08-31,4 wk ahead inc death,2020-09-26,32,point,,44,median
2020-08-31,2020-08-31,4 wk ahead inc death,2020-09-26,32,quantile,0.01,13.99,median
2020-08-31,2020-08-31,4 wk ahead inc death,2020-09-26,32,quantile,0.025,17,median
2020-08-31,2020-08-31,4 wk ahead inc death,2020-09-26,32,quantile,0.05,20,median
2020-08-31,2020-08-31,4 wk ahead inc death,2020-09-26,32,quantile,0.1,25,median
2020-08-31,2020-08-31,4 wk ahead inc death,2020-09-26,32,quantile,0.15,29,median
2020-08-31,2020-08-31,4 wk ahead inc death,2020-09-26,32,quantile,0.2,31,median
2020-08-31,2020-08-31,4 wk ahead inc death,2020-09-26,32,quantile,0.25,35,median
2020-08-31,2020-08-31,4 wk ahead inc death,2020-09-26,32,quantile,0.3,37,median
2020-08-31,2020-08-31,4 wk ahead inc death,2020-09-26,32,quantile,0.35,39,median
2020-08-31,2020-08-31,4 wk ahead inc death,2020-09-26,32,quantile,0.4,40,median
2020-08-31,2020-08-31,4 wk ahead inc death,2020-09-26,32,quantile,0.45,42,median
2020-08-31,2020-08-31,4 wk ahead inc death,2020-09-26,32,quantile,0.5,44,median
2020-08-31,2020-08-31,4 wk ahead inc death,2020-09-26,32,quantile,0.55,46,median
2020-08-31,2020-08-31,4 wk ahead inc death,2020-09-26,32,quantile,0.6,48,median
2020-08-31,2020-08-31,4 wk ahead inc death,2020-09-26,32,quantile,0.65,51,median
2020-08-31,2020-08-31,4 wk ahead inc death,2020-09-26,32,quantile,0.7,53,median
2020-08-31,2020-08-31,4 wk ahead inc death,2020-09-26,32,quantile,0.75,59,median
2020-08-31,2020-08-31,4 wk ahead inc death,2020-09-26,32,quantile,0.8,69,median
2020-08-31,2020-08-31,4 wk ahead inc death,2020-09-26,32,quantile,0.85,83,median
2020-08-31,2020-08-31,4 wk ahead inc death,2020-09-26,32,quantile,0.9,99.0000000000002,median
2020-08-31,2020-08-31,4 wk ahead inc death,2020-09-26,32,quantile,0.95,129,median
2020-08-31,2020-08-31,4 wk ahead inc death,2020-09-26,32,quantile,0.975,145,median
2020-08-31,2020-08-31,4 wk ahead inc death,2020-09-26,32,quantile,0.99,154,median
2020-08-31,2020-08-31,1 wk ahead inc death,2020-09-05,33,point,,3,median
2020-08-31,2020-08-31,1 wk ahead inc death,2020-09-05,33,quantile,0.01,0,median
2020-08-31,2020-08-31,1 wk ahead inc death,2020-09-05,33,quantile,0.025,0,median
2020-08-31,2020-08-31,1 wk ahead inc death,2020-09-05,33,quantile,0.05,1,median
2020-08-31,2020-08-31,1 wk ahead inc death,2020-09-05,33,quantile,0.1,1,median
2020-08-31,2020-08-31,1 wk ahead inc death,2020-09-05,33,quantile,0.15,1,median
2020-08-31,2020-08-31,1 wk ahead inc death,2020-09-05,33,quantile,0.2,1,median
2020-08-31,2020-08-31,1 wk ahead inc death,2020-09-05,33,quantile,0.25,1,median
2020-08-31,2020-08-31,1 wk ahead inc death,2020-09-05,33,quantile,0.3,1,median
2020-08-31,2020-08-31,1 wk ahead inc death,2020-09-05,33,quantile,0.35,2,median
2020-08-31,2020-08-31,1 wk ahead inc death,2020-09-05,33,quantile,0.4,2,median
2020-08-31,2020-08-31,1 wk ahead inc death,2020-09-05,33,quantile,0.45,2,median
2020-08-31,2020-08-31,1 wk ahead inc death,2020-09-05,33,quantile,0.5,3,median
2020-08-31,2020-08-31,1 wk ahead inc death,2020-09-05,33,quantile,0.55,3,median
2020-08-31,2020-08-31,1 wk ahead inc death,2020-09-05,33,quantile,0.6,3,median
2020-08-31,2020-08-31,1 wk ahead inc death,2020-09-05,33,quantile,0.65,3,median
2020-08-31,2020-08-31,1 wk ahead inc death,2020-09-05,33,quantile,0.7,4,median
2020-08-31,2020-08-31,1 wk ahead inc death,2020-09-05,33,quantile,0.75,4,median
2020-08-31,2020-08-31,1 wk ahead inc death,2020-09-05,33,quantile,0.8,5,median
2020-08-31,2020-08-31,1 wk ahead inc death,2020-09-05,33,quantile,0.85,5,median
2020-08-31,2020-08-31,1 wk ahead inc death,2020-09-05,33,quantile,0.9,6,median
2020-08-31,2020-08-31,1 wk ahead inc death,2020-09-05,33,quantile,0.95,7,median
2020-08-31,2020-08-31,1 wk ahead inc death,2020-09-05,33,quantile,0.975,8.02499999999998,median
2020-08-31,2020-08-31,1 wk ahead inc death,2020-09-05,33,quantile,0.99,10,median
2020-08-31,2020-08-31,2 wk ahead inc death,2020-09-12,33,point,,3,median
2020-08-31,2020-08-31,2 wk ahead inc death,2020-09-12,33,quantile,0.01,0,median
2020-08-31,2020-08-31,2 wk ahead inc death,2020-09-12,33,quantile,0.025,0,median
2020-08-31,2020-08-31,2 wk ahead inc death,2020-09-12,33,quantile,0.05,0,median
2020-08-31,2020-08-31,2 wk ahead inc death,2020-09-12,33,quantile,0.1,0,median
2020-08-31,2020-08-31,2 wk ahead inc death,2020-09-12,33,quantile,0.15,1,median
2020-08-31,2020-08-31,2 wk ahead inc death,2020-09-12,33,quantile,0.2,1,median
2020-08-31,2020-08-31,2 wk ahead inc death,2020-09-12,33,quantile,0.25,1,median
2020-08-31,2020-08-31,2 wk ahead inc death,2020-09-12,33,quantile,0.3,2,median
2020-08-31,2020-08-31,2 wk ahead inc death,2020-09-12,33,quantile,0.35,2,median
2020-08-31,2020-08-31,2 wk ahead inc death,2020-09-12,33,quantile,0.4,2,median
2020-08-31,2020-08-31,2 wk ahead inc death,2020-09-12,33,quantile,0.45,2,median
2020-08-31,2020-08-31,2 wk ahead inc death,2020-09-12,33,quantile,0.5,3,median
2020-08-31,2020-08-31,2 wk ahead inc death,2020-09-12,33,quantile,0.55,3,median
2020-08-31,2020-08-31,2 wk ahead inc death,2020-09-12,33,quantile,0.6,3,median
2020-08-31,2020-08-31,2 wk ahead inc death,2020-09-12,33,quantile,0.65,4,median
2020-08-31,2020-08-31,2 wk ahead inc death,2020-09-12,33,quantile,0.7,4,median
2020-08-31,2020-08-31,2 wk ahead inc death,2020-09-12,33,quantile,0.75,4,median
2020-08-31,2020-08-31,2 wk ahead inc death,2020-09-12,33,quantile,0.8,5,median
2020-08-31,2020-08-31,2 wk ahead inc death,2020-09-12,33,quantile,0.85,5,median
2020-08-31,2020-08-31,2 wk ahead inc death,2020-09-12,33,quantile,0.9,6,median
2020-08-31,2020-08-31,2 wk ahead inc death,2020-09-12,33,quantile,0.95,8,median
2020-08-31,2020-08-31,2 wk ahead inc death,2020-09-12,33,quantile,0.975,9,median
2020-08-31,2020-08-31,2 wk ahead inc death,2020-09-12,33,quantile,0.99,11,median
2020-08-31,2020-08-31,3 wk ahead inc death,2020-09-19,33,point,,3,median
2020-08-31,2020-08-31,3 wk ahead inc death,2020-09-19,33,quantile,0.01,0,median
2020-08-31,2020-08-31,3 wk ahead inc death,2020-09-19,33,quantile,0.025,0,median
2020-08-31,2020-08-31,3 wk ahead inc death,2020-09-19,33,quantile,0.05,0,median
2020-08-31,2020-08-31,3 wk ahead inc death,2020-09-19,33,quantile,0.1,0,median
2020-08-31,2020-08-31,3 wk ahead inc death,2020-09-19,33,quantile,0.15,1,median
2020-08-31,2020-08-31,3 wk ahead inc death,2020-09-19,33,quantile,0.2,1,median
2020-08-31,2020-08-31,3 wk ahead inc death,2020-09-19,33,quantile,0.25,1,median
2020-08-31,2020-08-31,3 wk ahead inc death,2020-09-19,33,quantile,0.3,2,median
2020-08-31,2020-08-31,3 wk ahead inc death,2020-09-19,33,quantile,0.35,2,median
2020-08-31,2020-08-31,3 wk ahead inc death,2020-09-19,33,quantile,0.4,2,median
2020-08-31,2020-08-31,3 wk ahead inc death,2020-09-19,33,quantile,0.45,2,median
2020-08-31,2020-08-31,3 wk ahead inc death,2020-09-19,33,quantile,0.5,3,median
2020-08-31,2020-08-31,3 wk ahead inc death,2020-09-19,33,quantile,0.55,3,median
2020-08-31,2020-08-31,3 wk ahead inc death,2020-09-19,33,quantile,0.6,3,median
2020-08-31,2020-08-31,3 wk ahead inc death,2020-09-19,33,quantile,0.65,3,median
2020-08-31,2020-08-31,3 wk ahead inc death,2020-09-19,33,quantile,0.7,4,median
2020-08-31,2020-08-31,3 wk ahead inc death,2020-09-19,33,quantile,0.75,4,median
2020-08-31,2020-08-31,3 wk ahead inc death,2020-09-19,33,quantile,0.8,5,median
2020-08-31,2020-08-31,3 wk ahead inc death,2020-09-19,33,quantile,0.85,5,median
2020-08-31,2020-08-31,3 wk ahead inc death,2020-09-19,33,quantile,0.9,6,median
2020-08-31,2020-08-31,3 wk ahead inc death,2020-09-19,33,quantile,0.95,8,median
2020-08-31,2020-08-31,3 wk ahead inc death,2020-09-19,33,quantile,0.975,9,median
2020-08-31,2020-08-31,3 wk ahead inc death,2020-09-19,33,quantile,0.99,11,median
2020-08-31,2020-08-31,4 wk ahead inc death,2020-09-26,33,point,,3,median
2020-08-31,2020-08-31,4 wk ahead inc death,2020-09-26,33,quantile,0.01,0,median
2020-08-31,2020-08-31,4 wk ahead inc death,2020-09-26,33,quantile,0.025,0,median
2020-08-31,2020-08-31,4 wk ahead inc death,2020-09-26,33,quantile,0.05,0,median
2020-08-31,2020-08-31,4 wk ahead inc death,2020-09-26,33,quantile,0.1,1,median
2020-08-31,2020-08-31,4 wk ahead inc death,2020-09-26,33,quantile,0.15,1,median
2020-08-31,2020-08-31,4 wk ahead inc death,2020-09-26,33,quantile,0.2,1,median
2020-08-31,2020-08-31,4 wk ahead inc death,2020-09-26,33,quantile,0.25,1,median
2020-08-31,2020-08-31,4 wk ahead inc death,2020-09-26,33,quantile,0.3,2,median
2020-08-31,2020-08-31,4 wk ahead inc death,2020-09-26,33,quantile,0.35,2,median
2020-08-31,2020-08-31,4 wk ahead inc death,2020-09-26,33,quantile,0.4,2,median
2020-08-31,2020-08-31,4 wk ahead inc death,2020-09-26,33,quantile,0.45,2,median
2020-08-31,2020-08-31,4 wk ahead inc death,2020-09-26,33,quantile,0.5,3,median
2020-08-31,2020-08-31,4 wk ahead inc death,2020-09-26,33,quantile,0.55,3,median
2020-08-31,2020-08-31,4 wk ahead inc death,2020-09-26,33,quantile,0.6,3,median
2020-08-31,2020-08-31,4 wk ahead inc death,2020-09-26,33,quantile,0.65,4,median
2020-08-31,2020-08-31,4 wk ahead inc death,2020-09-26,33,quantile,0.7,4,median
2020-08-31,2020-08-31,4 wk ahead inc death,2020-09-26,33,quantile,0.75,4,median
2020-08-31,2020-08-31,4 wk ahead inc death,2020-09-26,33,quantile,0.8,5,median
2020-08-31,2020-08-31,4 wk ahead inc death,2020-09-26,33,quantile,0.85,6,median
2020-08-31,2020-08-31,4 wk ahead inc death,2020-09-26,33,quantile,0.9,6,median
2020-08-31,2020-08-31,4 wk ahead inc death,2020-09-26,33,quantile,0.95,8,median
2020-08-31,2020-08-31,4 wk ahead inc death,2020-09-26,33,quantile,0.975,10,median
2020-08-31,2020-08-31,4 wk ahead inc death,2020-09-26,33,quantile,0.99,15,median
2020-08-31,2020-08-31,1 wk ahead inc death,2020-09-05,34,point,,41,median
2020-08-31,2020-08-31,1 wk ahead inc death,2020-09-05,34,quantile,0.01,15.99,median
2020-08-31,2020-08-31,1 wk ahead inc death,2020-09-05,34,quantile,0.025,18,median
2020-08-31,2020-08-31,1 wk ahead inc death,2020-09-05,34,quantile,0.05,22,median
2020-08-31,2020-08-31,1 wk ahead inc death,2020-09-05,34,quantile,0.1,27,median
2020-08-31,2020-08-31,1 wk ahead inc death,2020-09-05,34,quantile,0.15,29,median
2020-08-31,2020-08-31,1 wk ahead inc death,2020-09-05,34,quantile,0.2,32,median
2020-08-31,2020-08-31,1 wk ahead inc death,2020-09-05,34,quantile,0.25,34,median
2020-08-31,2020-08-31,1 wk ahead inc death,2020-09-05,34,quantile,0.3,35,median
2020-08-31,2020-08-31,1 wk ahead inc death,2020-09-05,34,quantile,0.35,36,median
2020-08-31,2020-08-31,1 wk ahead inc death,2020-09-05,34,quantile,0.4,38,median
2020-08-31,2020-08-31,1 wk ahead inc death,2020-09-05,34,quantile,0.45,39,median
2020-08-31,2020-08-31,1 wk ahead inc death,2020-09-05,34,quantile,0.5,41,median
2020-08-31,2020-08-31,1 wk ahead inc death,2020-09-05,34,quantile,0.55,43,median
2020-08-31,2020-08-31,1 wk ahead inc death,2020-09-05,34,quantile,0.6,45,median
2020-08-31,2020-08-31,1 wk ahead inc death,2020-09-05,34,quantile,0.65,47,median
2020-08-31,2020-08-31,1 wk ahead inc death,2020-09-05,34,quantile,0.7,49,median
2020-08-31,2020-08-31,1 wk ahead inc death,2020-09-05,34,quantile,0.75,51,median
2020-08-31,2020-08-31,1 wk ahead inc death,2020-09-05,34,quantile,0.8,54,median
2020-08-31,2020-08-31,1 wk ahead inc death,2020-09-05,34,quantile,0.85,57,median
2020-08-31,2020-08-31,1 wk ahead inc death,2020-09-05,34,quantile,0.9,63,median
2020-08-31,2020-08-31,1 wk ahead inc death,2020-09-05,34,quantile,0.95,71.05,median
2020-08-31,2020-08-31,1 wk ahead inc death,2020-09-05,34,quantile,0.975,83,median
2020-08-31,2020-08-31,1 wk ahead inc death,2020-09-05,34,quantile,0.99,92.01,median
2020-08-31,2020-08-31,2 wk ahead inc death,2020-09-12,34,point,,38,median
2020-08-31,2020-08-31,2 wk ahead inc death,2020-09-12,34,quantile,0.01,11,median
2020-08-31,2020-08-31,2 wk ahead inc death,2020-09-12,34,quantile,0.025,15.975,median
2020-08-31,2020-08-31,2 wk ahead inc death,2020-09-12,34,quantile,0.05,19,median
2020-08-31,2020-08-31,2 wk ahead inc death,2020-09-12,34,quantile,0.1,22,median
2020-08-31,2020-08-31,2 wk ahead inc death,2020-09-12,34,quantile,0.15,24,median
2020-08-31,2020-08-31,2 wk ahead inc death,2020-09-12,34,quantile,0.2,26,median
2020-08-31,2020-08-31,2 wk ahead inc death,2020-09-12,34,quantile,0.25,29,median
2020-08-31,2020-08-31,2 wk ahead inc death,2020-09-12,34,quantile,0.3,31,median
2020-08-31,2020-08-31,2 wk ahead inc death,2020-09-12,34,quantile,0.35,32,median
2020-08-31,2020-08-31,2 wk ahead inc death,2020-09-12,34,quantile,0.4,34,median
2020-08-31,2020-08-31,2 wk ahead inc death,2020-09-12,34,quantile,0.45,36,median
2020-08-31,2020-08-31,2 wk ahead inc death,2020-09-12,34,quantile,0.5,38,median
2020-08-31,2020-08-31,2 wk ahead inc death,2020-09-12,34,quantile,0.55,40,median
2020-08-31,2020-08-31,2 wk ahead inc death,2020-09-12,34,quantile,0.6,42,median
2020-08-31,2020-08-31,2 wk ahead inc death,2020-09-12,34,quantile,0.65,45,median
2020-08-31,2020-08-31,2 wk ahead inc death,2020-09-12,34,quantile,0.7,47,median
2020-08-31,2020-08-31,2 wk ahead inc death,2020-09-12,34,quantile,0.75,50,median
2020-08-31,2020-08-31,2 wk ahead inc death,2020-09-12,34,quantile,0.8,56,median
2020-08-31,2020-08-31,2 wk ahead inc death,2020-09-12,34,quantile,0.85,65.0000000000002,median
2020-08-31,2020-08-31,2 wk ahead inc death,2020-09-12,34,quantile,0.9,78,median
2020-08-31,2020-08-31,2 wk ahead inc death,2020-09-12,34,quantile,0.95,101,median
2020-08-31,2020-08-31,2 wk ahead inc death,2020-09-12,34,quantile,0.975,116.05,median
2020-08-31,2020-08-31,2 wk ahead inc death,2020-09-12,34,quantile,0.99,128,median
2020-08-31,2020-08-31,3 wk ahead inc death,2020-09-19,34,point,,38,median
2020-08-31,2020-08-31,3 wk ahead inc death,2020-09-19,34,quantile,0.01,11,median
2020-08-31,2020-08-31,3 wk ahead inc death,2020-09-19,34,quantile,0.025,14,median
2020-08-31,2020-08-31,3 wk ahead inc death,2020-09-19,34,quantile,0.05,17,median
2020-08-31,2020-08-31,3 wk ahead inc death,2020-09-19,34,quantile,0.1,21,median
2020-08-31,2020-08-31,3 wk ahead inc death,2020-09-19,34,quantile,0.15,24,median
2020-08-31,2020-08-31,3 wk ahead inc death,2020-09-19,34,quantile,0.2,26,median
2020-08-31,2020-08-31,3 wk ahead inc death,2020-09-19,34,quantile,0.25,28,median
2020-08-31,2020-08-31,3 wk ahead inc death,2020-09-19,34,quantile,0.3,30,median
2020-08-31,2020-08-31,3 wk ahead inc death,2020-09-19,34,quantile,0.35,32,median
2020-08-31,2020-08-31,3 wk ahead inc death,2020-09-19,34,quantile,0.4,34,median
2020-08-31,2020-08-31,3 wk ahead inc death,2020-09-19,34,quantile,0.45,36,median
2020-08-31,2020-08-31,3 wk ahead inc death,2020-09-19,34,quantile,0.5,38,median
2020-08-31,2020-08-31,3 wk ahead inc death,2020-09-19,34,quantile,0.55,40,median
2020-08-31,2020-08-31,3 wk ahead inc death,2020-09-19,34,quantile,0.6,42,median
2020-08-31,2020-08-31,3 wk ahead inc death,2020-09-19,34,quantile,0.65,44,median
2020-08-31,2020-08-31,3 wk ahead inc death,2020-09-19,34,quantile,0.7,49,median
2020-08-31,2020-08-31,3 wk ahead inc death,2020-09-19,34,quantile,0.75,60,median
2020-08-31,2020-08-31,3 wk ahead inc death,2020-09-19,34,quantile,0.8,74,median
2020-08-31,2020-08-31,3 wk ahead inc death,2020-09-19,34,quantile,0.85,95,median
2020-08-31,2020-08-31,3 wk ahead inc death,2020-09-19,34,quantile,0.9,120,median
2020-08-31,2020-08-31,3 wk ahead inc death,2020-09-19,34,quantile,0.95,130.05,median
2020-08-31,2020-08-31,3 wk ahead inc death,2020-09-19,34,quantile,0.975,144,median
2020-08-31,2020-08-31,3 wk ahead inc death,2020-09-19,34,quantile,0.99,163.02,median
2020-08-31,2020-08-31,4 wk ahead inc death,2020-09-26,34,point,,38,median
2020-08-31,2020-08-31,4 wk ahead inc death,2020-09-26,34,quantile,0.01,9.99,median
2020-08-31,2020-08-31,4 wk ahead inc death,2020-09-26,34,quantile,0.025,12,median
2020-08-31,2020-08-31,4 wk ahead inc death,2020-09-26,34,quantile,0.05,14,median
2020-08-31,2020-08-31,4 wk ahead inc death,2020-09-26,34,quantile,0.1,20,median
2020-08-31,2020-08-31,4 wk ahead inc death,2020-09-26,34,quantile,0.15,23,median
2020-08-31,2020-08-31,4 wk ahead inc death,2020-09-26,34,quantile,0.2,25,median
2020-08-31,2020-08-31,4 wk ahead inc death,2020-09-26,34,quantile,0.25,27,median
2020-08-31,2020-08-31,4 wk ahead inc death,2020-09-26,34,quantile,0.3,29,median
2020-08-31,2020-08-31,4 wk ahead inc death,2020-09-26,34,quantile,0.35,32,median
2020-08-31,2020-08-31,4 wk ahead inc death,2020-09-26,34,quantile,0.4,34,median
2020-08-31,2020-08-31,4 wk ahead inc death,2020-09-26,34,quantile,0.45,36,median
2020-08-31,2020-08-31,4 wk ahead inc death,2020-09-26,34,quantile,0.5,38,median
2020-08-31,2020-08-31,4 wk ahead inc death,2020-09-26,34,quantile,0.55,41,median
2020-08-31,2020-08-31,4 wk ahead inc death,2020-09-26,34,quantile,0.6,44,median
2020-08-31,2020-08-31,4 wk ahead inc death,2020-09-26,34,quantile,0.65,47,median
2020-08-31,2020-08-31,4 wk ahead inc death,2020-09-26,34,quantile,0.7,56,median
2020-08-31,2020-08-31,4 wk ahead inc death,2020-09-26,34,quantile,0.75,75,median
2020-08-31,2020-08-31,4 wk ahead inc death,2020-09-26,34,quantile,0.8,98,median
2020-08-31,2020-08-31,4 wk ahead inc death,2020-09-26,34,quantile,0.85,122,median
2020-08-31,2020-08-31,4 wk ahead inc death,2020-09-26,34,quantile,0.9,133,median
2020-08-31,2020-08-31,4 wk ahead inc death,2020-09-26,34,quantile,0.95,146.1,median
2020-08-31,2020-08-31,4 wk ahead inc death,2020-09-26,34,quantile,0.975,183.225,median
2020-08-31,2020-08-31,4 wk ahead inc death,2020-09-26,34,quantile,0.99,281.26,median
2020-08-31,2020-08-31,1 wk ahead inc death,2020-09-05,35,point,,31,median
2020-08-31,2020-08-31,1 wk ahead inc death,2020-09-05,35,quantile,0.01,19,median
2020-08-31,2020-08-31,1 wk ahead inc death,2020-09-05,35,quantile,0.025,20,median
2020-08-31,2020-08-31,1 wk ahead inc death,2020-09-05,35,quantile,0.05,21,median
2020-08-31,2020-08-31,1 wk ahead inc death,2020-09-05,35,quantile,0.1,22,median
2020-08-31,2020-08-31,1 wk ahead inc death,2020-09-05,35,quantile,0.15,23,median
2020-08-31,2020-08-31,1 wk ahead inc death,2020-09-05,35,quantile,0.2,25,median
2020-08-31,2020-08-31,1 wk ahead inc death,2020-09-05,35,quantile,0.25,26,median
2020-08-31,2020-08-31,1 wk ahead inc death,2020-09-05,35,quantile,0.3,27,median
2020-08-31,2020-08-31,1 wk ahead inc death,2020-09-05,35,quantile,0.35,28,median
2020-08-31,2020-08-31,1 wk ahead inc death,2020-09-05,35,quantile,0.4,29,median
2020-08-31,2020-08-31,1 wk ahead inc death,2020-09-05,35,quantile,0.45,30,median
2020-08-31,2020-08-31,1 wk ahead inc death,2020-09-05,35,quantile,0.5,31,median
2020-08-31,2020-08-31,1 wk ahead inc death,2020-09-05,35,quantile,0.55,32,median
2020-08-31,2020-08-31,1 wk ahead inc death,2020-09-05,35,quantile,0.6,34,median
2020-08-31,2020-08-31,1 wk ahead inc death,2020-09-05,35,quantile,0.65,35,median
2020-08-31,2020-08-31,1 wk ahead inc death,2020-09-05,35,quantile,0.7,36,median
2020-08-31,2020-08-31,1 wk ahead inc death,2020-09-05,35,quantile,0.75,37,median
2020-08-31,2020-08-31,1 wk ahead inc death,2020-09-05,35,quantile,0.8,39,median
2020-08-31,2020-08-31,1 wk ahead inc death,2020-09-05,35,quantile,0.85,40,median
2020-08-31,2020-08-31,1 wk ahead inc death,2020-09-05,35,quantile,0.9,43,median
2020-08-31,2020-08-31,1 wk ahead inc death,2020-09-05,35,quantile,0.95,46,median
2020-08-31,2020-08-31,1 wk ahead inc death,2020-09-05,35,quantile,0.975,47,median
2020-08-31,2020-08-31,1 wk ahead inc death,2020-09-05,35,quantile,0.99,48,median
2020-08-31,2020-08-31,2 wk ahead inc death,2020-09-12,35,point,,31,median
2020-08-31,2020-08-31,2 wk ahead inc death,2020-09-12,35,quantile,0.01,16,median
2020-08-31,2020-08-31,2 wk ahead inc death,2020-09-12,35,quantile,0.025,17,median
2020-08-31,2020-08-31,2 wk ahead inc death,2020-09-12,35,quantile,0.05,18,median
2020-08-31,2020-08-31,2 wk ahead inc death,2020-09-12,35,quantile,0.1,20,median
2020-08-31,2020-08-31,2 wk ahead inc death,2020-09-12,35,quantile,0.15,22,median
2020-08-31,2020-08-31,2 wk ahead inc death,2020-09-12,35,quantile,0.2,23,median
2020-08-31,2020-08-31,2 wk ahead inc death,2020-09-12,35,quantile,0.25,24,median
2020-08-31,2020-08-31,2 wk ahead inc death,2020-09-12,35,quantile,0.3,25,median
2020-08-31,2020-08-31,2 wk ahead inc death,2020-09-12,35,quantile,0.35,27,median
2020-08-31,2020-08-31,2 wk ahead inc death,2020-09-12,35,quantile,0.4,28,median
2020-08-31,2020-08-31,2 wk ahead inc death,2020-09-12,35,quantile,0.45,30,median
2020-08-31,2020-08-31,2 wk ahead inc death,2020-09-12,35,quantile,0.5,31,median
2020-08-31,2020-08-31,2 wk ahead inc death,2020-09-12,35,quantile,0.55,32,median
2020-08-31,2020-08-31,2 wk ahead inc death,2020-09-12,35,quantile,0.6,34,median
2020-08-31,2020-08-31,2 wk ahead inc death,2020-09-12,35,quantile,0.65,35.0000000000002,median
2020-08-31,2020-08-31,2 wk ahead inc death,2020-09-12,35,quantile,0.7,37,median
2020-08-31,2020-08-31,2 wk ahead inc death,2020-09-12,35,quantile,0.75,39,median
2020-08-31,2020-08-31,2 wk ahead inc death,2020-09-12,35,quantile,0.8,42,median
2020-08-31,2020-08-31,2 wk ahead inc death,2020-09-12,35,quantile,0.85,45,median
2020-08-31,2020-08-31,2 wk ahead inc death,2020-09-12,35,quantile,0.9,49,median
2020-08-31,2020-08-31,2 wk ahead inc death,2020-09-12,35,quantile,0.95,54,median
2020-08-31,2020-08-31,2 wk ahead inc death,2020-09-12,35,quantile,0.975,59,median
2020-08-31,2020-08-31,2 wk ahead inc death,2020-09-12,35,quantile,0.99,61,median
2020-08-31,2020-08-31,3 wk ahead inc death,2020-09-19,35,point,,32,median
2020-08-31,2020-08-31,3 wk ahead inc death,2020-09-19,35,quantile,0.01,13,median
2020-08-31,2020-08-31,3 wk ahead inc death,2020-09-19,35,quantile,0.025,14,median
2020-08-31,2020-08-31,3 wk ahead inc death,2020-09-19,35,quantile,0.05,15,median
2020-08-31,2020-08-31,3 wk ahead inc death,2020-09-19,35,quantile,0.1,17,median
2020-08-31,2020-08-31,3 wk ahead inc death,2020-09-19,35,quantile,0.15,19,median
2020-08-31,2020-08-31,3 wk ahead inc death,2020-09-19,35,quantile,0.2,21,median
2020-08-31,2020-08-31,3 wk ahead inc death,2020-09-19,35,quantile,0.25,23,median
2020-08-31,2020-08-31,3 wk ahead inc death,2020-09-19,35,quantile,0.3,24,median
2020-08-31,2020-08-31,3 wk ahead inc death,2020-09-19,35,quantile,0.35,26,median
2020-08-31,2020-08-31,3 wk ahead inc death,2020-09-19,35,quantile,0.4,28,median
2020-08-31,2020-08-31,3 wk ahead inc death,2020-09-19,35,quantile,0.45,30,median
2020-08-31,2020-08-31,3 wk ahead inc death,2020-09-19,35,quantile,0.5,32,median
2020-08-31,2020-08-31,3 wk ahead inc death,2020-09-19,35,quantile,0.55,33,median
2020-08-31,2020-08-31,3 wk ahead inc death,2020-09-19,35,quantile,0.6,35,median
2020-08-31,2020-08-31,3 wk ahead inc death,2020-09-19,35,quantile,0.65,37,median
2020-08-31,2020-08-31,3 wk ahead inc death,2020-09-19,35,quantile,0.7,39,median
2020-08-31,2020-08-31,3 wk ahead inc death,2020-09-19,35,quantile,0.75,43,median
2020-08-31,2020-08-31,3 wk ahead inc death,2020-09-19,35,quantile,0.8,46,median
2020-08-31,2020-08-31,3 wk ahead inc death,2020-09-19,35,quantile,0.85,51,median
2020-08-31,2020-08-31,3 wk ahead inc death,2020-09-19,35,quantile,0.9,57,median
2020-08-31,2020-08-31,3 wk ahead inc death,2020-09-19,35,quantile,0.95,68,median
2020-08-31,2020-08-31,3 wk ahead inc death,2020-09-19,35,quantile,0.975,74,median
2020-08-31,2020-08-31,3 wk ahead inc death,2020-09-19,35,quantile,0.99,78,median
2020-08-31,2020-08-31,4 wk ahead inc death,2020-09-26,35,point,,31,median
2020-08-31,2020-08-31,4 wk ahead inc death,2020-09-26,35,quantile,0.01,10,median
2020-08-31,2020-08-31,4 wk ahead inc death,2020-09-26,35,quantile,0.025,11,median
2020-08-31,2020-08-31,4 wk ahead inc death,2020-09-26,35,quantile,0.05,12,median
2020-08-31,2020-08-31,4 wk ahead inc death,2020-09-26,35,quantile,0.1,15,median
2020-08-31,2020-08-31,4 wk ahead inc death,2020-09-26,35,quantile,0.15,17,median
2020-08-31,2020-08-31,4 wk ahead inc death,2020-09-26,35,quantile,0.2,19,median
2020-08-31,2020-08-31,4 wk ahead inc death,2020-09-26,35,quantile,0.25,21,median
2020-08-31,2020-08-31,4 wk ahead inc death,2020-09-26,35,quantile,0.3,23,median
2020-08-31,2020-08-31,4 wk ahead inc death,2020-09-26,35,quantile,0.35,25,median
2020-08-31,2020-08-31,4 wk ahead inc death,2020-09-26,35,quantile,0.4,27,median
2020-08-31,2020-08-31,4 wk ahead inc death,2020-09-26,35,quantile,0.45,29,median
2020-08-31,2020-08-31,4 wk ahead inc death,2020-09-26,35,quantile,0.5,31,median
2020-08-31,2020-08-31,4 wk ahead inc death,2020-09-26,35,quantile,0.55,33,median
2020-08-31,2020-08-31,4 wk ahead inc death,2020-09-26,35,quantile,0.6,36,median
2020-08-31,2020-08-31,4 wk ahead inc death,2020-09-26,35,quantile,0.65,39,median
2020-08-31,2020-08-31,4 wk ahead inc death,2020-09-26,35,quantile,0.7,42,median
2020-08-31,2020-08-31,4 wk ahead inc death,2020-09-26,35,quantile,0.75,45,median
2020-08-31,2020-08-31,4 wk ahead inc death,2020-09-26,35,quantile,0.8,49,median
2020-08-31,2020-08-31,4 wk ahead inc death,2020-09-26,35,quantile,0.85,56,median
2020-08-31,2020-08-31,4 wk ahead inc death,2020-09-26,35,quantile,0.9,67,median
2020-08-31,2020-08-31,4 wk ahead inc death,2020-09-26,35,quantile,0.95,75,median
2020-08-31,2020-08-31,4 wk ahead inc death,2020-09-26,35,quantile,0.975,81,median
2020-08-31,2020-08-31,4 wk ahead inc death,2020-09-26,35,quantile,0.99,86.01,median
2020-08-31,2020-08-31,1 wk ahead inc death,2020-09-05,36,point,,107,median
2020-08-31,2020-08-31,1 wk ahead inc death,2020-09-05,36,quantile,0.01,73,median
2020-08-31,2020-08-31,1 wk ahead inc death,2020-09-05,36,quantile,0.025,74.975,median
2020-08-31,2020-08-31,1 wk ahead inc death,2020-09-05,36,quantile,0.05,77,median
2020-08-31,2020-08-31,1 wk ahead inc death,2020-09-05,36,quantile,0.1,83,median
2020-08-31,2020-08-31,1 wk ahead inc death,2020-09-05,36,quantile,0.15,86,median
2020-08-31,2020-08-31,1 wk ahead inc death,2020-09-05,36,quantile,0.2,90,median
2020-08-31,2020-08-31,1 wk ahead inc death,2020-09-05,36,quantile,0.25,93,median
2020-08-31,2020-08-31,1 wk ahead inc death,2020-09-05,36,quantile,0.3,95,median
2020-08-31,2020-08-31,1 wk ahead inc death,2020-09-05,36,quantile,0.35,98,median
2020-08-31,2020-08-31,1 wk ahead inc death,2020-09-05,36,quantile,0.4,100.6,median
2020-08-31,2020-08-31,1 wk ahead inc death,2020-09-05,36,quantile,0.45,104,median
2020-08-31,2020-08-31,1 wk ahead inc death,2020-09-05,36,quantile,0.5,107,median
2020-08-31,2020-08-31,1 wk ahead inc death,2020-09-05,36,quantile,0.55,111,median
2020-08-31,2020-08-31,1 wk ahead inc death,2020-09-05,36,quantile,0.6,117,median
2020-08-31,2020-08-31,1 wk ahead inc death,2020-09-05,36,quantile,0.65,126,median
2020-08-31,2020-08-31,1 wk ahead inc death,2020-09-05,36,quantile,0.7,136,median
2020-08-31,2020-08-31,1 wk ahead inc death,2020-09-05,36,quantile,0.75,147,median
2020-08-31,2020-08-31,1 wk ahead inc death,2020-09-05,36,quantile,0.8,161,median
2020-08-31,2020-08-31,1 wk ahead inc death,2020-09-05,36,quantile,0.85,175,median
2020-08-31,2020-08-31,1 wk ahead inc death,2020-09-05,36,quantile,0.9,193,median
2020-08-31,2020-08-31,1 wk ahead inc death,2020-09-05,36,quantile,0.95,220,median
2020-08-31,2020-08-31,1 wk ahead inc death,2020-09-05,36,quantile,0.975,241,median
2020-08-31,2020-08-31,1 wk ahead inc death,2020-09-05,36,quantile,0.99,257,median
2020-08-31,2020-08-31,2 wk ahead inc death,2020-09-12,36,point,,154,median
2020-08-31,2020-08-31,2 wk ahead inc death,2020-09-12,36,quantile,0.01,48,median
2020-08-31,2020-08-31,2 wk ahead inc death,2020-09-12,36,quantile,0.025,50,median
2020-08-31,2020-08-31,2 wk ahead inc death,2020-09-12,36,quantile,0.05,55,median
2020-08-31,2020-08-31,2 wk ahead inc death,2020-09-12,36,quantile,0.1,64,median
2020-08-31,2020-08-31,2 wk ahead inc death,2020-09-12,36,quantile,0.15,72,median
2020-08-31,2020-08-31,2 wk ahead inc death,2020-09-12,36,quantile,0.2,80,median
2020-08-31,2020-08-31,2 wk ahead inc death,2020-09-12,36,quantile,0.25,90,median
2020-08-31,2020-08-31,2 wk ahead inc death,2020-09-12,36,quantile,0.3,100,median
2020-08-31,2020-08-31,2 wk ahead inc death,2020-09-12,36,quantile,0.35,110,median
2020-08-31,2020-08-31,2 wk ahead inc death,2020-09-12,36,quantile,0.4,123,median
2020-08-31,2020-08-31,2 wk ahead inc death,2020-09-12,36,quantile,0.45,139,median
2020-08-31,2020-08-31,2 wk ahead inc death,2020-09-12,36,quantile,0.5,154,median
2020-08-31,2020-08-31,2 wk ahead inc death,2020-09-12,36,quantile,0.55,174,median
2020-08-31,2020-08-31,2 wk ahead inc death,2020-09-12,36,quantile,0.6,180,median
2020-08-31,2020-08-31,2 wk ahead inc death,2020-09-12,36,quantile,0.65,187.35,median
2020-08-31,2020-08-31,2 wk ahead inc death,2020-09-12,36,quantile,0.7,193,median
2020-08-31,2020-08-31,2 wk ahead inc death,2020-09-12,36,quantile,0.75,200,median
2020-08-31,2020-08-31,2 wk ahead inc death,2020-09-12,36,quantile,0.8,207,median
2020-08-31,2020-08-31,2 wk ahead inc death,2020-09-12,36,quantile,0.85,215.15,median
2020-08-31,2020-08-31,2 wk ahead inc death,2020-09-12,36,quantile,0.9,234,median
2020-08-31,2020-08-31,2 wk ahead inc death,2020-09-12,36,quantile,0.95,252,median
2020-08-31,2020-08-31,2 wk ahead inc death,2020-09-12,36,quantile,0.975,269,median
2020-08-31,2020-08-31,2 wk ahead inc death,2020-09-12,36,quantile,0.99,284,median
2020-08-31,2020-08-31,3 wk ahead inc death,2020-09-19,36,point,,175,median
2020-08-31,2020-08-31,3 wk ahead inc death,2020-09-19,36,quantile,0.01,45,median
2020-08-31,2020-08-31,3 wk ahead inc death,2020-09-19,36,quantile,0.025,48,median
2020-08-31,2020-08-31,3 wk ahead inc death,2020-09-19,36,quantile,0.05,53,median
2020-08-31,2020-08-31,3 wk ahead inc death,2020-09-19,36,quantile,0.1,65,median
2020-08-31,2020-08-31,3 wk ahead inc death,2020-09-19,36,quantile,0.15,78,median
2020-08-31,2020-08-31,3 wk ahead inc death,2020-09-19,36,quantile,0.2,89,median
2020-08-31,2020-08-31,3 wk ahead inc death,2020-09-19,36,quantile,0.25,103,median
2020-08-31,2020-08-31,3 wk ahead inc death,2020-09-19,36,quantile,0.3,122,median
2020-08-31,2020-08-31,3 wk ahead inc death,2020-09-19,36,quantile,0.35,148,median
2020-08-31,2020-08-31,3 wk ahead inc death,2020-09-19,36,quantile,0.4,161,median
2020-08-31,2020-08-31,3 wk ahead inc death,2020-09-19,36,quantile,0.45,168,median
2020-08-31,2020-08-31,3 wk ahead inc death,2020-09-19,36,quantile,0.5,175,median
2020-08-31,2020-08-31,3 wk ahead inc death,2020-09-19,36,quantile,0.55,182,median
2020-08-31,2020-08-31,3 wk ahead inc death,2020-09-19,36,quantile,0.6,190,median
2020-08-31,2020-08-31,3 wk ahead inc death,2020-09-19,36,quantile,0.65,198,median
2020-08-31,2020-08-31,3 wk ahead inc death,2020-09-19,36,quantile,0.7,206,median
2020-08-31,2020-08-31,3 wk ahead inc death,2020-09-19,36,quantile,0.75,217,median
2020-08-31,2020-08-31,3 wk ahead inc death,2020-09-19,36,quantile,0.8,227,median
2020-08-31,2020-08-31,3 wk ahead inc death,2020-09-19,36,quantile,0.85,238,median
2020-08-31,2020-08-31,3 wk ahead inc death,2020-09-19,36,quantile,0.9,254,median
2020-08-31,2020-08-31,3 wk ahead inc death,2020-09-19,36,quantile,0.95,281,median
2020-08-31,2020-08-31,3 wk ahead inc death,2020-09-19,36,quantile,0.975,294.05,median
2020-08-31,2020-08-31,3 wk ahead inc death,2020-09-19,36,quantile,0.99,314.01,median
2020-08-31,2020-08-31,4 wk ahead inc death,2020-09-26,36,point,,183,median
2020-08-31,2020-08-31,4 wk ahead inc death,2020-09-26,36,quantile,0.01,40,median
2020-08-31,2020-08-31,4 wk ahead inc death,2020-09-26,36,quantile,0.025,44,median
2020-08-31,2020-08-31,4 wk ahead inc death,2020-09-26,36,quantile,0.05,49,median
2020-08-31,2020-08-31,4 wk ahead inc death,2020-09-26,36,quantile,0.1,62,median
2020-08-31,2020-08-31,4 wk ahead inc death,2020-09-26,36,quantile,0.15,77,median
2020-08-31,2020-08-31,4 wk ahead inc death,2020-09-26,36,quantile,0.2,100,median
2020-08-31,2020-08-31,4 wk ahead inc death,2020-09-26,36,quantile,0.25,123,median
2020-08-31,2020-08-31,4 wk ahead inc death,2020-09-26,36,quantile,0.3,149,median
2020-08-31,2020-08-31,4 wk ahead inc death,2020-09-26,36,quantile,0.35,158,median
2020-08-31,2020-08-31,4 wk ahead inc death,2020-09-26,36,quantile,0.4,165,median
2020-08-31,2020-08-31,4 wk ahead inc death,2020-09-26,36,quantile,0.45,174,median
2020-08-31,2020-08-31,4 wk ahead inc death,2020-09-26,36,quantile,0.5,183,median
2020-08-31,2020-08-31,4 wk ahead inc death,2020-09-26,36,quantile,0.55,190.45,median
2020-08-31,2020-08-31,4 wk ahead inc death,2020-09-26,36,quantile,0.6,201,median
2020-08-31,2020-08-31,4 wk ahead inc death,2020-09-26,36,quantile,0.65,211,median
2020-08-31,2020-08-31,4 wk ahead inc death,2020-09-26,36,quantile,0.7,220,median
2020-08-31,2020-08-31,4 wk ahead inc death,2020-09-26,36,quantile,0.75,228.25,median
2020-08-31,2020-08-31,4 wk ahead inc death,2020-09-26,36,quantile,0.8,237,median
2020-08-31,2020-08-31,4 wk ahead inc death,2020-09-26,36,quantile,0.85,250,median
2020-08-31,2020-08-31,4 wk ahead inc death,2020-09-26,36,quantile,0.9,267,median
2020-08-31,2020-08-31,4 wk ahead inc death,2020-09-26,36,quantile,0.95,293,median
2020-08-31,2020-08-31,4 wk ahead inc death,2020-09-26,36,quantile,0.975,324.075,median
2020-08-31,2020-08-31,4 wk ahead inc death,2020-09-26,36,quantile,0.99,347.12,median
2020-08-31,2020-08-31,1 wk ahead inc death,2020-09-05,37,point,,153,median
2020-08-31,2020-08-31,1 wk ahead inc death,2020-09-05,37,quantile,0.01,69,median
2020-08-31,2020-08-31,1 wk ahead inc death,2020-09-05,37,quantile,0.025,81.975,median
2020-08-31,2020-08-31,1 wk ahead inc death,2020-09-05,37,quantile,0.05,91.95,median
2020-08-31,2020-08-31,1 wk ahead inc death,2020-09-05,37,quantile,0.1,103,median
2020-08-31,2020-08-31,1 wk ahead inc death,2020-09-05,37,quantile,0.15,111.85,median
2020-08-31,2020-08-31,1 wk ahead inc death,2020-09-05,37,quantile,0.2,119,median
2020-08-31,2020-08-31,1 wk ahead inc death,2020-09-05,37,quantile,0.25,125,median
2020-08-31,2020-08-31,1 wk ahead inc death,2020-09-05,37,quantile,0.3,130,median
2020-08-31,2020-08-31,1 wk ahead inc death,2020-09-05,37,quantile,0.35,136,median
2020-08-31,2020-08-31,1 wk ahead inc death,2020-09-05,37,quantile,0.4,141,median
2020-08-31,2020-08-31,1 wk ahead inc death,2020-09-05,37,quantile,0.45,146,median
2020-08-31,2020-08-31,1 wk ahead inc death,2020-09-05,37,quantile,0.5,153,median
2020-08-31,2020-08-31,1 wk ahead inc death,2020-09-05,37,quantile,0.55,159,median
2020-08-31,2020-08-31,1 wk ahead inc death,2020-09-05,37,quantile,0.6,165,median
2020-08-31,2020-08-31,1 wk ahead inc death,2020-09-05,37,quantile,0.65,171,median
2020-08-31,2020-08-31,1 wk ahead inc death,2020-09-05,37,quantile,0.7,179,median
2020-08-31,2020-08-31,1 wk ahead inc death,2020-09-05,37,quantile,0.75,187,median
2020-08-31,2020-08-31,1 wk ahead inc death,2020-09-05,37,quantile,0.8,196,median
2020-08-31,2020-08-31,1 wk ahead inc death,2020-09-05,37,quantile,0.85,206,median
2020-08-31,2020-08-31,1 wk ahead inc death,2020-09-05,37,quantile,0.9,218,median
2020-08-31,2020-08-31,1 wk ahead inc death,2020-09-05,37,quantile,0.95,234,median
2020-08-31,2020-08-31,1 wk ahead inc death,2020-09-05,37,quantile,0.975,243,median
2020-08-31,2020-08-31,1 wk ahead inc death,2020-09-05,37,quantile,0.99,247,median
2020-08-31,2020-08-31,2 wk ahead inc death,2020-09-12,37,point,,160,median
2020-08-31,2020-08-31,2 wk ahead inc death,2020-09-12,37,quantile,0.01,66,median
2020-08-31,2020-08-31,2 wk ahead inc death,2020-09-12,37,quantile,0.025,72,median
2020-08-31,2020-08-31,2 wk ahead inc death,2020-09-12,37,quantile,0.05,77,median
2020-08-31,2020-08-31,2 wk ahead inc death,2020-09-12,37,quantile,0.1,85,median
2020-08-31,2020-08-31,2 wk ahead inc death,2020-09-12,37,quantile,0.15,98.85,median
2020-08-31,2020-08-31,2 wk ahead inc death,2020-09-12,37,quantile,0.2,108,median
2020-08-31,2020-08-31,2 wk ahead inc death,2020-09-12,37,quantile,0.25,118,median
2020-08-31,2020-08-31,2 wk ahead inc death,2020-09-12,37,quantile,0.3,128,median
2020-08-31,2020-08-31,2 wk ahead inc death,2020-09-12,37,quantile,0.35,137,median
2020-08-31,2020-08-31,2 wk ahead inc death,2020-09-12,37,quantile,0.4,144,median
2020-08-31,2020-08-31,2 wk ahead inc death,2020-09-12,37,quantile,0.45,152.55,median
2020-08-31,2020-08-31,2 wk ahead inc death,2020-09-12,37,quantile,0.5,160,median
2020-08-31,2020-08-31,2 wk ahead inc death,2020-09-12,37,quantile,0.55,167,median
2020-08-31,2020-08-31,2 wk ahead inc death,2020-09-12,37,quantile,0.6,174,median
2020-08-31,2020-08-31,2 wk ahead inc death,2020-09-12,37,quantile,0.65,181,median
2020-08-31,2020-08-31,2 wk ahead inc death,2020-09-12,37,quantile,0.7,189,median
2020-08-31,2020-08-31,2 wk ahead inc death,2020-09-12,37,quantile,0.75,197.25,median
2020-08-31,2020-08-31,2 wk ahead inc death,2020-09-12,37,quantile,0.8,208,median
2020-08-31,2020-08-31,2 wk ahead inc death,2020-09-12,37,quantile,0.85,225,median
2020-08-31,2020-08-31,2 wk ahead inc death,2020-09-12,37,quantile,0.9,246,median
2020-08-31,2020-08-31,2 wk ahead inc death,2020-09-12,37,quantile,0.95,271,median
2020-08-31,2020-08-31,2 wk ahead inc death,2020-09-12,37,quantile,0.975,285.025,median
2020-08-31,2020-08-31,2 wk ahead inc death,2020-09-12,37,quantile,0.99,304.03,median
2020-08-31,2020-08-31,3 wk ahead inc death,2020-09-19,37,point,,172,median
2020-08-31,2020-08-31,3 wk ahead inc death,2020-09-19,37,quantile,0.01,45,median
2020-08-31,2020-08-31,3 wk ahead inc death,2020-09-19,37,quantile,0.025,52.975,median
2020-08-31,2020-08-31,3 wk ahead inc death,2020-09-19,37,quantile,0.05,67,median
2020-08-31,2020-08-31,3 wk ahead inc death,2020-09-19,37,quantile,0.1,88,median
2020-08-31,2020-08-31,3 wk ahead inc death,2020-09-19,37,quantile,0.15,104,median
2020-08-31,2020-08-31,3 wk ahead inc death,2020-09-19,37,quantile,0.2,117,median
2020-08-31,2020-08-31,3 wk ahead inc death,2020-09-19,37,quantile,0.25,127,median
2020-08-31,2020-08-31,3 wk ahead inc death,2020-09-19,37,quantile,0.3,135,median
2020-08-31,2020-08-31,3 wk ahead inc death,2020-09-19,37,quantile,0.35,145,median
2020-08-31,2020-08-31,3 wk ahead inc death,2020-09-19,37,quantile,0.4,153.6,median
2020-08-31,2020-08-31,3 wk ahead inc death,2020-09-19,37,quantile,0.45,164,median
2020-08-31,2020-08-31,3 wk ahead inc death,2020-09-19,37,quantile,0.5,172,median
2020-08-31,2020-08-31,3 wk ahead inc death,2020-09-19,37,quantile,0.55,179.45,median
2020-08-31,2020-08-31,3 wk ahead inc death,2020-09-19,37,quantile,0.6,189,median
2020-08-31,2020-08-31,3 wk ahead inc death,2020-09-19,37,quantile,0.65,199,median
2020-08-31,2020-08-31,3 wk ahead inc death,2020-09-19,37,quantile,0.7,208,median
2020-08-31,2020-08-31,3 wk ahead inc death,2020-09-19,37,quantile,0.75,219,median
2020-08-31,2020-08-31,3 wk ahead inc death,2020-09-19,37,quantile,0.8,228,median
2020-08-31,2020-08-31,3 wk ahead inc death,2020-09-19,37,quantile,0.85,244.15,median
2020-08-31,2020-08-31,3 wk ahead inc death,2020-09-19,37,quantile,0.9,267,median
2020-08-31,2020-08-31,3 wk ahead inc death,2020-09-19,37,quantile,0.95,304.05,median
2020-08-31,2020-08-31,3 wk ahead inc death,2020-09-19,37,quantile,0.975,343,median
2020-08-31,2020-08-31,3 wk ahead inc death,2020-09-19,37,quantile,0.99,379,median
2020-08-31,2020-08-31,4 wk ahead inc death,2020-09-26,37,point,,174,median
2020-08-31,2020-08-31,4 wk ahead inc death,2020-09-26,37,quantile,0.01,35.96,median
2020-08-31,2020-08-31,4 wk ahead inc death,2020-09-26,37,quantile,0.025,45.975,median
2020-08-31,2020-08-31,4 wk ahead inc death,2020-09-26,37,quantile,0.05,67.95,median
2020-08-31,2020-08-31,4 wk ahead inc death,2020-09-26,37,quantile,0.1,96,median
2020-08-31,2020-08-31,4 wk ahead inc death,2020-09-26,37,quantile,0.15,112,median
2020-08-31,2020-08-31,4 wk ahead inc death,2020-09-26,37,quantile,0.2,125,median
2020-08-31,2020-08-31,4 wk ahead inc death,2020-09-26,37,quantile,0.25,134,median
2020-08-31,2020-08-31,4 wk ahead inc death,2020-09-26,37,quantile,0.3,142.7,median
2020-08-31,2020-08-31,4 wk ahead inc death,2020-09-26,37,quantile,0.35,151,median
2020-08-31,2020-08-31,4 wk ahead inc death,2020-09-26,37,quantile,0.4,158.6,median
2020-08-31,2020-08-31,4 wk ahead inc death,2020-09-26,37,quantile,0.45,166,median
2020-08-31,2020-08-31,4 wk ahead inc death,2020-09-26,37,quantile,0.5,174,median
2020-08-31,2020-08-31,4 wk ahead inc death,2020-09-26,37,quantile,0.55,184,median
2020-08-31,2020-08-31,4 wk ahead inc death,2020-09-26,37,quantile,0.6,193,median
2020-08-31,2020-08-31,4 wk ahead inc death,2020-09-26,37,quantile,0.65,203.35,median
2020-08-31,2020-08-31,4 wk ahead inc death,2020-09-26,37,quantile,0.7,213,median
2020-08-31,2020-08-31,4 wk ahead inc death,2020-09-26,37,quantile,0.75,225,median
2020-08-31,2020-08-31,4 wk ahead inc death,2020-09-26,37,quantile,0.8,241,median
2020-08-31,2020-08-31,4 wk ahead inc death,2020-09-26,37,quantile,0.85,271,median
2020-08-31,2020-08-31,4 wk ahead inc death,2020-09-26,37,quantile,0.9,294.1,median
2020-08-31,2020-08-31,4 wk ahead inc death,2020-09-26,37,quantile,0.95,348.05,median
2020-08-31,2020-08-31,4 wk ahead inc death,2020-09-26,37,quantile,0.975,403.1,median
2020-08-31,2020-08-31,4 wk ahead inc death,2020-09-26,37,quantile,0.99,476,median
2020-08-31,2020-08-31,1 wk ahead inc death,2020-09-05,38,point,,9,median
2020-08-31,2020-08-31,1 wk ahead inc death,2020-09-05,38,quantile,0.01,3,median
2020-08-31,2020-08-31,1 wk ahead inc death,2020-09-05,38,quantile,0.025,4,median
2020-08-31,2020-08-31,1 wk ahead inc death,2020-09-05,38,quantile,0.05,4,median
2020-08-31,2020-08-31,1 wk ahead inc death,2020-09-05,38,quantile,0.1,5,median
2020-08-31,2020-08-31,1 wk ahead inc death,2020-09-05,38,quantile,0.15,6,median
2020-08-31,2020-08-31,1 wk ahead inc death,2020-09-05,38,quantile,0.2,6,median
2020-08-31,2020-08-31,1 wk ahead inc death,2020-09-05,38,quantile,0.25,6,median
2020-08-31,2020-08-31,1 wk ahead inc death,2020-09-05,38,quantile,0.3,7,median
2020-08-31,2020-08-31,1 wk ahead inc death,2020-09-05,38,quantile,0.35,7,median
2020-08-31,2020-08-31,1 wk ahead inc death,2020-09-05,38,quantile,0.4,8,median
2020-08-31,2020-08-31,1 wk ahead inc death,2020-09-05,38,quantile,0.45,9,median
2020-08-31,2020-08-31,1 wk ahead inc death,2020-09-05,38,quantile,0.5,9,median
2020-08-31,2020-08-31,1 wk ahead inc death,2020-09-05,38,quantile,0.55,10,median
2020-08-31,2020-08-31,1 wk ahead inc death,2020-09-05,38,quantile,0.6,11,median
2020-08-31,2020-08-31,1 wk ahead inc death,2020-09-05,38,quantile,0.65,11,median
2020-08-31,2020-08-31,1 wk ahead inc death,2020-09-05,38,quantile,0.7,12,median
2020-08-31,2020-08-31,1 wk ahead inc death,2020-09-05,38,quantile,0.75,13,median
2020-08-31,2020-08-31,1 wk ahead inc death,2020-09-05,38,quantile,0.8,13,median
2020-08-31,2020-08-31,1 wk ahead inc death,2020-09-05,38,quantile,0.85,15,median
2020-08-31,2020-08-31,1 wk ahead inc death,2020-09-05,38,quantile,0.9,16,median
2020-08-31,2020-08-31,1 wk ahead inc death,2020-09-05,38,quantile,0.95,17,median
2020-08-31,2020-08-31,1 wk ahead inc death,2020-09-05,38,quantile,0.975,18,median
2020-08-31,2020-08-31,1 wk ahead inc death,2020-09-05,38,quantile,0.99,19,median
2020-08-31,2020-08-31,2 wk ahead inc death,2020-09-12,38,point,,11,median
2020-08-31,2020-08-31,2 wk ahead inc death,2020-09-12,38,quantile,0.01,2.99,median
2020-08-31,2020-08-31,2 wk ahead inc death,2020-09-12,38,quantile,0.025,3,median
2020-08-31,2020-08-31,2 wk ahead inc death,2020-09-12,38,quantile,0.05,4,median
2020-08-31,2020-08-31,2 wk ahead inc death,2020-09-12,38,quantile,0.1,5,median
2020-08-31,2020-08-31,2 wk ahead inc death,2020-09-12,38,quantile,0.15,6,median
2020-08-31,2020-08-31,2 wk ahead inc death,2020-09-12,38,quantile,0.2,7,median
2020-08-31,2020-08-31,2 wk ahead inc death,2020-09-12,38,quantile,0.25,8,median
2020-08-31,2020-08-31,2 wk ahead inc death,2020-09-12,38,quantile,0.3,8,median
2020-08-31,2020-08-31,2 wk ahead inc death,2020-09-12,38,quantile,0.35,9,median
2020-08-31,2020-08-31,2 wk ahead inc death,2020-09-12,38,quantile,0.4,9,median
2020-08-31,2020-08-31,2 wk ahead inc death,2020-09-12,38,quantile,0.45,10,median
2020-08-31,2020-08-31,2 wk ahead inc death,2020-09-12,38,quantile,0.5,11,median
2020-08-31,2020-08-31,2 wk ahead inc death,2020-09-12,38,quantile,0.55,11,median
2020-08-31,2020-08-31,2 wk ahead inc death,2020-09-12,38,quantile,0.6,12,median
2020-08-31,2020-08-31,2 wk ahead inc death,2020-09-12,38,quantile,0.65,12,median
2020-08-31,2020-08-31,2 wk ahead inc death,2020-09-12,38,quantile,0.7,13,median
2020-08-31,2020-08-31,2 wk ahead inc death,2020-09-12,38,quantile,0.75,14,median
2020-08-31,2020-08-31,2 wk ahead inc death,2020-09-12,38,quantile,0.8,15,median
2020-08-31,2020-08-31,2 wk ahead inc death,2020-09-12,38,quantile,0.85,17,median
2020-08-31,2020-08-31,2 wk ahead inc death,2020-09-12,38,quantile,0.9,18,median
2020-08-31,2020-08-31,2 wk ahead inc death,2020-09-12,38,quantile,0.95,21,median
2020-08-31,2020-08-31,2 wk ahead inc death,2020-09-12,38,quantile,0.975,22,median
2020-08-31,2020-08-31,2 wk ahead inc death,2020-09-12,38,quantile,0.99,23,median
2020-08-31,2020-08-31,3 wk ahead inc death,2020-09-19,38,point,,13,median
2020-08-31,2020-08-31,3 wk ahead inc death,2020-09-19,38,quantile,0.01,2,median
2020-08-31,2020-08-31,3 wk ahead inc death,2020-09-19,38,quantile,0.025,3,median
2020-08-31,2020-08-31,3 wk ahead inc death,2020-09-19,38,quantile,0.05,4,median
2020-08-31,2020-08-31,3 wk ahead inc death,2020-09-19,38,quantile,0.1,6,median
2020-08-31,2020-08-31,3 wk ahead inc death,2020-09-19,38,quantile,0.15,7,median
2020-08-31,2020-08-31,3 wk ahead inc death,2020-09-19,38,quantile,0.2,8,median
2020-08-31,2020-08-31,3 wk ahead inc death,2020-09-19,38,quantile,0.25,9,median
2020-08-31,2020-08-31,3 wk ahead inc death,2020-09-19,38,quantile,0.3,10,median
2020-08-31,2020-08-31,3 wk ahead inc death,2020-09-19,38,quantile,0.35,10,median
2020-08-31,2020-08-31,3 wk ahead inc death,2020-09-19,38,quantile,0.4,11,median
2020-08-31,2020-08-31,3 wk ahead inc death,2020-09-19,38,quantile,0.45,12,median
2020-08-31,2020-08-31,3 wk ahead inc death,2020-09-19,38,quantile,0.5,13,median
2020-08-31,2020-08-31,3 wk ahead inc death,2020-09-19,38,quantile,0.55,13,median
2020-08-31,2020-08-31,3 wk ahead inc death,2020-09-19,38,quantile,0.6,14,median
2020-08-31,2020-08-31,3 wk ahead inc death,2020-09-19,38,quantile,0.65,15,median
2020-08-31,2020-08-31,3 wk ahead inc death,2020-09-19,38,quantile,0.7,16,median
2020-08-31,2020-08-31,3 wk ahead inc death,2020-09-19,38,quantile,0.75,16,median
2020-08-31,2020-08-31,3 wk ahead inc death,2020-09-19,38,quantile,0.8,18,median
2020-08-31,2020-08-31,3 wk ahead inc death,2020-09-19,38,quantile,0.85,20,median
2020-08-31,2020-08-31,3 wk ahead inc death,2020-09-19,38,quantile,0.9,23,median
2020-08-31,2020-08-31,3 wk ahead inc death,2020-09-19,38,quantile,0.95,26,median
2020-08-31,2020-08-31,3 wk ahead inc death,2020-09-19,38,quantile,0.975,28,median
2020-08-31,2020-08-31,3 wk ahead inc death,2020-09-19,38,quantile,0.99,31,median
2020-08-31,2020-08-31,4 wk ahead inc death,2020-09-26,38,point,,13,median
2020-08-31,2020-08-31,4 wk ahead inc death,2020-09-26,38,quantile,0.01,1,median
2020-08-31,2020-08-31,4 wk ahead inc death,2020-09-26,38,quantile,0.025,2,median
2020-08-31,2020-08-31,4 wk ahead inc death,2020-09-26,38,quantile,0.05,4,median
2020-08-31,2020-08-31,4 wk ahead inc death,2020-09-26,38,quantile,0.1,6,median
2020-08-31,2020-08-31,4 wk ahead inc death,2020-09-26,38,quantile,0.15,7,median
2020-08-31,2020-08-31,4 wk ahead inc death,2020-09-26,38,quantile,0.2,8,median
2020-08-31,2020-08-31,4 wk ahead inc death,2020-09-26,38,quantile,0.25,9,median
2020-08-31,2020-08-31,4 wk ahead inc death,2020-09-26,38,quantile,0.3,10,median
2020-08-31,2020-08-31,4 wk ahead inc death,2020-09-26,38,quantile,0.35,11,median
2020-08-31,2020-08-31,4 wk ahead inc death,2020-09-26,38,quantile,0.4,12,median
2020-08-31,2020-08-31,4 wk ahead inc death,2020-09-26,38,quantile,0.45,13,median
2020-08-31,2020-08-31,4 wk ahead inc death,2020-09-26,38,quantile,0.5,13,median
2020-08-31,2020-08-31,4 wk ahead inc death,2020-09-26,38,quantile,0.55,14,median
2020-08-31,2020-08-31,4 wk ahead inc death,2020-09-26,38,quantile,0.6,15,median
2020-08-31,2020-08-31,4 wk ahead inc death,2020-09-26,38,quantile,0.65,16,median
2020-08-31,2020-08-31,4 wk ahead inc death,2020-09-26,38,quantile,0.7,17,median
2020-08-31,2020-08-31,4 wk ahead inc death,2020-09-26,38,quantile,0.75,18,median
2020-08-31,2020-08-31,4 wk ahead inc death,2020-09-26,38,quantile,0.8,20,median
2020-08-31,2020-08-31,4 wk ahead inc death,2020-09-26,38,quantile,0.85,23,median
2020-08-31,2020-08-31,4 wk ahead inc death,2020-09-26,38,quantile,0.9,27,median
2020-08-31,2020-08-31,4 wk ahead inc death,2020-09-26,38,quantile,0.95,32,median
2020-08-31,2020-08-31,4 wk ahead inc death,2020-09-26,38,quantile,0.975,36,median
2020-08-31,2020-08-31,4 wk ahead inc death,2020-09-26,38,quantile,0.99,38,median
2020-08-31,2020-08-31,1 wk ahead inc death,2020-09-05,39,point,,134,median
2020-08-31,2020-08-31,1 wk ahead inc death,2020-09-05,39,quantile,0.01,74,median
2020-08-31,2020-08-31,1 wk ahead inc death,2020-09-05,39,quantile,0.025,76,median
2020-08-31,2020-08-31,1 wk ahead inc death,2020-09-05,39,quantile,0.05,80,median
2020-08-31,2020-08-31,1 wk ahead inc death,2020-09-05,39,quantile,0.1,86,median
2020-08-31,2020-08-31,1 wk ahead inc death,2020-09-05,39,quantile,0.15,93,median
2020-08-31,2020-08-31,1 wk ahead inc death,2020-09-05,39,quantile,0.2,98,median
2020-08-31,2020-08-31,1 wk ahead inc death,2020-09-05,39,quantile,0.25,103,median
2020-08-31,2020-08-31,1 wk ahead inc death,2020-09-05,39,quantile,0.3,111,median
2020-08-31,2020-08-31,1 wk ahead inc death,2020-09-05,39,quantile,0.35,116,median
2020-08-31,2020-08-31,1 wk ahead inc death,2020-09-05,39,quantile,0.4,122,median
2020-08-31,2020-08-31,1 wk ahead inc death,2020-09-05,39,quantile,0.45,128,median
2020-08-31,2020-08-31,1 wk ahead inc death,2020-09-05,39,quantile,0.5,134,median
2020-08-31,2020-08-31,1 wk ahead inc death,2020-09-05,39,quantile,0.55,137,median
2020-08-31,2020-08-31,1 wk ahead inc death,2020-09-05,39,quantile,0.6,141,median
2020-08-31,2020-08-31,1 wk ahead inc death,2020-09-05,39,quantile,0.65,145,median
2020-08-31,2020-08-31,1 wk ahead inc death,2020-09-05,39,quantile,0.7,148.3,median
2020-08-31,2020-08-31,1 wk ahead inc death,2020-09-05,39,quantile,0.75,152.25,median
2020-08-31,2020-08-31,1 wk ahead inc death,2020-09-05,39,quantile,0.8,157,median
2020-08-31,2020-08-31,1 wk ahead inc death,2020-09-05,39,quantile,0.85,164,median
2020-08-31,2020-08-31,1 wk ahead inc death,2020-09-05,39,quantile,0.9,172,median
2020-08-31,2020-08-31,1 wk ahead inc death,2020-09-05,39,quantile,0.95,182.05,median
2020-08-31,2020-08-31,1 wk ahead inc death,2020-09-05,39,quantile,0.975,196,median
2020-08-31,2020-08-31,1 wk ahead inc death,2020-09-05,39,quantile,0.99,213.06,median
2020-08-31,2020-08-31,2 wk ahead inc death,2020-09-12,39,point,,127,median
2020-08-31,2020-08-31,2 wk ahead inc death,2020-09-12,39,quantile,0.01,58,median
2020-08-31,2020-08-31,2 wk ahead inc death,2020-09-12,39,quantile,0.025,61,median
2020-08-31,2020-08-31,2 wk ahead inc death,2020-09-12,39,quantile,0.05,65,median
2020-08-31,2020-08-31,2 wk ahead inc death,2020-09-12,39,quantile,0.1,82,median
2020-08-31,2020-08-31,2 wk ahead inc death,2020-09-12,39,quantile,0.15,92.85,median
2020-08-31,2020-08-31,2 wk ahead inc death,2020-09-12,39,quantile,0.2,104,median
2020-08-31,2020-08-31,2 wk ahead inc death,2020-09-12,39,quantile,0.25,111,median
2020-08-31,2020-08-31,2 wk ahead inc death,2020-09-12,39,quantile,0.3,115,median
2020-08-31,2020-08-31,2 wk ahead inc death,2020-09-12,39,quantile,0.35,118,median
2020-08-31,2020-08-31,2 wk ahead inc death,2020-09-12,39,quantile,0.4,120,median
2020-08-31,2020-08-31,2 wk ahead inc death,2020-09-12,39,quantile,0.45,124,median
2020-08-31,2020-08-31,2 wk ahead inc death,2020-09-12,39,quantile,0.5,127,median
2020-08-31,2020-08-31,2 wk ahead inc death,2020-09-12,39,quantile,0.55,132,median
2020-08-31,2020-08-31,2 wk ahead inc death,2020-09-12,39,quantile,0.6,139,median
2020-08-31,2020-08-31,2 wk ahead inc death,2020-09-12,39,quantile,0.65,149,median
2020-08-31,2020-08-31,2 wk ahead inc death,2020-09-12,39,quantile,0.7,157,median
2020-08-31,2020-08-31,2 wk ahead inc death,2020-09-12,39,quantile,0.75,165,median
2020-08-31,2020-08-31,2 wk ahead inc death,2020-09-12,39,quantile,0.8,176,median
2020-08-31,2020-08-31,2 wk ahead inc death,2020-09-12,39,quantile,0.85,192,median
2020-08-31,2020-08-31,2 wk ahead inc death,2020-09-12,39,quantile,0.9,205,median
2020-08-31,2020-08-31,2 wk ahead inc death,2020-09-12,39,quantile,0.95,226,median
2020-08-31,2020-08-31,2 wk ahead inc death,2020-09-12,39,quantile,0.975,238,median
2020-08-31,2020-08-31,2 wk ahead inc death,2020-09-12,39,quantile,0.99,249,median
2020-08-31,2020-08-31,3 wk ahead inc death,2020-09-19,39,point,,136,median
2020-08-31,2020-08-31,3 wk ahead inc death,2020-09-19,39,quantile,0.01,40,median
2020-08-31,2020-08-31,3 wk ahead inc death,2020-09-19,39,quantile,0.025,54.975,median
2020-08-31,2020-08-31,3 wk ahead inc death,2020-09-19,39,quantile,0.05,70,median
2020-08-31,2020-08-31,3 wk ahead inc death,2020-09-19,39,quantile,0.1,85,median
2020-08-31,2020-08-31,3 wk ahead inc death,2020-09-19,39,quantile,0.15,97,median
2020-08-31,2020-08-31,3 wk ahead inc death,2020-09-19,39,quantile,0.2,107,median
2020-08-31,2020-08-31,3 wk ahead inc death,2020-09-19,39,quantile,0.25,115,median
2020-08-31,2020-08-31,3 wk ahead inc death,2020-09-19,39,quantile,0.3,122,median
2020-08-31,2020-08-31,3 wk ahead inc death,2020-09-19,39,quantile,0.35,124,median
2020-08-31,2020-08-31,3 wk ahead inc death,2020-09-19,39,quantile,0.4,128,median
2020-08-31,2020-08-31,3 wk ahead inc death,2020-09-19,39,quantile,0.45,132,median
2020-08-31,2020-08-31,3 wk ahead inc death,2020-09-19,39,quantile,0.5,136,median
2020-08-31,2020-08-31,3 wk ahead inc death,2020-09-19,39,quantile,0.55,140,median
2020-08-31,2020-08-31,3 wk ahead inc death,2020-09-19,39,quantile,0.6,144,median
2020-08-31,2020-08-31,3 wk ahead inc death,2020-09-19,39,quantile,0.65,150,median
2020-08-31,2020-08-31,3 wk ahead inc death,2020-09-19,39,quantile,0.7,159,median
2020-08-31,2020-08-31,3 wk ahead inc death,2020-09-19,39,quantile,0.75,172,median
2020-08-31,2020-08-31,3 wk ahead inc death,2020-09-19,39,quantile,0.8,190,median
2020-08-31,2020-08-31,3 wk ahead inc death,2020-09-19,39,quantile,0.85,207,median
2020-08-31,2020-08-31,3 wk ahead inc death,2020-09-19,39,quantile,0.9,231,median
2020-08-31,2020-08-31,3 wk ahead inc death,2020-09-19,39,quantile,0.95,260,median
2020-08-31,2020-08-31,3 wk ahead inc death,2020-09-19,39,quantile,0.975,286,median
2020-08-31,2020-08-31,3 wk ahead inc death,2020-09-19,39,quantile,0.99,304,median
2020-08-31,2020-08-31,4 wk ahead inc death,2020-09-26,39,point,,158,median
2020-08-31,2020-08-31,4 wk ahead inc death,2020-09-26,39,quantile,0.01,34.97,median
2020-08-31,2020-08-31,4 wk ahead inc death,2020-09-26,39,quantile,0.025,43,median
2020-08-31,2020-08-31,4 wk ahead inc death,2020-09-26,39,quantile,0.05,61,median
2020-08-31,2020-08-31,4 wk ahead inc death,2020-09-26,39,quantile,0.1,84.9,median
2020-08-31,2020-08-31,4 wk ahead inc death,2020-09-26,39,quantile,0.15,99,median
2020-08-31,2020-08-31,4 wk ahead inc death,2020-09-26,39,quantile,0.2,110,median
2020-08-31,2020-08-31,4 wk ahead inc death,2020-09-26,39,quantile,0.25,120,median
2020-08-31,2020-08-31,4 wk ahead inc death,2020-09-26,39,quantile,0.3,130,median
2020-08-31,2020-08-31,4 wk ahead inc death,2020-09-26,39,quantile,0.35,142,median
2020-08-31,2020-08-31,4 wk ahead inc death,2020-09-26,39,quantile,0.4,146,median
2020-08-31,2020-08-31,4 wk ahead inc death,2020-09-26,39,quantile,0.45,151,median
2020-08-31,2020-08-31,4 wk ahead inc death,2020-09-26,39,quantile,0.5,158,median
2020-08-31,2020-08-31,4 wk ahead inc death,2020-09-26,39,quantile,0.55,164,median
2020-08-31,2020-08-31,4 wk ahead inc death,2020-09-26,39,quantile,0.6,172.4,median
2020-08-31,2020-08-31,4 wk ahead inc death,2020-09-26,39,quantile,0.65,179,median
2020-08-31,2020-08-31,4 wk ahead inc death,2020-09-26,39,quantile,0.7,188,median
2020-08-31,2020-08-31,4 wk ahead inc death,2020-09-26,39,quantile,0.75,199,median
2020-08-31,2020-08-31,4 wk ahead inc death,2020-09-26,39,quantile,0.8,212.2,median
2020-08-31,2020-08-31,4 wk ahead inc death,2020-09-26,39,quantile,0.85,229.15,median
2020-08-31,2020-08-31,4 wk ahead inc death,2020-09-26,39,quantile,0.9,248,median
2020-08-31,2020-08-31,4 wk ahead inc death,2020-09-26,39,quantile,0.95,291.15,median
2020-08-31,2020-08-31,4 wk ahead inc death,2020-09-26,39,quantile,0.975,325,median
2020-08-31,2020-08-31,4 wk ahead inc death,2020-09-26,39,quantile,0.99,367,median
2020-08-31,2020-08-31,1 wk ahead inc death,2020-09-05,40,point,,55,median
2020-08-31,2020-08-31,1 wk ahead inc death,2020-09-05,40,quantile,0.01,29,median
2020-08-31,2020-08-31,1 wk ahead inc death,2020-09-05,40,quantile,0.025,33,median
2020-08-31,2020-08-31,1 wk ahead inc death,2020-09-05,40,quantile,0.05,36,median
2020-08-31,2020-08-31,1 wk ahead inc death,2020-09-05,40,quantile,0.1,40,median
2020-08-31,2020-08-31,1 wk ahead inc death,2020-09-05,40,quantile,0.15,44,median
2020-08-31,2020-08-31,1 wk ahead inc death,2020-09-05,40,quantile,0.2,45,median
2020-08-31,2020-08-31,1 wk ahead inc death,2020-09-05,40,quantile,0.25,47,median
2020-08-31,2020-08-31,1 wk ahead inc death,2020-09-05,40,quantile,0.3,49,median
2020-08-31,2020-08-31,1 wk ahead inc death,2020-09-05,40,quantile,0.35,50,median
2020-08-31,2020-08-31,1 wk ahead inc death,2020-09-05,40,quantile,0.4,51.6,median
2020-08-31,2020-08-31,1 wk ahead inc death,2020-09-05,40,quantile,0.45,53,median
2020-08-31,2020-08-31,1 wk ahead inc death,2020-09-05,40,quantile,0.5,55,median
2020-08-31,2020-08-31,1 wk ahead inc death,2020-09-05,40,quantile,0.55,56,median
2020-08-31,2020-08-31,1 wk ahead inc death,2020-09-05,40,quantile,0.6,58,median
2020-08-31,2020-08-31,1 wk ahead inc death,2020-09-05,40,quantile,0.65,59,median
2020-08-31,2020-08-31,1 wk ahead inc death,2020-09-05,40,quantile,0.7,61,median
2020-08-31,2020-08-31,1 wk ahead inc death,2020-09-05,40,quantile,0.75,63,median
2020-08-31,2020-08-31,1 wk ahead inc death,2020-09-05,40,quantile,0.8,65,median
2020-08-31,2020-08-31,1 wk ahead inc death,2020-09-05,40,quantile,0.85,67,median
2020-08-31,2020-08-31,1 wk ahead inc death,2020-09-05,40,quantile,0.9,71,median
2020-08-31,2020-08-31,1 wk ahead inc death,2020-09-05,40,quantile,0.95,77,median
2020-08-31,2020-08-31,1 wk ahead inc death,2020-09-05,40,quantile,0.975,85.025,median
2020-08-31,2020-08-31,1 wk ahead inc death,2020-09-05,40,quantile,0.99,94.01,median
2020-08-31,2020-08-31,2 wk ahead inc death,2020-09-12,40,point,,54,median
2020-08-31,2020-08-31,2 wk ahead inc death,2020-09-12,40,quantile,0.01,29,median
2020-08-31,2020-08-31,2 wk ahead inc death,2020-09-12,40,quantile,0.025,34,median
2020-08-31,2020-08-31,2 wk ahead inc death,2020-09-12,40,quantile,0.05,38,median
2020-08-31,2020-08-31,2 wk ahead inc death,2020-09-12,40,quantile,0.1,41,median
2020-08-31,2020-08-31,2 wk ahead inc death,2020-09-12,40,quantile,0.15,43,median
2020-08-31,2020-08-31,2 wk ahead inc death,2020-09-12,40,quantile,0.2,45,median
2020-08-31,2020-08-31,2 wk ahead inc death,2020-09-12,40,quantile,0.25,47,median
2020-08-31,2020-08-31,2 wk ahead inc death,2020-09-12,40,quantile,0.3,48,median
2020-08-31,2020-08-31,2 wk ahead inc death,2020-09-12,40,quantile,0.35,49,median
2020-08-31,2020-08-31,2 wk ahead inc death,2020-09-12,40,quantile,0.4,51,median
2020-08-31,2020-08-31,2 wk ahead inc death,2020-09-12,40,quantile,0.45,52,median
2020-08-31,2020-08-31,2 wk ahead inc death,2020-09-12,40,quantile,0.5,54,median
2020-08-31,2020-08-31,2 wk ahead inc death,2020-09-12,40,quantile,0.55,55,median
2020-08-31,2020-08-31,2 wk ahead inc death,2020-09-12,40,quantile,0.6,56.4000000000001,median
2020-08-31,2020-08-31,2 wk ahead inc death,2020-09-12,40,quantile,0.65,59,median
2020-08-31,2020-08-31,2 wk ahead inc death,2020-09-12,40,quantile,0.7,62,median
2020-08-31,2020-08-31,2 wk ahead inc death,2020-09-12,40,quantile,0.75,65,median
2020-08-31,2020-08-31,2 wk ahead inc death,2020-09-12,40,quantile,0.8,69,median
2020-08-31,2020-08-31,2 wk ahead inc death,2020-09-12,40,quantile,0.85,73.1500000000001,median
2020-08-31,2020-08-31,2 wk ahead inc death,2020-09-12,40,quantile,0.9,78.1000000000001,median
2020-08-31,2020-08-31,2 wk ahead inc death,2020-09-12,40,quantile,0.95,87,median
2020-08-31,2020-08-31,2 wk ahead inc death,2020-09-12,40,quantile,0.975,94,median
2020-08-31,2020-08-31,2 wk ahead inc death,2020-09-12,40,quantile,0.99,100.03,median
2020-08-31,2020-08-31,3 wk ahead inc death,2020-09-19,40,point,,58,median
2020-08-31,2020-08-31,3 wk ahead inc death,2020-09-19,40,quantile,0.01,31,median
2020-08-31,2020-08-31,3 wk ahead inc death,2020-09-19,40,quantile,0.025,33,median
2020-08-31,2020-08-31,3 wk ahead inc death,2020-09-19,40,quantile,0.05,36,median
2020-08-31,2020-08-31,3 wk ahead inc death,2020-09-19,40,quantile,0.1,41,median
2020-08-31,2020-08-31,3 wk ahead inc death,2020-09-19,40,quantile,0.15,45,median
2020-08-31,2020-08-31,3 wk ahead inc death,2020-09-19,40,quantile,0.2,47,median
2020-08-31,2020-08-31,3 wk ahead inc death,2020-09-19,40,quantile,0.25,49,median
2020-08-31,2020-08-31,3 wk ahead inc death,2020-09-19,40,quantile,0.3,51,median
2020-08-31,2020-08-31,3 wk ahead inc death,2020-09-19,40,quantile,0.35,52.65,median
2020-08-31,2020-08-31,3 wk ahead inc death,2020-09-19,40,quantile,0.4,54,median
2020-08-31,2020-08-31,3 wk ahead inc death,2020-09-19,40,quantile,0.45,56,median
2020-08-31,2020-08-31,3 wk ahead inc death,2020-09-19,40,quantile,0.5,58,median
2020-08-31,2020-08-31,3 wk ahead inc death,2020-09-19,40,quantile,0.55,60,median
2020-08-31,2020-08-31,3 wk ahead inc death,2020-09-19,40,quantile,0.6,62,median
2020-08-31,2020-08-31,3 wk ahead inc death,2020-09-19,40,quantile,0.65,66,median
2020-08-31,2020-08-31,3 wk ahead inc death,2020-09-19,40,quantile,0.7,69,median
2020-08-31,2020-08-31,3 wk ahead inc death,2020-09-19,40,quantile,0.75,74,median
2020-08-31,2020-08-31,3 wk ahead inc death,2020-09-19,40,quantile,0.8,78,median
2020-08-31,2020-08-31,3 wk ahead inc death,2020-09-19,40,quantile,0.85,83,median
2020-08-31,2020-08-31,3 wk ahead inc death,2020-09-19,40,quantile,0.9,90.1000000000001,median
2020-08-31,2020-08-31,3 wk ahead inc death,2020-09-19,40,quantile,0.95,100.05,median
2020-08-31,2020-08-31,3 wk ahead inc death,2020-09-19,40,quantile,0.975,109,median
2020-08-31,2020-08-31,3 wk ahead inc death,2020-09-19,40,quantile,0.99,120.06,median
2020-08-31,2020-08-31,4 wk ahead inc death,2020-09-26,40,point,,68,median
2020-08-31,2020-08-31,4 wk ahead inc death,2020-09-26,40,quantile,0.01,23,median
2020-08-31,2020-08-31,4 wk ahead inc death,2020-09-26,40,quantile,0.025,24,median
2020-08-31,2020-08-31,4 wk ahead inc death,2020-09-26,40,quantile,0.05,27,median
2020-08-31,2020-08-31,4 wk ahead inc death,2020-09-26,40,quantile,0.1,34,median
2020-08-31,2020-08-31,4 wk ahead inc death,2020-09-26,40,quantile,0.15,40,median
2020-08-31,2020-08-31,4 wk ahead inc death,2020-09-26,40,quantile,0.2,45,median
2020-08-31,2020-08-31,4 wk ahead inc death,2020-09-26,40,quantile,0.25,50,median
2020-08-31,2020-08-31,4 wk ahead inc death,2020-09-26,40,quantile,0.3,57,median
2020-08-31,2020-08-31,4 wk ahead inc death,2020-09-26,40,quantile,0.35,60,median
2020-08-31,2020-08-31,4 wk ahead inc death,2020-09-26,40,quantile,0.4,62,median
2020-08-31,2020-08-31,4 wk ahead inc death,2020-09-26,40,quantile,0.45,65,median
2020-08-31,2020-08-31,4 wk ahead inc death,2020-09-26,40,quantile,0.5,68,median
2020-08-31,2020-08-31,4 wk ahead inc death,2020-09-26,40,quantile,0.55,70.4500000000001,median
2020-08-31,2020-08-31,4 wk ahead inc death,2020-09-26,40,quantile,0.6,73,median
2020-08-31,2020-08-31,4 wk ahead inc death,2020-09-26,40,quantile,0.65,78,median
2020-08-31,2020-08-31,4 wk ahead inc death,2020-09-26,40,quantile,0.7,82,median
2020-08-31,2020-08-31,4 wk ahead inc death,2020-09-26,40,quantile,0.75,86,median
2020-08-31,2020-08-31,4 wk ahead inc death,2020-09-26,40,quantile,0.8,93,median
2020-08-31,2020-08-31,4 wk ahead inc death,2020-09-26,40,quantile,0.85,104,median
2020-08-31,2020-08-31,4 wk ahead inc death,2020-09-26,40,quantile,0.9,118.1,median
2020-08-31,2020-08-31,4 wk ahead inc death,2020-09-26,40,quantile,0.95,147,median
2020-08-31,2020-08-31,4 wk ahead inc death,2020-09-26,40,quantile,0.975,187.075,median
2020-08-31,2020-08-31,4 wk ahead inc death,2020-09-26,40,quantile,0.99,224,median
2020-08-31,2020-08-31,1 wk ahead inc death,2020-09-05,41,point,,30,median
2020-08-31,2020-08-31,1 wk ahead inc death,2020-09-05,41,quantile,0.01,13,median
2020-08-31,2020-08-31,1 wk ahead inc death,2020-09-05,41,quantile,0.025,15,median
2020-08-31,2020-08-31,1 wk ahead inc death,2020-09-05,41,quantile,0.05,17,median
2020-08-31,2020-08-31,1 wk ahead inc death,2020-09-05,41,quantile,0.1,19,median
2020-08-31,2020-08-31,1 wk ahead inc death,2020-09-05,41,quantile,0.15,22,median
2020-08-31,2020-08-31,1 wk ahead inc death,2020-09-05,41,quantile,0.2,23,median
2020-08-31,2020-08-31,1 wk ahead inc death,2020-09-05,41,quantile,0.25,25,median
2020-08-31,2020-08-31,1 wk ahead inc death,2020-09-05,41,quantile,0.3,26,median
2020-08-31,2020-08-31,1 wk ahead inc death,2020-09-05,41,quantile,0.35,27,median
2020-08-31,2020-08-31,1 wk ahead inc death,2020-09-05,41,quantile,0.4,28,median
2020-08-31,2020-08-31,1 wk ahead inc death,2020-09-05,41,quantile,0.45,29,median
2020-08-31,2020-08-31,1 wk ahead inc death,2020-09-05,41,quantile,0.5,30,median
2020-08-31,2020-08-31,1 wk ahead inc death,2020-09-05,41,quantile,0.55,31,median
2020-08-31,2020-08-31,1 wk ahead inc death,2020-09-05,41,quantile,0.6,33,median
2020-08-31,2020-08-31,1 wk ahead inc death,2020-09-05,41,quantile,0.65,34,median
2020-08-31,2020-08-31,1 wk ahead inc death,2020-09-05,41,quantile,0.7,36,median
2020-08-31,2020-08-31,1 wk ahead inc death,2020-09-05,41,quantile,0.75,37,median
2020-08-31,2020-08-31,1 wk ahead inc death,2020-09-05,41,quantile,0.8,40,median
2020-08-31,2020-08-31,1 wk ahead inc death,2020-09-05,41,quantile,0.85,42,median
2020-08-31,2020-08-31,1 wk ahead inc death,2020-09-05,41,quantile,0.9,46,median
2020-08-31,2020-08-31,1 wk ahead inc death,2020-09-05,41,quantile,0.95,51,median
2020-08-31,2020-08-31,1 wk ahead inc death,2020-09-05,41,quantile,0.975,58,median
2020-08-31,2020-08-31,1 wk ahead inc death,2020-09-05,41,quantile,0.99,64,median
2020-08-31,2020-08-31,2 wk ahead inc death,2020-09-12,41,point,,30,median
2020-08-31,2020-08-31,2 wk ahead inc death,2020-09-12,41,quantile,0.01,9,median
2020-08-31,2020-08-31,2 wk ahead inc death,2020-09-12,41,quantile,0.025,11,median
2020-08-31,2020-08-31,2 wk ahead inc death,2020-09-12,41,quantile,0.05,13.95,median
2020-08-31,2020-08-31,2 wk ahead inc death,2020-09-12,41,quantile,0.1,16,median
2020-08-31,2020-08-31,2 wk ahead inc death,2020-09-12,41,quantile,0.15,18,median
2020-08-31,2020-08-31,2 wk ahead inc death,2020-09-12,41,quantile,0.2,20,median
2020-08-31,2020-08-31,2 wk ahead inc death,2020-09-12,41,quantile,0.25,22,median
2020-08-31,2020-08-31,2 wk ahead inc death,2020-09-12,41,quantile,0.3,23,median
2020-08-31,2020-08-31,2 wk ahead inc death,2020-09-12,41,quantile,0.35,25,median
2020-08-31,2020-08-31,2 wk ahead inc death,2020-09-12,41,quantile,0.4,27,median
2020-08-31,2020-08-31,2 wk ahead inc death,2020-09-12,41,quantile,0.45,28,median
2020-08-31,2020-08-31,2 wk ahead inc death,2020-09-12,41,quantile,0.5,30,median
2020-08-31,2020-08-31,2 wk ahead inc death,2020-09-12,41,quantile,0.55,31,median
2020-08-31,2020-08-31,2 wk ahead inc death,2020-09-12,41,quantile,0.6,33,median
2020-08-31,2020-08-31,2 wk ahead inc death,2020-09-12,41,quantile,0.65,35,median
2020-08-31,2020-08-31,2 wk ahead inc death,2020-09-12,41,quantile,0.7,37,median
2020-08-31,2020-08-31,2 wk ahead inc death,2020-09-12,41,quantile,0.75,39,median
2020-08-31,2020-08-31,2 wk ahead inc death,2020-09-12,41,quantile,0.8,42,median
2020-08-31,2020-08-31,2 wk ahead inc death,2020-09-12,41,quantile,0.85,45,median
2020-08-31,2020-08-31,2 wk ahead inc death,2020-09-12,41,quantile,0.9,48,median
2020-08-31,2020-08-31,2 wk ahead inc death,2020-09-12,41,quantile,0.95,54,median
2020-08-31,2020-08-31,2 wk ahead inc death,2020-09-12,41,quantile,0.975,58.025,median
2020-08-31,2020-08-31,2 wk ahead inc death,2020-09-12,41,quantile,0.99,69.02,median
2020-08-31,2020-08-31,3 wk ahead inc death,2020-09-19,41,point,,33,median
2020-08-31,2020-08-31,3 wk ahead inc death,2020-09-19,41,quantile,0.01,7.99,median
2020-08-31,2020-08-31,3 wk ahead inc death,2020-09-19,41,quantile,0.025,9,median
2020-08-31,2020-08-31,3 wk ahead inc death,2020-09-19,41,quantile,0.05,11.95,median
2020-08-31,2020-08-31,3 wk ahead inc death,2020-09-19,41,quantile,0.1,15.9,median
2020-08-31,2020-08-31,3 wk ahead inc death,2020-09-19,41,quantile,0.15,19,median
2020-08-31,2020-08-31,3 wk ahead inc death,2020-09-19,41,quantile,0.2,21,median
2020-08-31,2020-08-31,3 wk ahead inc death,2020-09-19,41,quantile,0.25,23,median
2020-08-31,2020-08-31,3 wk ahead inc death,2020-09-19,41,quantile,0.3,26,median
2020-08-31,2020-08-31,3 wk ahead inc death,2020-09-19,41,quantile,0.35,28,median
2020-08-31,2020-08-31,3 wk ahead inc death,2020-09-19,41,quantile,0.4,29.6,median
2020-08-31,2020-08-31,3 wk ahead inc death,2020-09-19,41,quantile,0.45,32,median
2020-08-31,2020-08-31,3 wk ahead inc death,2020-09-19,41,quantile,0.5,33,median
2020-08-31,2020-08-31,3 wk ahead inc death,2020-09-19,41,quantile,0.55,35,median
2020-08-31,2020-08-31,3 wk ahead inc death,2020-09-19,41,quantile,0.6,38,median
2020-08-31,2020-08-31,3 wk ahead inc death,2020-09-19,41,quantile,0.65,40,median
2020-08-31,2020-08-31,3 wk ahead inc death,2020-09-19,41,quantile,0.7,43,median
2020-08-31,2020-08-31,3 wk ahead inc death,2020-09-19,41,quantile,0.75,45,median
2020-08-31,2020-08-31,3 wk ahead inc death,2020-09-19,41,quantile,0.8,48,median
2020-08-31,2020-08-31,3 wk ahead inc death,2020-09-19,41,quantile,0.85,51,median
2020-08-31,2020-08-31,3 wk ahead inc death,2020-09-19,41,quantile,0.9,56,median
2020-08-31,2020-08-31,3 wk ahead inc death,2020-09-19,41,quantile,0.95,63,median
2020-08-31,2020-08-31,3 wk ahead inc death,2020-09-19,41,quantile,0.975,69,median
2020-08-31,2020-08-31,3 wk ahead inc death,2020-09-19,41,quantile,0.99,77.01,median
2020-08-31,2020-08-31,4 wk ahead inc death,2020-09-26,41,point,,37,median
2020-08-31,2020-08-31,4 wk ahead inc death,2020-09-26,41,quantile,0.01,5,median
2020-08-31,2020-08-31,4 wk ahead inc death,2020-09-26,41,quantile,0.025,7.975,median
2020-08-31,2020-08-31,4 wk ahead inc death,2020-09-26,41,quantile,0.05,12,median
2020-08-31,2020-08-31,4 wk ahead inc death,2020-09-26,41,quantile,0.1,16,median
2020-08-31,2020-08-31,4 wk ahead inc death,2020-09-26,41,quantile,0.15,20,median
2020-08-31,2020-08-31,4 wk ahead inc death,2020-09-26,41,quantile,0.2,23,median
2020-08-31,2020-08-31,4 wk ahead inc death,2020-09-26,41,quantile,0.25,26,median
2020-08-31,2020-08-31,4 wk ahead inc death,2020-09-26,41,quantile,0.3,28,median
2020-08-31,2020-08-31,4 wk ahead inc death,2020-09-26,41,quantile,0.35,30.65,median
2020-08-31,2020-08-31,4 wk ahead inc death,2020-09-26,41,quantile,0.4,33,median
2020-08-31,2020-08-31,4 wk ahead inc death,2020-09-26,41,quantile,0.45,35,median
2020-08-31,2020-08-31,4 wk ahead inc death,2020-09-26,41,quantile,0.5,37,median
2020-08-31,2020-08-31,4 wk ahead inc death,2020-09-26,41,quantile,0.55,39.45,median
2020-08-31,2020-08-31,4 wk ahead inc death,2020-09-26,41,quantile,0.6,42,median
2020-08-31,2020-08-31,4 wk ahead inc death,2020-09-26,41,quantile,0.65,44,median
2020-08-31,2020-08-31,4 wk ahead inc death,2020-09-26,41,quantile,0.7,47,median
2020-08-31,2020-08-31,4 wk ahead inc death,2020-09-26,41,quantile,0.75,49,median
2020-08-31,2020-08-31,4 wk ahead inc death,2020-09-26,41,quantile,0.8,52,median
2020-08-31,2020-08-31,4 wk ahead inc death,2020-09-26,41,quantile,0.85,55.1500000000001,median
2020-08-31,2020-08-31,4 wk ahead inc death,2020-09-26,41,quantile,0.9,61,median
2020-08-31,2020-08-31,4 wk ahead inc death,2020-09-26,41,quantile,0.95,68,median
2020-08-31,2020-08-31,4 wk ahead inc death,2020-09-26,41,quantile,0.975,76,median
2020-08-31,2020-08-31,4 wk ahead inc death,2020-09-26,41,quantile,0.99,86.01,median
2020-08-31,2020-08-31,1 wk ahead inc death,2020-09-05,42,point,,89,median
2020-08-31,2020-08-31,1 wk ahead inc death,2020-09-05,42,quantile,0.01,51.99,median
2020-08-31,2020-08-31,1 wk ahead inc death,2020-09-05,42,quantile,0.025,56,median
2020-08-31,2020-08-31,1 wk ahead inc death,2020-09-05,42,quantile,0.05,61,median
2020-08-31,2020-08-31,1 wk ahead inc death,2020-09-05,42,quantile,0.1,66,median
2020-08-31,2020-08-31,1 wk ahead inc death,2020-09-05,42,quantile,0.15,69,median
2020-08-31,2020-08-31,1 wk ahead inc death,2020-09-05,42,quantile,0.2,73,median
2020-08-31,2020-08-31,1 wk ahead inc death,2020-09-05,42,quantile,0.25,76,median
2020-08-31,2020-08-31,1 wk ahead inc death,2020-09-05,42,quantile,0.3,78,median
2020-08-31,2020-08-31,1 wk ahead inc death,2020-09-05,42,quantile,0.35,81,median
2020-08-31,2020-08-31,1 wk ahead inc death,2020-09-05,42,quantile,0.4,83,median
2020-08-31,2020-08-31,1 wk ahead inc death,2020-09-05,42,quantile,0.45,86,median
2020-08-31,2020-08-31,1 wk ahead inc death,2020-09-05,42,quantile,0.5,89,median
2020-08-31,2020-08-31,1 wk ahead inc death,2020-09-05,42,quantile,0.55,91,median
2020-08-31,2020-08-31,1 wk ahead inc death,2020-09-05,42,quantile,0.6,94,median
2020-08-31,2020-08-31,1 wk ahead inc death,2020-09-05,42,quantile,0.65,96,median
2020-08-31,2020-08-31,1 wk ahead inc death,2020-09-05,42,quantile,0.7,99,median
2020-08-31,2020-08-31,1 wk ahead inc death,2020-09-05,42,quantile,0.75,103,median
2020-08-31,2020-08-31,1 wk ahead inc death,2020-09-05,42,quantile,0.8,107,median
2020-08-31,2020-08-31,1 wk ahead inc death,2020-09-05,42,quantile,0.85,111,median
2020-08-31,2020-08-31,1 wk ahead inc death,2020-09-05,42,quantile,0.9,116,median
2020-08-31,2020-08-31,1 wk ahead inc death,2020-09-05,42,quantile,0.95,122,median
2020-08-31,2020-08-31,1 wk ahead inc death,2020-09-05,42,quantile,0.975,127.025,median
2020-08-31,2020-08-31,1 wk ahead inc death,2020-09-05,42,quantile,0.99,138,median
2020-08-31,2020-08-31,2 wk ahead inc death,2020-09-12,42,point,,93,median
2020-08-31,2020-08-31,2 wk ahead inc death,2020-09-12,42,quantile,0.01,44,median
2020-08-31,2020-08-31,2 wk ahead inc death,2020-09-12,42,quantile,0.025,46,median
2020-08-31,2020-08-31,2 wk ahead inc death,2020-09-12,42,quantile,0.05,49,median
2020-08-31,2020-08-31,2 wk ahead inc death,2020-09-12,42,quantile,0.1,54,median
2020-08-31,2020-08-31,2 wk ahead inc death,2020-09-12,42,quantile,0.15,59,median
2020-08-31,2020-08-31,2 wk ahead inc death,2020-09-12,42,quantile,0.2,65,median
2020-08-31,2020-08-31,2 wk ahead inc death,2020-09-12,42,quantile,0.25,70,median
2020-08-31,2020-08-31,2 wk ahead inc death,2020-09-12,42,quantile,0.3,75,median
2020-08-31,2020-08-31,2 wk ahead inc death,2020-09-12,42,quantile,0.35,80,median
2020-08-31,2020-08-31,2 wk ahead inc death,2020-09-12,42,quantile,0.4,85,median
2020-08-31,2020-08-31,2 wk ahead inc death,2020-09-12,42,quantile,0.45,90.55,median
2020-08-31,2020-08-31,2 wk ahead inc death,2020-09-12,42,quantile,0.5,93,median
2020-08-31,2020-08-31,2 wk ahead inc death,2020-09-12,42,quantile,0.55,95,median
2020-08-31,2020-08-31,2 wk ahead inc death,2020-09-12,42,quantile,0.6,99,median
2020-08-31,2020-08-31,2 wk ahead inc death,2020-09-12,42,quantile,0.65,101,median
2020-08-31,2020-08-31,2 wk ahead inc death,2020-09-12,42,quantile,0.7,105,median
2020-08-31,2020-08-31,2 wk ahead inc death,2020-09-12,42,quantile,0.75,109,median
2020-08-31,2020-08-31,2 wk ahead inc death,2020-09-12,42,quantile,0.8,113,median
2020-08-31,2020-08-31,2 wk ahead inc death,2020-09-12,42,quantile,0.85,119.15,median
2020-08-31,2020-08-31,2 wk ahead inc death,2020-09-12,42,quantile,0.9,128.1,median
2020-08-31,2020-08-31,2 wk ahead inc death,2020-09-12,42,quantile,0.95,140,median
2020-08-31,2020-08-31,2 wk ahead inc death,2020-09-12,42,quantile,0.975,153,median
2020-08-31,2020-08-31,2 wk ahead inc death,2020-09-12,42,quantile,0.99,172.01,median
2020-08-31,2020-08-31,3 wk ahead inc death,2020-09-19,42,point,,89,median
2020-08-31,2020-08-31,3 wk ahead inc death,2020-09-19,42,quantile,0.01,31,median
2020-08-31,2020-08-31,3 wk ahead inc death,2020-09-19,42,quantile,0.025,33,median
2020-08-31,2020-08-31,3 wk ahead inc death,2020-09-19,42,quantile,0.05,38,median
2020-08-31,2020-08-31,3 wk ahead inc death,2020-09-19,42,quantile,0.1,52,median
2020-08-31,2020-08-31,3 wk ahead inc death,2020-09-19,42,quantile,0.15,60,median
2020-08-31,2020-08-31,3 wk ahead inc death,2020-09-19,42,quantile,0.2,70,median
2020-08-31,2020-08-31,3 wk ahead inc death,2020-09-19,42,quantile,0.25,75,median
2020-08-31,2020-08-31,3 wk ahead inc death,2020-09-19,42,quantile,0.3,78,median
2020-08-31,2020-08-31,3 wk ahead inc death,2020-09-19,42,quantile,0.35,81,median
2020-08-31,2020-08-31,3 wk ahead inc death,2020-09-19,42,quantile,0.4,84,median
2020-08-31,2020-08-31,3 wk ahead inc death,2020-09-19,42,quantile,0.45,86,median
2020-08-31,2020-08-31,3 wk ahead inc death,2020-09-19,42,quantile,0.5,89,median
2020-08-31,2020-08-31,3 wk ahead inc death,2020-09-19,42,quantile,0.55,92.45,median
2020-08-31,2020-08-31,3 wk ahead inc death,2020-09-19,42,quantile,0.6,96,median
2020-08-31,2020-08-31,3 wk ahead inc death,2020-09-19,42,quantile,0.65,99,median
2020-08-31,2020-08-31,3 wk ahead inc death,2020-09-19,42,quantile,0.7,103,median
2020-08-31,2020-08-31,3 wk ahead inc death,2020-09-19,42,quantile,0.75,108,median
2020-08-31,2020-08-31,3 wk ahead inc death,2020-09-19,42,quantile,0.8,111,median
2020-08-31,2020-08-31,3 wk ahead inc death,2020-09-19,42,quantile,0.85,120,median
2020-08-31,2020-08-31,3 wk ahead inc death,2020-09-19,42,quantile,0.9,130,median
2020-08-31,2020-08-31,3 wk ahead inc death,2020-09-19,42,quantile,0.95,143.05,median
2020-08-31,2020-08-31,3 wk ahead inc death,2020-09-19,42,quantile,0.975,164.125,median
2020-08-31,2020-08-31,3 wk ahead inc death,2020-09-19,42,quantile,0.99,192,median
2020-08-31,2020-08-31,4 wk ahead inc death,2020-09-26,42,point,,95,median
2020-08-31,2020-08-31,4 wk ahead inc death,2020-09-26,42,quantile,0.01,25.99,median
2020-08-31,2020-08-31,4 wk ahead inc death,2020-09-26,42,quantile,0.025,33,median
2020-08-31,2020-08-31,4 wk ahead inc death,2020-09-26,42,quantile,0.05,41,median
2020-08-31,2020-08-31,4 wk ahead inc death,2020-09-26,42,quantile,0.1,55.9,median
2020-08-31,2020-08-31,4 wk ahead inc death,2020-09-26,42,quantile,0.15,67,median
2020-08-31,2020-08-31,4 wk ahead inc death,2020-09-26,42,quantile,0.2,71,median
2020-08-31,2020-08-31,4 wk ahead inc death,2020-09-26,42,quantile,0.25,75,median
2020-08-31,2020-08-31,4 wk ahead inc death,2020-09-26,42,quantile,0.3,80,median
2020-08-31,2020-08-31,4 wk ahead inc death,2020-09-26,42,quantile,0.35,83,median
2020-08-31,2020-08-31,4 wk ahead inc death,2020-09-26,42,quantile,0.4,87,median
2020-08-31,2020-08-31,4 wk ahead inc death,2020-09-26,42,quantile,0.45,91,median
2020-08-31,2020-08-31,4 wk ahead inc death,2020-09-26,42,quantile,0.5,95,median
2020-08-31,2020-08-31,4 wk ahead inc death,2020-09-26,42,quantile,0.55,98,median
2020-08-31,2020-08-31,4 wk ahead inc death,2020-09-26,42,quantile,0.6,103,median
2020-08-31,2020-08-31,4 wk ahead inc death,2020-09-26,42,quantile,0.65,107,median
2020-08-31,2020-08-31,4 wk ahead inc death,2020-09-26,42,quantile,0.7,112,median
2020-08-31,2020-08-31,4 wk ahead inc death,2020-09-26,42,quantile,0.75,117.25,median
2020-08-31,2020-08-31,4 wk ahead inc death,2020-09-26,42,quantile,0.8,125.2,median
2020-08-31,2020-08-31,4 wk ahead inc death,2020-09-26,42,quantile,0.85,135,median
2020-08-31,2020-08-31,4 wk ahead inc death,2020-09-26,42,quantile,0.9,149,median
2020-08-31,2020-08-31,4 wk ahead inc death,2020-09-26,42,quantile,0.95,178,median
2020-08-31,2020-08-31,4 wk ahead inc death,2020-09-26,42,quantile,0.975,219.025,median
2020-08-31,2020-08-31,4 wk ahead inc death,2020-09-26,42,quantile,0.99,255.05,median
2020-08-31,2020-08-31,1 wk ahead inc death,2020-09-05,44,point,,63,median
2020-08-31,2020-08-31,1 wk ahead inc death,2020-09-05,44,quantile,0.01,21,median
2020-08-31,2020-08-31,1 wk ahead inc death,2020-09-05,44,quantile,0.025,21,median
2020-08-31,2020-08-31,1 wk ahead inc death,2020-09-05,44,quantile,0.05,22,median
2020-08-31,2020-08-31,1 wk ahead inc death,2020-09-05,44,quantile,0.1,23,median
2020-08-31,2020-08-31,1 wk ahead inc death,2020-09-05,44,quantile,0.15,27,median
2020-08-31,2020-08-31,1 wk ahead inc death,2020-09-05,44,quantile,0.2,32,median
2020-08-31,2020-08-31,1 wk ahead inc death,2020-09-05,44,quantile,0.25,37,median
2020-08-31,2020-08-31,1 wk ahead inc death,2020-09-05,44,quantile,0.3,43,median
2020-08-31,2020-08-31,1 wk ahead inc death,2020-09-05,44,quantile,0.35,50,median
2020-08-31,2020-08-31,1 wk ahead inc death,2020-09-05,44,quantile,0.4,56,median
2020-08-31,2020-08-31,1 wk ahead inc death,2020-09-05,44,quantile,0.45,62,median
2020-08-31,2020-08-31,1 wk ahead inc death,2020-09-05,44,quantile,0.5,63,median
2020-08-31,2020-08-31,1 wk ahead inc death,2020-09-05,44,quantile,0.55,65,median
2020-08-31,2020-08-31,1 wk ahead inc death,2020-09-05,44,quantile,0.6,67,median
2020-08-31,2020-08-31,1 wk ahead inc death,2020-09-05,44,quantile,0.65,68,median
2020-08-31,2020-08-31,1 wk ahead inc death,2020-09-05,44,quantile,0.7,69,median
2020-08-31,2020-08-31,1 wk ahead inc death,2020-09-05,44,quantile,0.75,71,median
2020-08-31,2020-08-31,1 wk ahead inc death,2020-09-05,44,quantile,0.8,73,median
2020-08-31,2020-08-31,1 wk ahead inc death,2020-09-05,44,quantile,0.85,75,median
2020-08-31,2020-08-31,1 wk ahead inc death,2020-09-05,44,quantile,0.9,78,median
2020-08-31,2020-08-31,1 wk ahead inc death,2020-09-05,44,quantile,0.95,83,median
2020-08-31,2020-08-31,1 wk ahead inc death,2020-09-05,44,quantile,0.975,87,median
2020-08-31,2020-08-31,1 wk ahead inc death,2020-09-05,44,quantile,0.99,92,median
2020-08-31,2020-08-31,2 wk ahead inc death,2020-09-12,44,point,,63,median
2020-08-31,2020-08-31,2 wk ahead inc death,2020-09-12,44,quantile,0.01,22,median
2020-08-31,2020-08-31,2 wk ahead inc death,2020-09-12,44,quantile,0.025,25,median
2020-08-31,2020-08-31,2 wk ahead inc death,2020-09-12,44,quantile,0.05,30,median
2020-08-31,2020-08-31,2 wk ahead inc death,2020-09-12,44,quantile,0.1,37,median
2020-08-31,2020-08-31,2 wk ahead inc death,2020-09-12,44,quantile,0.15,45,median
2020-08-31,2020-08-31,2 wk ahead inc death,2020-09-12,44,quantile,0.2,48,median
2020-08-31,2020-08-31,2 wk ahead inc death,2020-09-12,44,quantile,0.25,50,median
2020-08-31,2020-08-31,2 wk ahead inc death,2020-09-12,44,quantile,0.3,54,median
2020-08-31,2020-08-31,2 wk ahead inc death,2020-09-12,44,quantile,0.35,56,median
2020-08-31,2020-08-31,2 wk ahead inc death,2020-09-12,44,quantile,0.4,59,median
2020-08-31,2020-08-31,2 wk ahead inc death,2020-09-12,44,quantile,0.45,60,median
2020-08-31,2020-08-31,2 wk ahead inc death,2020-09-12,44,quantile,0.5,63,median
2020-08-31,2020-08-31,2 wk ahead inc death,2020-09-12,44,quantile,0.55,65,median
2020-08-31,2020-08-31,2 wk ahead inc death,2020-09-12,44,quantile,0.6,66,median
2020-08-31,2020-08-31,2 wk ahead inc death,2020-09-12,44,quantile,0.65,69,median
2020-08-31,2020-08-31,2 wk ahead inc death,2020-09-12,44,quantile,0.7,71,median
2020-08-31,2020-08-31,2 wk ahead inc death,2020-09-12,44,quantile,0.75,73.2500000000001,median
2020-08-31,2020-08-31,2 wk ahead inc death,2020-09-12,44,quantile,0.8,76,median
2020-08-31,2020-08-31,2 wk ahead inc death,2020-09-12,44,quantile,0.85,80,median
2020-08-31,2020-08-31,2 wk ahead inc death,2020-09-12,44,quantile,0.9,85,median
2020-08-31,2020-08-31,2 wk ahead inc death,2020-09-12,44,quantile,0.95,93,median
2020-08-31,2020-08-31,2 wk ahead inc death,2020-09-12,44,quantile,0.975,99,median
2020-08-31,2020-08-31,2 wk ahead inc death,2020-09-12,44,quantile,0.99,109.01,median
2020-08-31,2020-08-31,3 wk ahead inc death,2020-09-19,44,point,,64,median
2020-08-31,2020-08-31,3 wk ahead inc death,2020-09-19,44,quantile,0.01,21.99,median
2020-08-31,2020-08-31,3 wk ahead inc death,2020-09-19,44,quantile,0.025,27,median
2020-08-31,2020-08-31,3 wk ahead inc death,2020-09-19,44,quantile,0.05,31.95,median
2020-08-31,2020-08-31,3 wk ahead inc death,2020-09-19,44,quantile,0.1,38,median
2020-08-31,2020-08-31,3 wk ahead inc death,2020-09-19,44,quantile,0.15,42,median
2020-08-31,2020-08-31,3 wk ahead inc death,2020-09-19,44,quantile,0.2,46,median
2020-08-31,2020-08-31,3 wk ahead inc death,2020-09-19,44,quantile,0.25,50,median
2020-08-31,2020-08-31,3 wk ahead inc death,2020-09-19,44,quantile,0.3,53,median
2020-08-31,2020-08-31,3 wk ahead inc death,2020-09-19,44,quantile,0.35,57,median
2020-08-31,2020-08-31,3 wk ahead inc death,2020-09-19,44,quantile,0.4,59,median
2020-08-31,2020-08-31,3 wk ahead inc death,2020-09-19,44,quantile,0.45,62,median
2020-08-31,2020-08-31,3 wk ahead inc death,2020-09-19,44,quantile,0.5,64,median
2020-08-31,2020-08-31,3 wk ahead inc death,2020-09-19,44,quantile,0.55,66,median
2020-08-31,2020-08-31,3 wk ahead inc death,2020-09-19,44,quantile,0.6,68,median
2020-08-31,2020-08-31,3 wk ahead inc death,2020-09-19,44,quantile,0.65,70.3500000000001,median
2020-08-31,2020-08-31,3 wk ahead inc death,2020-09-19,44,quantile,0.7,73,median
2020-08-31,2020-08-31,3 wk ahead inc death,2020-09-19,44,quantile,0.75,76,median
2020-08-31,2020-08-31,3 wk ahead inc death,2020-09-19,44,quantile,0.8,80,median
2020-08-31,2020-08-31,3 wk ahead inc death,2020-09-19,44,quantile,0.85,85,median
2020-08-31,2020-08-31,3 wk ahead inc death,2020-09-19,44,quantile,0.9,91,median
2020-08-31,2020-08-31,3 wk ahead inc death,2020-09-19,44,quantile,0.95,100,median
2020-08-31,2020-08-31,3 wk ahead inc death,2020-09-19,44,quantile,0.975,108.025,median
2020-08-31,2020-08-31,3 wk ahead inc death,2020-09-19,44,quantile,0.99,116.01,median
2020-08-31,2020-08-31,4 wk ahead inc death,2020-09-26,44,point,,67,median
2020-08-31,2020-08-31,4 wk ahead inc death,2020-09-26,44,quantile,0.01,20.99,median
2020-08-31,2020-08-31,4 wk ahead inc death,2020-09-26,44,quantile,0.025,26,median
2020-08-31,2020-08-31,4 wk ahead inc death,2020-09-26,44,quantile,0.05,32,median
2020-08-31,2020-08-31,4 wk ahead inc death,2020-09-26,44,quantile,0.1,40,median
2020-08-31,2020-08-31,4 wk ahead inc death,2020-09-26,44,quantile,0.15,45,median
2020-08-31,2020-08-31,4 wk ahead inc death,2020-09-26,44,quantile,0.2,49,median
2020-08-31,2020-08-31,4 wk ahead inc death,2020-09-26,44,quantile,0.25,51,median
2020-08-31,2020-08-31,4 wk ahead inc death,2020-09-26,44,quantile,0.3,54,median
2020-08-31,2020-08-31,4 wk ahead inc death,2020-09-26,44,quantile,0.35,58,median
2020-08-31,2020-08-31,4 wk ahead inc death,2020-09-26,44,quantile,0.4,61,median
2020-08-31,2020-08-31,4 wk ahead inc death,2020-09-26,44,quantile,0.45,64,median
2020-08-31,2020-08-31,4 wk ahead inc death,2020-09-26,44,quantile,0.5,67,median
2020-08-31,2020-08-31,4 wk ahead inc death,2020-09-26,44,quantile,0.55,69,median
2020-08-31,2020-08-31,4 wk ahead inc death,2020-09-26,44,quantile,0.6,72,median
2020-08-31,2020-08-31,4 wk ahead inc death,2020-09-26,44,quantile,0.65,74,median
2020-08-31,2020-08-31,4 wk ahead inc death,2020-09-26,44,quantile,0.7,78,median
2020-08-31,2020-08-31,4 wk ahead inc death,2020-09-26,44,quantile,0.75,81,median
2020-08-31,2020-08-31,4 wk ahead inc death,2020-09-26,44,quantile,0.8,85,median
2020-08-31,2020-08-31,4 wk ahead inc death,2020-09-26,44,quantile,0.85,90,median
2020-08-31,2020-08-31,4 wk ahead inc death,2020-09-26,44,quantile,0.9,96,median
2020-08-31,2020-08-31,4 wk ahead inc death,2020-09-26,44,quantile,0.95,104,median
2020-08-31,2020-08-31,4 wk ahead inc death,2020-09-26,44,quantile,0.975,113.025,median
2020-08-31,2020-08-31,4 wk ahead inc death,2020-09-26,44,quantile,0.99,152.12,median
2020-08-31,2020-08-31,1 wk ahead inc death,2020-09-05,45,point,,157,median
2020-08-31,2020-08-31,1 wk ahead inc death,2020-09-05,45,quantile,0.01,95.99,median
2020-08-31,2020-08-31,1 wk ahead inc death,2020-09-05,45,quantile,0.025,101,median
2020-08-31,2020-08-31,1 wk ahead inc death,2020-09-05,45,quantile,0.05,109,median
2020-08-31,2020-08-31,1 wk ahead inc death,2020-09-05,45,quantile,0.1,119.9,median
2020-08-31,2020-08-31,1 wk ahead inc death,2020-09-05,45,quantile,0.15,125.85,median
2020-08-31,2020-08-31,1 wk ahead inc death,2020-09-05,45,quantile,0.2,131,median
2020-08-31,2020-08-31,1 wk ahead inc death,2020-09-05,45,quantile,0.25,134,median
2020-08-31,2020-08-31,1 wk ahead inc death,2020-09-05,45,quantile,0.3,139,median
2020-08-31,2020-08-31,1 wk ahead inc death,2020-09-05,45,quantile,0.35,143,median
2020-08-31,2020-08-31,1 wk ahead inc death,2020-09-05,45,quantile,0.4,148,median
2020-08-31,2020-08-31,1 wk ahead inc death,2020-09-05,45,quantile,0.45,153,median
2020-08-31,2020-08-31,1 wk ahead inc death,2020-09-05,45,quantile,0.5,157,median
2020-08-31,2020-08-31,1 wk ahead inc death,2020-09-05,45,quantile,0.55,160,median
2020-08-31,2020-08-31,1 wk ahead inc death,2020-09-05,45,quantile,0.6,164,median
2020-08-31,2020-08-31,1 wk ahead inc death,2020-09-05,45,quantile,0.65,168,median
2020-08-31,2020-08-31,1 wk ahead inc death,2020-09-05,45,quantile,0.7,173,median
2020-08-31,2020-08-31,1 wk ahead inc death,2020-09-05,45,quantile,0.75,181,median
2020-08-31,2020-08-31,1 wk ahead inc death,2020-09-05,45,quantile,0.8,190,median
2020-08-31,2020-08-31,1 wk ahead inc death,2020-09-05,45,quantile,0.85,202,median
2020-08-31,2020-08-31,1 wk ahead inc death,2020-09-05,45,quantile,0.9,213,median
2020-08-31,2020-08-31,1 wk ahead inc death,2020-09-05,45,quantile,0.95,231,median
2020-08-31,2020-08-31,1 wk ahead inc death,2020-09-05,45,quantile,0.975,248.05,median
2020-08-31,2020-08-31,1 wk ahead inc death,2020-09-05,45,quantile,0.99,264,median
2020-08-31,2020-08-31,2 wk ahead inc death,2020-09-12,45,point,,156,median
2020-08-31,2020-08-31,2 wk ahead inc death,2020-09-12,45,quantile,0.01,81,median
2020-08-31,2020-08-31,2 wk ahead inc death,2020-09-12,45,quantile,0.025,85,median
2020-08-31,2020-08-31,2 wk ahead inc death,2020-09-12,45,quantile,0.05,89,median
2020-08-31,2020-08-31,2 wk ahead inc death,2020-09-12,45,quantile,0.1,97,median
2020-08-31,2020-08-31,2 wk ahead inc death,2020-09-12,45,quantile,0.15,107,median
2020-08-31,2020-08-31,2 wk ahead inc death,2020-09-12,45,quantile,0.2,112,median
2020-08-31,2020-08-31,2 wk ahead inc death,2020-09-12,45,quantile,0.25,120,median
2020-08-31,2020-08-31,2 wk ahead inc death,2020-09-12,45,quantile,0.3,128,median
2020-08-31,2020-08-31,2 wk ahead inc death,2020-09-12,45,quantile,0.35,134,median
2020-08-31,2020-08-31,2 wk ahead inc death,2020-09-12,45,quantile,0.4,142,median
2020-08-31,2020-08-31,2 wk ahead inc death,2020-09-12,45,quantile,0.45,150,median
2020-08-31,2020-08-31,2 wk ahead inc death,2020-09-12,45,quantile,0.5,156,median
2020-08-31,2020-08-31,2 wk ahead inc death,2020-09-12,45,quantile,0.55,166,median
2020-08-31,2020-08-31,2 wk ahead inc death,2020-09-12,45,quantile,0.6,176,median
2020-08-31,2020-08-31,2 wk ahead inc death,2020-09-12,45,quantile,0.65,186,median
2020-08-31,2020-08-31,2 wk ahead inc death,2020-09-12,45,quantile,0.7,200,median
2020-08-31,2020-08-31,2 wk ahead inc death,2020-09-12,45,quantile,0.75,212,median
2020-08-31,2020-08-31,2 wk ahead inc death,2020-09-12,45,quantile,0.8,228,median
2020-08-31,2020-08-31,2 wk ahead inc death,2020-09-12,45,quantile,0.85,245,median
2020-08-31,2020-08-31,2 wk ahead inc death,2020-09-12,45,quantile,0.9,268,median
2020-08-31,2020-08-31,2 wk ahead inc death,2020-09-12,45,quantile,0.95,302,median
2020-08-31,2020-08-31,2 wk ahead inc death,2020-09-12,45,quantile,0.975,334,median
2020-08-31,2020-08-31,2 wk ahead inc death,2020-09-12,45,quantile,0.99,352,median
2020-08-31,2020-08-31,3 wk ahead inc death,2020-09-19,45,point,,158,median
2020-08-31,2020-08-31,3 wk ahead inc death,2020-09-19,45,quantile,0.01,51,median
2020-08-31,2020-08-31,3 wk ahead inc death,2020-09-19,45,quantile,0.025,53,median
2020-08-31,2020-08-31,3 wk ahead inc death,2020-09-19,45,quantile,0.05,73.95,median
2020-08-31,2020-08-31,3 wk ahead inc death,2020-09-19,45,quantile,0.1,102,median
2020-08-31,2020-08-31,3 wk ahead inc death,2020-09-19,45,quantile,0.15,114,median
2020-08-31,2020-08-31,3 wk ahead inc death,2020-09-19,45,quantile,0.2,121,median
2020-08-31,2020-08-31,3 wk ahead inc death,2020-09-19,45,quantile,0.25,127.75,median
2020-08-31,2020-08-31,3 wk ahead inc death,2020-09-19,45,quantile,0.3,134.7,median
2020-08-31,2020-08-31,3 wk ahead inc death,2020-09-19,45,quantile,0.35,140,median
2020-08-31,2020-08-31,3 wk ahead inc death,2020-09-19,45,quantile,0.4,145,median
2020-08-31,2020-08-31,3 wk ahead inc death,2020-09-19,45,quantile,0.45,151,median
2020-08-31,2020-08-31,3 wk ahead inc death,2020-09-19,45,quantile,0.5,158,median
2020-08-31,2020-08-31,3 wk ahead inc death,2020-09-19,45,quantile,0.55,165,median
2020-08-31,2020-08-31,3 wk ahead inc death,2020-09-19,45,quantile,0.6,172.4,median
2020-08-31,2020-08-31,3 wk ahead inc death,2020-09-19,45,quantile,0.65,182,median
2020-08-31,2020-08-31,3 wk ahead inc death,2020-09-19,45,quantile,0.7,197,median
2020-08-31,2020-08-31,3 wk ahead inc death,2020-09-19,45,quantile,0.75,219,median
2020-08-31,2020-08-31,3 wk ahead inc death,2020-09-19,45,quantile,0.8,250,median
2020-08-31,2020-08-31,3 wk ahead inc death,2020-09-19,45,quantile,0.85,288,median
2020-08-31,2020-08-31,3 wk ahead inc death,2020-09-19,45,quantile,0.9,322.1,median
2020-08-31,2020-08-31,3 wk ahead inc death,2020-09-19,45,quantile,0.95,359.05,median
2020-08-31,2020-08-31,3 wk ahead inc death,2020-09-19,45,quantile,0.975,404.025,median
2020-08-31,2020-08-31,3 wk ahead inc death,2020-09-19,45,quantile,0.99,470.24,median
2020-08-31,2020-08-31,4 wk ahead inc death,2020-09-26,45,point,,204,median
2020-08-31,2020-08-31,4 wk ahead inc death,2020-09-26,45,quantile,0.01,29.99,median
2020-08-31,2020-08-31,4 wk ahead inc death,2020-09-26,45,quantile,0.025,52,median
2020-08-31,2020-08-31,4 wk ahead inc death,2020-09-26,45,quantile,0.05,76.9,median
2020-08-31,2020-08-31,4 wk ahead inc death,2020-09-26,45,quantile,0.1,102,median
2020-08-31,2020-08-31,4 wk ahead inc death,2020-09-26,45,quantile,0.15,115,median
2020-08-31,2020-08-31,4 wk ahead inc death,2020-09-26,45,quantile,0.2,130.8,median
2020-08-31,2020-08-31,4 wk ahead inc death,2020-09-26,45,quantile,0.25,149,median
2020-08-31,2020-08-31,4 wk ahead inc death,2020-09-26,45,quantile,0.3,161,median
2020-08-31,2020-08-31,4 wk ahead inc death,2020-09-26,45,quantile,0.35,173,median
2020-08-31,2020-08-31,4 wk ahead inc death,2020-09-26,45,quantile,0.4,185,median
2020-08-31,2020-08-31,4 wk ahead inc death,2020-09-26,45,quantile,0.45,194,median
2020-08-31,2020-08-31,4 wk ahead inc death,2020-09-26,45,quantile,0.5,204,median
2020-08-31,2020-08-31,4 wk ahead inc death,2020-09-26,45,quantile,0.55,216,median
2020-08-31,2020-08-31,4 wk ahead inc death,2020-09-26,45,quantile,0.6,230,median
2020-08-31,2020-08-31,4 wk ahead inc death,2020-09-26,45,quantile,0.65,244,median
2020-08-31,2020-08-31,4 wk ahead inc death,2020-09-26,45,quantile,0.7,260.3,median
2020-08-31,2020-08-31,4 wk ahead inc death,2020-09-26,45,quantile,0.75,277,median
2020-08-31,2020-08-31,4 wk ahead inc death,2020-09-26,45,quantile,0.8,296,median
2020-08-31,2020-08-31,4 wk ahead inc death,2020-09-26,45,quantile,0.85,350,median
2020-08-31,2020-08-31,4 wk ahead inc death,2020-09-26,45,quantile,0.9,431.500000000001,median
2020-08-31,2020-08-31,4 wk ahead inc death,2020-09-26,45,quantile,0.95,554,median
2020-08-31,2020-08-31,4 wk ahead inc death,2020-09-26,45,quantile,0.975,667,median
2020-08-31,2020-08-31,4 wk ahead inc death,2020-09-26,45,quantile,0.99,786,median
2020-08-31,2020-08-31,1 wk ahead inc death,2020-09-05,46,point,,6,median
2020-08-31,2020-08-31,1 wk ahead inc death,2020-09-05,46,quantile,0.01,2,median
2020-08-31,2020-08-31,1 wk ahead inc death,2020-09-05,46,quantile,0.025,2,median
2020-08-31,2020-08-31,1 wk ahead inc death,2020-09-05,46,quantile,0.05,3,median
2020-08-31,2020-08-31,1 wk ahead inc death,2020-09-05,46,quantile,0.1,3,median
2020-08-31,2020-08-31,1 wk ahead inc death,2020-09-05,46,quantile,0.15,3,median
2020-08-31,2020-08-31,1 wk ahead inc death,2020-09-05,46,quantile,0.2,4,median
2020-08-31,2020-08-31,1 wk ahead inc death,2020-09-05,46,quantile,0.25,4,median
2020-08-31,2020-08-31,1 wk ahead inc death,2020-09-05,46,quantile,0.3,5,median
2020-08-31,2020-08-31,1 wk ahead inc death,2020-09-05,46,quantile,0.35,5,median
2020-08-31,2020-08-31,1 wk ahead inc death,2020-09-05,46,quantile,0.4,5,median
2020-08-31,2020-08-31,1 wk ahead inc death,2020-09-05,46,quantile,0.45,6,median
2020-08-31,2020-08-31,1 wk ahead inc death,2020-09-05,46,quantile,0.5,6,median
2020-08-31,2020-08-31,1 wk ahead inc death,2020-09-05,46,quantile,0.55,7,median
2020-08-31,2020-08-31,1 wk ahead inc death,2020-09-05,46,quantile,0.6,7,median
2020-08-31,2020-08-31,1 wk ahead inc death,2020-09-05,46,quantile,0.65,8,median
2020-08-31,2020-08-31,1 wk ahead inc death,2020-09-05,46,quantile,0.7,8,median
2020-08-31,2020-08-31,1 wk ahead inc death,2020-09-05,46,quantile,0.75,9,median
2020-08-31,2020-08-31,1 wk ahead inc death,2020-09-05,46,quantile,0.8,10,median
2020-08-31,2020-08-31,1 wk ahead inc death,2020-09-05,46,quantile,0.85,10,median
2020-08-31,2020-08-31,1 wk ahead inc death,2020-09-05,46,quantile,0.9,11,median
2020-08-31,2020-08-31,1 wk ahead inc death,2020-09-05,46,quantile,0.95,12,median
2020-08-31,2020-08-31,1 wk ahead inc death,2020-09-05,46,quantile,0.975,13,median
2020-08-31,2020-08-31,1 wk ahead inc death,2020-09-05,46,quantile,0.99,14,median
2020-08-31,2020-08-31,2 wk ahead inc death,2020-09-12,46,point,,9,median
2020-08-31,2020-08-31,2 wk ahead inc death,2020-09-12,46,quantile,0.01,1,median
2020-08-31,2020-08-31,2 wk ahead inc death,2020-09-12,46,quantile,0.025,2,median
2020-08-31,2020-08-31,2 wk ahead inc death,2020-09-12,46,quantile,0.05,3,median
2020-08-31,2020-08-31,2 wk ahead inc death,2020-09-12,46,quantile,0.1,4,median
2020-08-31,2020-08-31,2 wk ahead inc death,2020-09-12,46,quantile,0.15,5,median
2020-08-31,2020-08-31,2 wk ahead inc death,2020-09-12,46,quantile,0.2,5.80000000000001,median
2020-08-31,2020-08-31,2 wk ahead inc death,2020-09-12,46,quantile,0.25,6,median
2020-08-31,2020-08-31,2 wk ahead inc death,2020-09-12,46,quantile,0.3,7,median
2020-08-31,2020-08-31,2 wk ahead inc death,2020-09-12,46,quantile,0.35,7,median
2020-08-31,2020-08-31,2 wk ahead inc death,2020-09-12,46,quantile,0.4,8,median
2020-08-31,2020-08-31,2 wk ahead inc death,2020-09-12,46,quantile,0.45,9,median
2020-08-31,2020-08-31,2 wk ahead inc death,2020-09-12,46,quantile,0.5,9,median
2020-08-31,2020-08-31,2 wk ahead inc death,2020-09-12,46,quantile,0.55,10,median
2020-08-31,2020-08-31,2 wk ahead inc death,2020-09-12,46,quantile,0.6,10,median
2020-08-31,2020-08-31,2 wk ahead inc death,2020-09-12,46,quantile,0.65,11,median
2020-08-31,2020-08-31,2 wk ahead inc death,2020-09-12,46,quantile,0.7,12,median
2020-08-31,2020-08-31,2 wk ahead inc death,2020-09-12,46,quantile,0.75,13,median
2020-08-31,2020-08-31,2 wk ahead inc death,2020-09-12,46,quantile,0.8,14,median
2020-08-31,2020-08-31,2 wk ahead inc death,2020-09-12,46,quantile,0.85,15,median
2020-08-31,2020-08-31,2 wk ahead inc death,2020-09-12,46,quantile,0.9,16,median
2020-08-31,2020-08-31,2 wk ahead inc death,2020-09-12,46,quantile,0.95,18,median
2020-08-31,2020-08-31,2 wk ahead inc death,2020-09-12,46,quantile,0.975,20,median
2020-08-31,2020-08-31,2 wk ahead inc death,2020-09-12,46,quantile,0.99,23,median
2020-08-31,2020-08-31,3 wk ahead inc death,2020-09-19,46,point,,11,median
2020-08-31,2020-08-31,3 wk ahead inc death,2020-09-19,46,quantile,0.01,1,median
2020-08-31,2020-08-31,3 wk ahead inc death,2020-09-19,46,quantile,0.025,2,median
2020-08-31,2020-08-31,3 wk ahead inc death,2020-09-19,46,quantile,0.05,3,median
2020-08-31,2020-08-31,3 wk ahead inc death,2020-09-19,46,quantile,0.1,4,median
2020-08-31,2020-08-31,3 wk ahead inc death,2020-09-19,46,quantile,0.15,5,median
2020-08-31,2020-08-31,3 wk ahead inc death,2020-09-19,46,quantile,0.2,6,median
2020-08-31,2020-08-31,3 wk ahead inc death,2020-09-19,46,quantile,0.25,7,median
2020-08-31,2020-08-31,3 wk ahead inc death,2020-09-19,46,quantile,0.3,8,median
2020-08-31,2020-08-31,3 wk ahead inc death,2020-09-19,46,quantile,0.35,9,median
2020-08-31,2020-08-31,3 wk ahead inc death,2020-09-19,46,quantile,0.4,9,median
2020-08-31,2020-08-31,3 wk ahead inc death,2020-09-19,46,quantile,0.45,10,median
2020-08-31,2020-08-31,3 wk ahead inc death,2020-09-19,46,quantile,0.5,11,median
2020-08-31,2020-08-31,3 wk ahead inc death,2020-09-19,46,quantile,0.55,11,median
2020-08-31,2020-08-31,3 wk ahead inc death,2020-09-19,46,quantile,0.6,12,median
2020-08-31,2020-08-31,3 wk ahead inc death,2020-09-19,46,quantile,0.65,13,median
2020-08-31,2020-08-31,3 wk ahead inc death,2020-09-19,46,quantile,0.7,14,median
2020-08-31,2020-08-31,3 wk ahead inc death,2020-09-19,46,quantile,0.75,15,median
2020-08-31,2020-08-31,3 wk ahead inc death,2020-09-19,46,quantile,0.8,16,median
2020-08-31,2020-08-31,3 wk ahead inc death,2020-09-19,46,quantile,0.85,17,median
2020-08-31,2020-08-31,3 wk ahead inc death,2020-09-19,46,quantile,0.9,19,median
2020-08-31,2020-08-31,3 wk ahead inc death,2020-09-19,46,quantile,0.95,22,median
2020-08-31,2020-08-31,3 wk ahead inc death,2020-09-19,46,quantile,0.975,24,median
2020-08-31,2020-08-31,3 wk ahead inc death,2020-09-19,46,quantile,0.99,26,median
2020-08-31,2020-08-31,4 wk ahead inc death,2020-09-26,46,point,,12,median
2020-08-31,2020-08-31,4 wk ahead inc death,2020-09-26,46,quantile,0.01,1,median
2020-08-31,2020-08-31,4 wk ahead inc death,2020-09-26,46,quantile,0.025,2,median
2020-08-31,2020-08-31,4 wk ahead inc death,2020-09-26,46,quantile,0.05,3,median
2020-08-31,2020-08-31,4 wk ahead inc death,2020-09-26,46,quantile,0.1,4,median
2020-08-31,2020-08-31,4 wk ahead inc death,2020-09-26,46,quantile,0.15,6,median
2020-08-31,2020-08-31,4 wk ahead inc death,2020-09-26,46,quantile,0.2,7,median
2020-08-31,2020-08-31,4 wk ahead inc death,2020-09-26,46,quantile,0.25,7,median
2020-08-31,2020-08-31,4 wk ahead inc death,2020-09-26,46,quantile,0.3,8,median
2020-08-31,2020-08-31,4 wk ahead inc death,2020-09-26,46,quantile,0.35,9,median
2020-08-31,2020-08-31,4 wk ahead inc death,2020-09-26,46,quantile,0.4,10,median
2020-08-31,2020-08-31,4 wk ahead inc death,2020-09-26,46,quantile,0.45,11,median
2020-08-31,2020-08-31,4 wk ahead inc death,2020-09-26,46,quantile,0.5,12,median
2020-08-31,2020-08-31,4 wk ahead inc death,2020-09-26,46,quantile,0.55,12,median
2020-08-31,2020-08-31,4 wk ahead inc death,2020-09-26,46,quantile,0.6,13,median
2020-08-31,2020-08-31,4 wk ahead inc death,2020-09-26,46,quantile,0.65,14,median
2020-08-31,2020-08-31,4 wk ahead inc death,2020-09-26,46,quantile,0.7,15,median
2020-08-31,2020-08-31,4 wk ahead inc death,2020-09-26,46,quantile,0.75,16,median
2020-08-31,2020-08-31,4 wk ahead inc death,2020-09-26,46,quantile,0.8,18,median
2020-08-31,2020-08-31,4 wk ahead inc death,2020-09-26,46,quantile,0.85,19,median
2020-08-31,2020-08-31,4 wk ahead inc death,2020-09-26,46,quantile,0.9,21.1000000000001,median
2020-08-31,2020-08-31,4 wk ahead inc death,2020-09-26,46,quantile,0.95,24,median
2020-08-31,2020-08-31,4 wk ahead inc death,2020-09-26,46,quantile,0.975,26,median
2020-08-31,2020-08-31,4 wk ahead inc death,2020-09-26,46,quantile,0.99,29,median
2020-08-31,2020-08-31,1 wk ahead inc death,2020-09-05,47,point,,143.5,median
2020-08-31,2020-08-31,1 wk ahead inc death,2020-09-05,47,quantile,0.01,86.98,median
2020-08-31,2020-08-31,1 wk ahead inc death,2020-09-05,47,quantile,0.025,95.95,median
2020-08-31,2020-08-31,1 wk ahead inc death,2020-09-05,47,quantile,0.05,98,median
2020-08-31,2020-08-31,1 wk ahead inc death,2020-09-05,47,quantile,0.1,108,median
2020-08-31,2020-08-31,1 wk ahead inc death,2020-09-05,47,quantile,0.15,114.85,median
2020-08-31,2020-08-31,1 wk ahead inc death,2020-09-05,47,quantile,0.2,120,median
2020-08-31,2020-08-31,1 wk ahead inc death,2020-09-05,47,quantile,0.25,124,median
2020-08-31,2020-08-31,1 wk ahead inc death,2020-09-05,47,quantile,0.3,128,median
2020-08-31,2020-08-31,1 wk ahead inc death,2020-09-05,47,quantile,0.35,132,median
2020-08-31,2020-08-31,1 wk ahead inc death,2020-09-05,47,quantile,0.4,136,median
2020-08-31,2020-08-31,1 wk ahead inc death,2020-09-05,47,quantile,0.45,140,median
2020-08-31,2020-08-31,1 wk ahead inc death,2020-09-05,47,quantile,0.5,143.5,median
2020-08-31,2020-08-31,1 wk ahead inc death,2020-09-05,47,quantile,0.55,148,median
2020-08-31,2020-08-31,1 wk ahead inc death,2020-09-05,47,quantile,0.6,152,median
2020-08-31,2020-08-31,1 wk ahead inc death,2020-09-05,47,quantile,0.65,156,median
2020-08-31,2020-08-31,1 wk ahead inc death,2020-09-05,47,quantile,0.7,161,median
2020-08-31,2020-08-31,1 wk ahead inc death,2020-09-05,47,quantile,0.75,166.25,median
2020-08-31,2020-08-31,1 wk ahead inc death,2020-09-05,47,quantile,0.8,172,median
2020-08-31,2020-08-31,1 wk ahead inc death,2020-09-05,47,quantile,0.85,179,median
2020-08-31,2020-08-31,1 wk ahead inc death,2020-09-05,47,quantile,0.9,193.1,median
2020-08-31,2020-08-31,1 wk ahead inc death,2020-09-05,47,quantile,0.95,210,median
2020-08-31,2020-08-31,1 wk ahead inc death,2020-09-05,47,quantile,0.975,230,median
2020-08-31,2020-08-31,1 wk ahead inc death,2020-09-05,47,quantile,0.99,265.02,median
2020-08-31,2020-08-31,2 wk ahead inc death,2020-09-12,47,point,,138,median
2020-08-31,2020-08-31,2 wk ahead inc death,2020-09-12,47,quantile,0.01,60.98,median
2020-08-31,2020-08-31,2 wk ahead inc death,2020-09-12,47,quantile,0.025,70.975,median
2020-08-31,2020-08-31,2 wk ahead inc death,2020-09-12,47,quantile,0.05,82,median
2020-08-31,2020-08-31,2 wk ahead inc death,2020-09-12,47,quantile,0.1,91,median
2020-08-31,2020-08-31,2 wk ahead inc death,2020-09-12,47,quantile,0.15,98,median
2020-08-31,2020-08-31,2 wk ahead inc death,2020-09-12,47,quantile,0.2,104,median
2020-08-31,2020-08-31,2 wk ahead inc death,2020-09-12,47,quantile,0.25,109,median
2020-08-31,2020-08-31,2 wk ahead inc death,2020-09-12,47,quantile,0.3,114,median
2020-08-31,2020-08-31,2 wk ahead inc death,2020-09-12,47,quantile,0.35,119.65,median
2020-08-31,2020-08-31,2 wk ahead inc death,2020-09-12,47,quantile,0.4,126,median
2020-08-31,2020-08-31,2 wk ahead inc death,2020-09-12,47,quantile,0.45,131.55,median
2020-08-31,2020-08-31,2 wk ahead inc death,2020-09-12,47,quantile,0.5,138,median
2020-08-31,2020-08-31,2 wk ahead inc death,2020-09-12,47,quantile,0.55,143,median
2020-08-31,2020-08-31,2 wk ahead inc death,2020-09-12,47,quantile,0.6,150,median
2020-08-31,2020-08-31,2 wk ahead inc death,2020-09-12,47,quantile,0.65,157,median
2020-08-31,2020-08-31,2 wk ahead inc death,2020-09-12,47,quantile,0.7,164,median
2020-08-31,2020-08-31,2 wk ahead inc death,2020-09-12,47,quantile,0.75,171.25,median
2020-08-31,2020-08-31,2 wk ahead inc death,2020-09-12,47,quantile,0.8,182,median
2020-08-31,2020-08-31,2 wk ahead inc death,2020-09-12,47,quantile,0.85,193,median
2020-08-31,2020-08-31,2 wk ahead inc death,2020-09-12,47,quantile,0.9,202,median
2020-08-31,2020-08-31,2 wk ahead inc death,2020-09-12,47,quantile,0.95,217,median
2020-08-31,2020-08-31,2 wk ahead inc death,2020-09-12,47,quantile,0.975,237.05,median
2020-08-31,2020-08-31,2 wk ahead inc death,2020-09-12,47,quantile,0.99,259.04,median
2020-08-31,2020-08-31,3 wk ahead inc death,2020-09-19,47,point,,149,median
2020-08-31,2020-08-31,3 wk ahead inc death,2020-09-19,47,quantile,0.01,65,median
2020-08-31,2020-08-31,3 wk ahead inc death,2020-09-19,47,quantile,0.025,73,median
2020-08-31,2020-08-31,3 wk ahead inc death,2020-09-19,47,quantile,0.05,79.95,median
2020-08-31,2020-08-31,3 wk ahead inc death,2020-09-19,47,quantile,0.1,88,median
2020-08-31,2020-08-31,3 wk ahead inc death,2020-09-19,47,quantile,0.15,96.85,median
2020-08-31,2020-08-31,3 wk ahead inc death,2020-09-19,47,quantile,0.2,106,median
2020-08-31,2020-08-31,3 wk ahead inc death,2020-09-19,47,quantile,0.25,115,median
2020-08-31,2020-08-31,3 wk ahead inc death,2020-09-19,47,quantile,0.3,122,median
2020-08-31,2020-08-31,3 wk ahead inc death,2020-09-19,47,quantile,0.35,129,median
2020-08-31,2020-08-31,3 wk ahead inc death,2020-09-19,47,quantile,0.4,135,median
2020-08-31,2020-08-31,3 wk ahead inc death,2020-09-19,47,quantile,0.45,141,median
2020-08-31,2020-08-31,3 wk ahead inc death,2020-09-19,47,quantile,0.5,149,median
2020-08-31,2020-08-31,3 wk ahead inc death,2020-09-19,47,quantile,0.55,157,median
2020-08-31,2020-08-31,3 wk ahead inc death,2020-09-19,47,quantile,0.6,166,median
2020-08-31,2020-08-31,3 wk ahead inc death,2020-09-19,47,quantile,0.65,174,median
2020-08-31,2020-08-31,3 wk ahead inc death,2020-09-19,47,quantile,0.7,183,median
2020-08-31,2020-08-31,3 wk ahead inc death,2020-09-19,47,quantile,0.75,192,median
2020-08-31,2020-08-31,3 wk ahead inc death,2020-09-19,47,quantile,0.8,201,median
2020-08-31,2020-08-31,3 wk ahead inc death,2020-09-19,47,quantile,0.85,213,median
2020-08-31,2020-08-31,3 wk ahead inc death,2020-09-19,47,quantile,0.9,228.1,median
2020-08-31,2020-08-31,3 wk ahead inc death,2020-09-19,47,quantile,0.95,254,median
2020-08-31,2020-08-31,3 wk ahead inc death,2020-09-19,47,quantile,0.975,273,median
2020-08-31,2020-08-31,3 wk ahead inc death,2020-09-19,47,quantile,0.99,287,median
2020-08-31,2020-08-31,4 wk ahead inc death,2020-09-26,47,point,,161,median
2020-08-31,2020-08-31,4 wk ahead inc death,2020-09-26,47,quantile,0.01,54.99,median
2020-08-31,2020-08-31,4 wk ahead inc death,2020-09-26,47,quantile,0.025,66.975,median
2020-08-31,2020-08-31,4 wk ahead inc death,2020-09-26,47,quantile,0.05,74,median
2020-08-31,2020-08-31,4 wk ahead inc death,2020-09-26,47,quantile,0.1,86,median
2020-08-31,2020-08-31,4 wk ahead inc death,2020-09-26,47,quantile,0.15,98,median
2020-08-31,2020-08-31,4 wk ahead inc death,2020-09-26,47,quantile,0.2,110,median
2020-08-31,2020-08-31,4 wk ahead inc death,2020-09-26,47,quantile,0.25,121,median
2020-08-31,2020-08-31,4 wk ahead inc death,2020-09-26,47,quantile,0.3,127,median
2020-08-31,2020-08-31,4 wk ahead inc death,2020-09-26,47,quantile,0.35,133,median
2020-08-31,2020-08-31,4 wk ahead inc death,2020-09-26,47,quantile,0.4,144,median
2020-08-31,2020-08-31,4 wk ahead inc death,2020-09-26,47,quantile,0.45,151.55,median
2020-08-31,2020-08-31,4 wk ahead inc death,2020-09-26,47,quantile,0.5,161,median
2020-08-31,2020-08-31,4 wk ahead inc death,2020-09-26,47,quantile,0.55,170,median
2020-08-31,2020-08-31,4 wk ahead inc death,2020-09-26,47,quantile,0.6,178,median
2020-08-31,2020-08-31,4 wk ahead inc death,2020-09-26,47,quantile,0.65,186,median
2020-08-31,2020-08-31,4 wk ahead inc death,2020-09-26,47,quantile,0.7,198,median
2020-08-31,2020-08-31,4 wk ahead inc death,2020-09-26,47,quantile,0.75,209,median
2020-08-31,2020-08-31,4 wk ahead inc death,2020-09-26,47,quantile,0.8,219,median
2020-08-31,2020-08-31,4 wk ahead inc death,2020-09-26,47,quantile,0.85,232.15,median
2020-08-31,2020-08-31,4 wk ahead inc death,2020-09-26,47,quantile,0.9,249,median
2020-08-31,2020-08-31,4 wk ahead inc death,2020-09-26,47,quantile,0.95,272,median
2020-08-31,2020-08-31,4 wk ahead inc death,2020-09-26,47,quantile,0.975,315.025,median
2020-08-31,2020-08-31,4 wk ahead inc death,2020-09-26,47,quantile,0.99,435.03,median
2020-08-31,2020-08-31,1 wk ahead inc death,2020-09-05,48,point,,895,median
2020-08-31,2020-08-31,1 wk ahead inc death,2020-09-05,48,quantile,0.01,469.96,median
2020-08-31,2020-08-31,1 wk ahead inc death,2020-09-05,48,quantile,0.025,541.975,median
2020-08-31,2020-08-31,1 wk ahead inc death,2020-09-05,48,quantile,0.05,573,median
2020-08-31,2020-08-31,1 wk ahead inc death,2020-09-05,48,quantile,0.1,599,median
2020-08-31,2020-08-31,1 wk ahead inc death,2020-09-05,48,quantile,0.15,628,median
2020-08-31,2020-08-31,1 wk ahead inc death,2020-09-05,48,quantile,0.2,650,median
2020-08-31,2020-08-31,1 wk ahead inc death,2020-09-05,48,quantile,0.25,695.75,median
2020-08-31,2020-08-31,1 wk ahead inc death,2020-09-05,48,quantile,0.3,745,median
2020-08-31,2020-08-31,1 wk ahead inc death,2020-09-05,48,quantile,0.35,782,median
2020-08-31,2020-08-31,1 wk ahead inc death,2020-09-05,48,quantile,0.4,830.6,median
2020-08-31,2020-08-31,1 wk ahead inc death,2020-09-05,48,quantile,0.45,865,median
2020-08-31,2020-08-31,1 wk ahead inc death,2020-09-05,48,quantile,0.5,895,median
2020-08-31,2020-08-31,1 wk ahead inc death,2020-09-05,48,quantile,0.55,942,median
2020-08-31,2020-08-31,1 wk ahead inc death,2020-09-05,48,quantile,0.6,984.4,median
2020-08-31,2020-08-31,1 wk ahead inc death,2020-09-05,48,quantile,0.65,1017.7,median
2020-08-31,2020-08-31,1 wk ahead inc death,2020-09-05,48,quantile,0.7,1056.3,median
2020-08-31,2020-08-31,1 wk ahead inc death,2020-09-05,48,quantile,0.75,1106.5,median
2020-08-31,2020-08-31,1 wk ahead inc death,2020-09-05,48,quantile,0.8,1170.2,median
2020-08-31,2020-08-31,1 wk ahead inc death,2020-09-05,48,quantile,0.85,1231,median
2020-08-31,2020-08-31,1 wk ahead inc death,2020-09-05,48,quantile,0.9,1313.2,median
2020-08-31,2020-08-31,1 wk ahead inc death,2020-09-05,48,quantile,0.95,1451.05,median
2020-08-31,2020-08-31,1 wk ahead inc death,2020-09-05,48,quantile,0.975,1533.125,median
2020-08-31,2020-08-31,1 wk ahead inc death,2020-09-05,48,quantile,0.99,1720.37,median
2020-08-31,2020-08-31,2 wk ahead inc death,2020-09-12,48,point,,903,median
2020-08-31,2020-08-31,2 wk ahead inc death,2020-09-12,48,quantile,0.01,317,median
2020-08-31,2020-08-31,2 wk ahead inc death,2020-09-12,48,quantile,0.025,347.95,median
2020-08-31,2020-08-31,2 wk ahead inc death,2020-09-12,48,quantile,0.05,436.2,median
2020-08-31,2020-08-31,2 wk ahead inc death,2020-09-12,48,quantile,0.1,552,median
2020-08-31,2020-08-31,2 wk ahead inc death,2020-09-12,48,quantile,0.15,612.85,median
2020-08-31,2020-08-31,2 wk ahead inc death,2020-09-12,48,quantile,0.2,659.6,median
2020-08-31,2020-08-31,2 wk ahead inc death,2020-09-12,48,quantile,0.25,714.5,median
2020-08-31,2020-08-31,2 wk ahead inc death,2020-09-12,48,quantile,0.3,754.7,median
2020-08-31,2020-08-31,2 wk ahead inc death,2020-09-12,48,quantile,0.35,786,median
2020-08-31,2020-08-31,2 wk ahead inc death,2020-09-12,48,quantile,0.4,826.2,median
2020-08-31,2020-08-31,2 wk ahead inc death,2020-09-12,48,quantile,0.45,861.55,median
2020-08-31,2020-08-31,2 wk ahead inc death,2020-09-12,48,quantile,0.5,903,median
2020-08-31,2020-08-31,2 wk ahead inc death,2020-09-12,48,quantile,0.55,941.45,median
2020-08-31,2020-08-31,2 wk ahead inc death,2020-09-12,48,quantile,0.6,987.4,median
2020-08-31,2020-08-31,2 wk ahead inc death,2020-09-12,48,quantile,0.65,1041.7,median
2020-08-31,2020-08-31,2 wk ahead inc death,2020-09-12,48,quantile,0.7,1110,median
2020-08-31,2020-08-31,2 wk ahead inc death,2020-09-12,48,quantile,0.75,1163.25,median
2020-08-31,2020-08-31,2 wk ahead inc death,2020-09-12,48,quantile,0.8,1237,median
2020-08-31,2020-08-31,2 wk ahead inc death,2020-09-12,48,quantile,0.85,1333.15,median
2020-08-31,2020-08-31,2 wk ahead inc death,2020-09-12,48,quantile,0.9,1440,median
2020-08-31,2020-08-31,2 wk ahead inc death,2020-09-12,48,quantile,0.95,1686.25,median
2020-08-31,2020-08-31,2 wk ahead inc death,2020-09-12,48,quantile,0.975,1941.125,median
2020-08-31,2020-08-31,2 wk ahead inc death,2020-09-12,48,quantile,0.99,2166.03,median
2020-08-31,2020-08-31,3 wk ahead inc death,2020-09-19,48,point,,739.5,median
2020-08-31,2020-08-31,3 wk ahead inc death,2020-09-19,48,quantile,0.01,217.99,median
2020-08-31,2020-08-31,3 wk ahead inc death,2020-09-19,48,quantile,0.025,319.95,median
2020-08-31,2020-08-31,3 wk ahead inc death,2020-09-19,48,quantile,0.05,382.65,median
2020-08-31,2020-08-31,3 wk ahead inc death,2020-09-19,48,quantile,0.1,442.7,median
2020-08-31,2020-08-31,3 wk ahead inc death,2020-09-19,48,quantile,0.15,492,median
2020-08-31,2020-08-31,3 wk ahead inc death,2020-09-19,48,quantile,0.2,529.8,median
2020-08-31,2020-08-31,3 wk ahead inc death,2020-09-19,48,quantile,0.25,576,median
2020-08-31,2020-08-31,3 wk ahead inc death,2020-09-19,48,quantile,0.3,610.7,median
2020-08-31,2020-08-31,3 wk ahead inc death,2020-09-19,48,quantile,0.35,642,median
2020-08-31,2020-08-31,3 wk ahead inc death,2020-09-19,48,quantile,0.4,673.2,median
2020-08-31,2020-08-31,3 wk ahead inc death,2020-09-19,48,quantile,0.45,709.1,median
2020-08-31,2020-08-31,3 wk ahead inc death,2020-09-19,48,quantile,0.5,739.5,median
2020-08-31,2020-08-31,3 wk ahead inc death,2020-09-19,48,quantile,0.55,785.45,median
2020-08-31,2020-08-31,3 wk ahead inc death,2020-09-19,48,quantile,0.6,815.2,median
2020-08-31,2020-08-31,3 wk ahead inc death,2020-09-19,48,quantile,0.65,869,median
2020-08-31,2020-08-31,3 wk ahead inc death,2020-09-19,48,quantile,0.7,903,median
2020-08-31,2020-08-31,3 wk ahead inc death,2020-09-19,48,quantile,0.75,947,median
2020-08-31,2020-08-31,3 wk ahead inc death,2020-09-19,48,quantile,0.8,1013.2,median
2020-08-31,2020-08-31,3 wk ahead inc death,2020-09-19,48,quantile,0.85,1081,median
2020-08-31,2020-08-31,3 wk ahead inc death,2020-09-19,48,quantile,0.9,1173.3,median
2020-08-31,2020-08-31,3 wk ahead inc death,2020-09-19,48,quantile,0.95,1343,median
2020-08-31,2020-08-31,3 wk ahead inc death,2020-09-19,48,quantile,0.975,1569.3,median
2020-08-31,2020-08-31,3 wk ahead inc death,2020-09-19,48,quantile,0.99,1748.2,median
2020-08-31,2020-08-31,4 wk ahead inc death,2020-09-26,48,point,,632.5,median
2020-08-31,2020-08-31,4 wk ahead inc death,2020-09-26,48,quantile,0.01,204.99,median
2020-08-31,2020-08-31,4 wk ahead inc death,2020-09-26,48,quantile,0.025,255.975,median
2020-08-31,2020-08-31,4 wk ahead inc death,2020-09-26,48,quantile,0.05,305.8,median
2020-08-31,2020-08-31,4 wk ahead inc death,2020-09-26,48,quantile,0.1,360,median
2020-08-31,2020-08-31,4 wk ahead inc death,2020-09-26,48,quantile,0.15,400.85,median
2020-08-31,2020-08-31,4 wk ahead inc death,2020-09-26,48,quantile,0.2,437.8,median
2020-08-31,2020-08-31,4 wk ahead inc death,2020-09-26,48,quantile,0.25,472.75,median
2020-08-31,2020-08-31,4 wk ahead inc death,2020-09-26,48,quantile,0.3,505,median
2020-08-31,2020-08-31,4 wk ahead inc death,2020-09-26,48,quantile,0.35,532.65,median
2020-08-31,2020-08-31,4 wk ahead inc death,2020-09-26,48,quantile,0.4,559.6,median
2020-08-31,2020-08-31,4 wk ahead inc death,2020-09-26,48,quantile,0.45,599,median
2020-08-31,2020-08-31,4 wk ahead inc death,2020-09-26,48,quantile,0.5,632.5,median
2020-08-31,2020-08-31,4 wk ahead inc death,2020-09-26,48,quantile,0.55,664.9,median
2020-08-31,2020-08-31,4 wk ahead inc death,2020-09-26,48,quantile,0.6,699,median
2020-08-31,2020-08-31,4 wk ahead inc death,2020-09-26,48,quantile,0.65,733,median
2020-08-31,2020-08-31,4 wk ahead inc death,2020-09-26,48,quantile,0.7,766.3,median
2020-08-31,2020-08-31,4 wk ahead inc death,2020-09-26,48,quantile,0.75,802.25,median
2020-08-31,2020-08-31,4 wk ahead inc death,2020-09-26,48,quantile,0.8,859.4,median
2020-08-31,2020-08-31,4 wk ahead inc death,2020-09-26,48,quantile,0.85,920.15,median
2020-08-31,2020-08-31,4 wk ahead inc death,2020-09-26,48,quantile,0.9,1038,median
2020-08-31,2020-08-31,4 wk ahead inc death,2020-09-26,48,quantile,0.95,1349,median
2020-08-31,2020-08-31,4 wk ahead inc death,2020-09-26,48,quantile,0.975,1562,median
2020-08-31,2020-08-31,4 wk ahead inc death,2020-09-26,48,quantile,0.99,1755.32,median
2020-08-31,2020-08-31,1 wk ahead inc death,2020-09-05,49,point,,13,median
2020-08-31,2020-08-31,1 wk ahead inc death,2020-09-05,49,quantile,0.01,4,median
2020-08-31,2020-08-31,1 wk ahead inc death,2020-09-05,49,quantile,0.025,5,median
2020-08-31,2020-08-31,1 wk ahead inc death,2020-09-05,49,quantile,0.05,6,median
2020-08-31,2020-08-31,1 wk ahead inc death,2020-09-05,49,quantile,0.1,7,median
2020-08-31,2020-08-31,1 wk ahead inc death,2020-09-05,49,quantile,0.15,8,median
2020-08-31,2020-08-31,1 wk ahead inc death,2020-09-05,49,quantile,0.2,8,median
2020-08-31,2020-08-31,1 wk ahead inc death,2020-09-05,49,quantile,0.25,9,median
2020-08-31,2020-08-31,1 wk ahead inc death,2020-09-05,49,quantile,0.3,10,median
2020-08-31,2020-08-31,1 wk ahead inc death,2020-09-05,49,quantile,0.35,10,median
2020-08-31,2020-08-31,1 wk ahead inc death,2020-09-05,49,quantile,0.4,11,median
2020-08-31,2020-08-31,1 wk ahead inc death,2020-09-05,49,quantile,0.45,12,median
2020-08-31,2020-08-31,1 wk ahead inc death,2020-09-05,49,quantile,0.5,13,median
2020-08-31,2020-08-31,1 wk ahead inc death,2020-09-05,49,quantile,0.55,13,median
2020-08-31,2020-08-31,1 wk ahead inc death,2020-09-05,49,quantile,0.6,14,median
2020-08-31,2020-08-31,1 wk ahead inc death,2020-09-05,49,quantile,0.65,15,median
2020-08-31,2020-08-31,1 wk ahead inc death,2020-09-05,49,quantile,0.7,16,median
2020-08-31,2020-08-31,1 wk ahead inc death,2020-09-05,49,quantile,0.75,17,median
2020-08-31,2020-08-31,1 wk ahead inc death,2020-09-05,49,quantile,0.8,18,median
2020-08-31,2020-08-31,1 wk ahead inc death,2020-09-05,49,quantile,0.85,19,median
2020-08-31,2020-08-31,1 wk ahead inc death,2020-09-05,49,quantile,0.9,21,median
2020-08-31,2020-08-31,1 wk ahead inc death,2020-09-05,49,quantile,0.95,24,median
2020-08-31,2020-08-31,1 wk ahead inc death,2020-09-05,49,quantile,0.975,26.025,median
2020-08-31,2020-08-31,1 wk ahead inc death,2020-09-05,49,quantile,0.99,29,median
2020-08-31,2020-08-31,2 wk ahead inc death,2020-09-12,49,point,,18,median
2020-08-31,2020-08-31,2 wk ahead inc death,2020-09-12,49,quantile,0.01,3,median
2020-08-31,2020-08-31,2 wk ahead inc death,2020-09-12,49,quantile,0.025,5,median
2020-08-31,2020-08-31,2 wk ahead inc death,2020-09-12,49,quantile,0.05,6,median
2020-08-31,2020-08-31,2 wk ahead inc death,2020-09-12,49,quantile,0.1,9,median
2020-08-31,2020-08-31,2 wk ahead inc death,2020-09-12,49,quantile,0.15,10,median
2020-08-31,2020-08-31,2 wk ahead inc death,2020-09-12,49,quantile,0.2,12,median
2020-08-31,2020-08-31,2 wk ahead inc death,2020-09-12,49,quantile,0.25,13,median
2020-08-31,2020-08-31,2 wk ahead inc death,2020-09-12,49,quantile,0.3,14,median
2020-08-31,2020-08-31,2 wk ahead inc death,2020-09-12,49,quantile,0.35,15,median
2020-08-31,2020-08-31,2 wk ahead inc death,2020-09-12,49,quantile,0.4,16,median
2020-08-31,2020-08-31,2 wk ahead inc death,2020-09-12,49,quantile,0.45,17,median
2020-08-31,2020-08-31,2 wk ahead inc death,2020-09-12,49,quantile,0.5,18,median
2020-08-31,2020-08-31,2 wk ahead inc death,2020-09-12,49,quantile,0.55,19,median
2020-08-31,2020-08-31,2 wk ahead inc death,2020-09-12,49,quantile,0.6,20,median
2020-08-31,2020-08-31,2 wk ahead inc death,2020-09-12,49,quantile,0.65,21,median
2020-08-31,2020-08-31,2 wk ahead inc death,2020-09-12,49,quantile,0.7,22,median
2020-08-31,2020-08-31,2 wk ahead inc death,2020-09-12,49,quantile,0.75,24,median
2020-08-31,2020-08-31,2 wk ahead inc death,2020-09-12,49,quantile,0.8,25,median
2020-08-31,2020-08-31,2 wk ahead inc death,2020-09-12,49,quantile,0.85,27,median
2020-08-31,2020-08-31,2 wk ahead inc death,2020-09-12,49,quantile,0.9,29,median
2020-08-31,2020-08-31,2 wk ahead inc death,2020-09-12,49,quantile,0.95,34,median
2020-08-31,2020-08-31,2 wk ahead inc death,2020-09-12,49,quantile,0.975,40,median
2020-08-31,2020-08-31,2 wk ahead inc death,2020-09-12,49,quantile,0.99,43,median
2020-08-31,2020-08-31,3 wk ahead inc death,2020-09-19,49,point,,19,median
2020-08-31,2020-08-31,3 wk ahead inc death,2020-09-19,49,quantile,0.01,1.99,median
2020-08-31,2020-08-31,3 wk ahead inc death,2020-09-19,49,quantile,0.025,3,median
2020-08-31,2020-08-31,3 wk ahead inc death,2020-09-19,49,quantile,0.05,5,median
2020-08-31,2020-08-31,3 wk ahead inc death,2020-09-19,49,quantile,0.1,8,median
2020-08-31,2020-08-31,3 wk ahead inc death,2020-09-19,49,quantile,0.15,11,median
2020-08-31,2020-08-31,3 wk ahead inc death,2020-09-19,49,quantile,0.2,12,median
2020-08-31,2020-08-31,3 wk ahead inc death,2020-09-19,49,quantile,0.25,14,median
2020-08-31,2020-08-31,3 wk ahead inc death,2020-09-19,49,quantile,0.3,15,median
2020-08-31,2020-08-31,3 wk ahead inc death,2020-09-19,49,quantile,0.35,16,median
2020-08-31,2020-08-31,3 wk ahead inc death,2020-09-19,49,quantile,0.4,17,median
2020-08-31,2020-08-31,3 wk ahead inc death,2020-09-19,49,quantile,0.45,18,median
2020-08-31,2020-08-31,3 wk ahead inc death,2020-09-19,49,quantile,0.5,19,median
2020-08-31,2020-08-31,3 wk ahead inc death,2020-09-19,49,quantile,0.55,20,median
2020-08-31,2020-08-31,3 wk ahead inc death,2020-09-19,49,quantile,0.6,21,median
2020-08-31,2020-08-31,3 wk ahead inc death,2020-09-19,49,quantile,0.65,22,median
2020-08-31,2020-08-31,3 wk ahead inc death,2020-09-19,49,quantile,0.7,23,median
2020-08-31,2020-08-31,3 wk ahead inc death,2020-09-19,49,quantile,0.75,25,median
2020-08-31,2020-08-31,3 wk ahead inc death,2020-09-19,49,quantile,0.8,26,median
2020-08-31,2020-08-31,3 wk ahead inc death,2020-09-19,49,quantile,0.85,28,median
2020-08-31,2020-08-31,3 wk ahead inc death,2020-09-19,49,quantile,0.9,31,median
2020-08-31,2020-08-31,3 wk ahead inc death,2020-09-19,49,quantile,0.95,37.05,median
2020-08-31,2020-08-31,3 wk ahead inc death,2020-09-19,49,quantile,0.975,45,median
2020-08-31,2020-08-31,3 wk ahead inc death,2020-09-19,49,quantile,0.99,52.0699999999999,median
2020-08-31,2020-08-31,4 wk ahead inc death,2020-09-26,49,point,,20,median
2020-08-31,2020-08-31,4 wk ahead inc death,2020-09-26,49,quantile,0.01,2.99,median
2020-08-31,2020-08-31,4 wk ahead inc death,2020-09-26,49,quantile,0.025,4,median
2020-08-31,2020-08-31,4 wk ahead inc death,2020-09-26,49,quantile,0.05,6,median
2020-08-31,2020-08-31,4 wk ahead inc death,2020-09-26,49,quantile,0.1,9,median
2020-08-31,2020-08-31,4 wk ahead inc death,2020-09-26,49,quantile,0.15,12,median
2020-08-31,2020-08-31,4 wk ahead inc death,2020-09-26,49,quantile,0.2,13,median
2020-08-31,2020-08-31,4 wk ahead inc death,2020-09-26,49,quantile,0.25,15,median
2020-08-31,2020-08-31,4 wk ahead inc death,2020-09-26,49,quantile,0.3,16,median
2020-08-31,2020-08-31,4 wk ahead inc death,2020-09-26,49,quantile,0.35,17,median
2020-08-31,2020-08-31,4 wk ahead inc death,2020-09-26,49,quantile,0.4,18,median
2020-08-31,2020-08-31,4 wk ahead inc death,2020-09-26,49,quantile,0.45,19,median
2020-08-31,2020-08-31,4 wk ahead inc death,2020-09-26,49,quantile,0.5,20,median
2020-08-31,2020-08-31,4 wk ahead inc death,2020-09-26,49,quantile,0.55,22,median
2020-08-31,2020-08-31,4 wk ahead inc death,2020-09-26,49,quantile,0.6,23,median
2020-08-31,2020-08-31,4 wk ahead inc death,2020-09-26,49,quantile,0.65,24,median
2020-08-31,2020-08-31,4 wk ahead inc death,2020-09-26,49,quantile,0.7,26,median
2020-08-31,2020-08-31,4 wk ahead inc death,2020-09-26,49,quantile,0.75,28,median
2020-08-31,2020-08-31,4 wk ahead inc death,2020-09-26,49,quantile,0.8,30,median
2020-08-31,2020-08-31,4 wk ahead inc death,2020-09-26,49,quantile,0.85,33,median
2020-08-31,2020-08-31,4 wk ahead inc death,2020-09-26,49,quantile,0.9,37.1000000000001,median
2020-08-31,2020-08-31,4 wk ahead inc death,2020-09-26,49,quantile,0.95,46,median
2020-08-31,2020-08-31,4 wk ahead inc death,2020-09-26,49,quantile,0.975,52.025,median
2020-08-31,2020-08-31,4 wk ahead inc death,2020-09-26,49,quantile,0.99,57.01,median
2020-08-31,2020-08-31,1 wk ahead inc death,2020-09-05,50,point,,0,median
2020-08-31,2020-08-31,1 wk ahead inc death,2020-09-05,50,quantile,0.01,0,median
2020-08-31,2020-08-31,1 wk ahead inc death,2020-09-05,50,quantile,0.025,0,median
2020-08-31,2020-08-31,1 wk ahead inc death,2020-09-05,50,quantile,0.05,0,median
2020-08-31,2020-08-31,1 wk ahead inc death,2020-09-05,50,quantile,0.1,0,median
2020-08-31,2020-08-31,1 wk ahead inc death,2020-09-05,50,quantile,0.15,0,median
2020-08-31,2020-08-31,1 wk ahead inc death,2020-09-05,50,quantile,0.2,0,median
2020-08-31,2020-08-31,1 wk ahead inc death,2020-09-05,50,quantile,0.25,0,median
2020-08-31,2020-08-31,1 wk ahead inc death,2020-09-05,50,quantile,0.3,0,median
2020-08-31,2020-08-31,1 wk ahead inc death,2020-09-05,50,quantile,0.35,0,median
2020-08-31,2020-08-31,1 wk ahead inc death,2020-09-05,50,quantile,0.4,0,median
2020-08-31,2020-08-31,1 wk ahead inc death,2020-09-05,50,quantile,0.45,0,median
2020-08-31,2020-08-31,1 wk ahead inc death,2020-09-05,50,quantile,0.5,0,median
2020-08-31,2020-08-31,1 wk ahead inc death,2020-09-05,50,quantile,0.55,0,median
2020-08-31,2020-08-31,1 wk ahead inc death,2020-09-05,50,quantile,0.6,0,median
2020-08-31,2020-08-31,1 wk ahead inc death,2020-09-05,50,quantile,0.65,0,median
2020-08-31,2020-08-31,1 wk ahead inc death,2020-09-05,50,quantile,0.7,0,median
2020-08-31,2020-08-31,1 wk ahead inc death,2020-09-05,50,quantile,0.75,1,median
2020-08-31,2020-08-31,1 wk ahead inc death,2020-09-05,50,quantile,0.8,1,median
2020-08-31,2020-08-31,1 wk ahead inc death,2020-09-05,50,quantile,0.85,1,median
2020-08-31,2020-08-31,1 wk ahead inc death,2020-09-05,50,quantile,0.9,1,median
2020-08-31,2020-08-31,1 wk ahead inc death,2020-09-05,50,quantile,0.95,1,median
2020-08-31,2020-08-31,1 wk ahead inc death,2020-09-05,50,quantile,0.975,2,median
2020-08-31,2020-08-31,1 wk ahead inc death,2020-09-05,50,quantile,0.99,2,median
2020-08-31,2020-08-31,2 wk ahead inc death,2020-09-12,50,point,,0,median
2020-08-31,2020-08-31,2 wk ahead inc death,2020-09-12,50,quantile,0.01,0,median
2020-08-31,2020-08-31,2 wk ahead inc death,2020-09-12,50,quantile,0.025,0,median
2020-08-31,2020-08-31,2 wk ahead inc death,2020-09-12,50,quantile,0.05,0,median
2020-08-31,2020-08-31,2 wk ahead inc death,2020-09-12,50,quantile,0.1,0,median
2020-08-31,2020-08-31,2 wk ahead inc death,2020-09-12,50,quantile,0.15,0,median
2020-08-31,2020-08-31,2 wk ahead inc death,2020-09-12,50,quantile,0.2,0,median
2020-08-31,2020-08-31,2 wk ahead inc death,2020-09-12,50,quantile,0.25,0,median
2020-08-31,2020-08-31,2 wk ahead inc death,2020-09-12,50,quantile,0.3,0,median
2020-08-31,2020-08-31,2 wk ahead inc death,2020-09-12,50,quantile,0.35,0,median
2020-08-31,2020-08-31,2 wk ahead inc death,2020-09-12,50,quantile,0.4,0,median
2020-08-31,2020-08-31,2 wk ahead inc death,2020-09-12,50,quantile,0.45,0,median
2020-08-31,2020-08-31,2 wk ahead inc death,2020-09-12,50,quantile,0.5,0,median
2020-08-31,2020-08-31,2 wk ahead inc death,2020-09-12,50,quantile,0.55,0,median
2020-08-31,2020-08-31,2 wk ahead inc death,2020-09-12,50,quantile,0.6,0,median
2020-08-31,2020-08-31,2 wk ahead inc death,2020-09-12,50,quantile,0.65,1,median
2020-08-31,2020-08-31,2 wk ahead inc death,2020-09-12,50,quantile,0.7,1,median
2020-08-31,2020-08-31,2 wk ahead inc death,2020-09-12,50,quantile,0.75,1,median
2020-08-31,2020-08-31,2 wk ahead inc death,2020-09-12,50,quantile,0.8,1,median
2020-08-31,2020-08-31,2 wk ahead inc death,2020-09-12,50,quantile,0.85,1,median
2020-08-31,2020-08-31,2 wk ahead inc death,2020-09-12,50,quantile,0.9,2,median
2020-08-31,2020-08-31,2 wk ahead inc death,2020-09-12,50,quantile,0.95,2,median
2020-08-31,2020-08-31,2 wk ahead inc death,2020-09-12,50,quantile,0.975,3,median
2020-08-31,2020-08-31,2 wk ahead inc death,2020-09-12,50,quantile,0.99,4,median
2020-08-31,2020-08-31,3 wk ahead inc death,2020-09-19,50,point,,0,median
2020-08-31,2020-08-31,3 wk ahead inc death,2020-09-19,50,quantile,0.01,0,median
2020-08-31,2020-08-31,3 wk ahead inc death,2020-09-19,50,quantile,0.025,0,median
2020-08-31,2020-08-31,3 wk ahead inc death,2020-09-19,50,quantile,0.05,0,median
2020-08-31,2020-08-31,3 wk ahead inc death,2020-09-19,50,quantile,0.1,0,median
2020-08-31,2020-08-31,3 wk ahead inc death,2020-09-19,50,quantile,0.15,0,median
2020-08-31,2020-08-31,3 wk ahead inc death,2020-09-19,50,quantile,0.2,0,median
2020-08-31,2020-08-31,3 wk ahead inc death,2020-09-19,50,quantile,0.25,0,median
2020-08-31,2020-08-31,3 wk ahead inc death,2020-09-19,50,quantile,0.3,0,median
2020-08-31,2020-08-31,3 wk ahead inc death,2020-09-19,50,quantile,0.35,0,median
2020-08-31,2020-08-31,3 wk ahead inc death,2020-09-19,50,quantile,0.4,0,median
2020-08-31,2020-08-31,3 wk ahead inc death,2020-09-19,50,quantile,0.45,0,median
2020-08-31,2020-08-31,3 wk ahead inc death,2020-09-19,50,quantile,0.5,0,median
2020-08-31,2020-08-31,3 wk ahead inc death,2020-09-19,50,quantile,0.55,0,median
2020-08-31,2020-08-31,3 wk ahead inc death,2020-09-19,50,quantile,0.6,1,median
2020-08-31,2020-08-31,3 wk ahead inc death,2020-09-19,50,quantile,0.65,1,median
2020-08-31,2020-08-31,3 wk ahead inc death,2020-09-19,50,quantile,0.7,1,median
2020-08-31,2020-08-31,3 wk ahead inc death,2020-09-19,50,quantile,0.75,1,median
2020-08-31,2020-08-31,3 wk ahead inc death,2020-09-19,50,quantile,0.8,1,median
2020-08-31,2020-08-31,3 wk ahead inc death,2020-09-19,50,quantile,0.85,2,median
2020-08-31,2020-08-31,3 wk ahead inc death,2020-09-19,50,quantile,0.9,2,median
2020-08-31,2020-08-31,3 wk ahead inc death,2020-09-19,50,quantile,0.95,3,median
2020-08-31,2020-08-31,3 wk ahead inc death,2020-09-19,50,quantile,0.975,3,median
2020-08-31,2020-08-31,3 wk ahead inc death,2020-09-19,50,quantile,0.99,4.00999999999999,median
2020-08-31,2020-08-31,4 wk ahead inc death,2020-09-26,50,point,,0,median
2020-08-31,2020-08-31,4 wk ahead inc death,2020-09-26,50,quantile,0.01,0,median
2020-08-31,2020-08-31,4 wk ahead inc death,2020-09-26,50,quantile,0.025,0,median
2020-08-31,2020-08-31,4 wk ahead inc death,2020-09-26,50,quantile,0.05,0,median
2020-08-31,2020-08-31,4 wk ahead inc death,2020-09-26,50,quantile,0.1,0,median
2020-08-31,2020-08-31,4 wk ahead inc death,2020-09-26,50,quantile,0.15,0,median
2020-08-31,2020-08-31,4 wk ahead inc death,2020-09-26,50,quantile,0.2,0,median
2020-08-31,2020-08-31,4 wk ahead inc death,2020-09-26,50,quantile,0.25,0,median
2020-08-31,2020-08-31,4 wk ahead inc death,2020-09-26,50,quantile,0.3,0,median
2020-08-31,2020-08-31,4 wk ahead inc death,2020-09-26,50,quantile,0.35,0,median
2020-08-31,2020-08-31,4 wk ahead inc death,2020-09-26,50,quantile,0.4,0,median
2020-08-31,2020-08-31,4 wk ahead inc death,2020-09-26,50,quantile,0.45,0,median
2020-08-31,2020-08-31,4 wk ahead inc death,2020-09-26,50,quantile,0.5,0,median
2020-08-31,2020-08-31,4 wk ahead inc death,2020-09-26,50,quantile,0.55,0,median
2020-08-31,2020-08-31,4 wk ahead inc death,2020-09-26,50,quantile,0.6,1,median
2020-08-31,2020-08-31,4 wk ahead inc death,2020-09-26,50,quantile,0.65,1,median
2020-08-31,2020-08-31,4 wk ahead inc death,2020-09-26,50,quantile,0.7,1,median
2020-08-31,2020-08-31,4 wk ahead inc death,2020-09-26,50,quantile,0.75,1,median
2020-08-31,2020-08-31,4 wk ahead inc death,2020-09-26,50,quantile,0.8,1,median
2020-08-31,2020-08-31,4 wk ahead inc death,2020-09-26,50,quantile,0.85,2,median
2020-08-31,2020-08-31,4 wk ahead inc death,2020-09-26,50,quantile,0.9,2,median
2020-08-31,2020-08-31,4 wk ahead inc death,2020-09-26,50,quantile,0.95,3,median
2020-08-31,2020-08-31,4 wk ahead inc death,2020-09-26,50,quantile,0.975,4,median
2020-08-31,2020-08-31,4 wk ahead inc death,2020-09-26,50,quantile,0.99,5,median
2020-08-31,2020-08-31,1 wk ahead inc death,2020-09-05,51,point,,92,median
2020-08-31,2020-08-31,1 wk ahead inc death,2020-09-05,51,quantile,0.01,38.99,median
2020-08-31,2020-08-31,1 wk ahead inc death,2020-09-05,51,quantile,0.025,44,median
2020-08-31,2020-08-31,1 wk ahead inc death,2020-09-05,51,quantile,0.05,49,median
2020-08-31,2020-08-31,1 wk ahead inc death,2020-09-05,51,quantile,0.1,59,median
2020-08-31,2020-08-31,1 wk ahead inc death,2020-09-05,51,quantile,0.15,63,median
2020-08-31,2020-08-31,1 wk ahead inc death,2020-09-05,51,quantile,0.2,68,median
2020-08-31,2020-08-31,1 wk ahead inc death,2020-09-05,51,quantile,0.25,72,median
2020-08-31,2020-08-31,1 wk ahead inc death,2020-09-05,51,quantile,0.3,76.7,median
2020-08-31,2020-08-31,1 wk ahead inc death,2020-09-05,51,quantile,0.35,79.65,median
2020-08-31,2020-08-31,1 wk ahead inc death,2020-09-05,51,quantile,0.4,84,median
2020-08-31,2020-08-31,1 wk ahead inc death,2020-09-05,51,quantile,0.45,88,median
2020-08-31,2020-08-31,1 wk ahead inc death,2020-09-05,51,quantile,0.5,92,median
2020-08-31,2020-08-31,1 wk ahead inc death,2020-09-05,51,quantile,0.55,96,median
2020-08-31,2020-08-31,1 wk ahead inc death,2020-09-05,51,quantile,0.6,101,median
2020-08-31,2020-08-31,1 wk ahead inc death,2020-09-05,51,quantile,0.65,105.35,median
2020-08-31,2020-08-31,1 wk ahead inc death,2020-09-05,51,quantile,0.7,110.3,median
2020-08-31,2020-08-31,1 wk ahead inc death,2020-09-05,51,quantile,0.75,118.25,median
2020-08-31,2020-08-31,1 wk ahead inc death,2020-09-05,51,quantile,0.8,126,median
2020-08-31,2020-08-31,1 wk ahead inc death,2020-09-05,51,quantile,0.85,136,median
2020-08-31,2020-08-31,1 wk ahead inc death,2020-09-05,51,quantile,0.9,147,median
2020-08-31,2020-08-31,1 wk ahead inc death,2020-09-05,51,quantile,0.95,165.05,median
2020-08-31,2020-08-31,1 wk ahead inc death,2020-09-05,51,quantile,0.975,194.075,median
2020-08-31,2020-08-31,1 wk ahead inc death,2020-09-05,51,quantile,0.99,203,median
2020-08-31,2020-08-31,2 wk ahead inc death,2020-09-12,51,point,,103,median
2020-08-31,2020-08-31,2 wk ahead inc death,2020-09-12,51,quantile,0.01,31,median
2020-08-31,2020-08-31,2 wk ahead inc death,2020-09-12,51,quantile,0.025,37.975,median
2020-08-31,2020-08-31,2 wk ahead inc death,2020-09-12,51,quantile,0.05,45,median
2020-08-31,2020-08-31,2 wk ahead inc death,2020-09-12,51,quantile,0.1,56,median
2020-08-31,2020-08-31,2 wk ahead inc death,2020-09-12,51,quantile,0.15,63,median
2020-08-31,2020-08-31,2 wk ahead inc death,2020-09-12,51,quantile,0.2,69,median
2020-08-31,2020-08-31,2 wk ahead inc death,2020-09-12,51,quantile,0.25,75,median
2020-08-31,2020-08-31,2 wk ahead inc death,2020-09-12,51,quantile,0.3,81,median
2020-08-31,2020-08-31,2 wk ahead inc death,2020-09-12,51,quantile,0.35,87,median
2020-08-31,2020-08-31,2 wk ahead inc death,2020-09-12,51,quantile,0.4,91,median
2020-08-31,2020-08-31,2 wk ahead inc death,2020-09-12,51,quantile,0.45,97,median
2020-08-31,2020-08-31,2 wk ahead inc death,2020-09-12,51,quantile,0.5,103,median
2020-08-31,2020-08-31,2 wk ahead inc death,2020-09-12,51,quantile,0.55,109,median
2020-08-31,2020-08-31,2 wk ahead inc death,2020-09-12,51,quantile,0.6,114,median
2020-08-31,2020-08-31,2 wk ahead inc death,2020-09-12,51,quantile,0.65,120,median
2020-08-31,2020-08-31,2 wk ahead inc death,2020-09-12,51,quantile,0.7,126,median
2020-08-31,2020-08-31,2 wk ahead inc death,2020-09-12,51,quantile,0.75,132,median
2020-08-31,2020-08-31,2 wk ahead inc death,2020-09-12,51,quantile,0.8,139,median
2020-08-31,2020-08-31,2 wk ahead inc death,2020-09-12,51,quantile,0.85,149,median
2020-08-31,2020-08-31,2 wk ahead inc death,2020-09-12,51,quantile,0.9,160,median
2020-08-31,2020-08-31,2 wk ahead inc death,2020-09-12,51,quantile,0.95,177.05,median
2020-08-31,2020-08-31,2 wk ahead inc death,2020-09-12,51,quantile,0.975,192,median
2020-08-31,2020-08-31,2 wk ahead inc death,2020-09-12,51,quantile,0.99,238.07,median
2020-08-31,2020-08-31,3 wk ahead inc death,2020-09-19,51,point,,110,median
2020-08-31,2020-08-31,3 wk ahead inc death,2020-09-19,51,quantile,0.01,32.99,median
2020-08-31,2020-08-31,3 wk ahead inc death,2020-09-19,51,quantile,0.025,37.975,median
2020-08-31,2020-08-31,3 wk ahead inc death,2020-09-19,51,quantile,0.05,44,median
2020-08-31,2020-08-31,3 wk ahead inc death,2020-09-19,51,quantile,0.1,55,median
2020-08-31,2020-08-31,3 wk ahead inc death,2020-09-19,51,quantile,0.15,65,median
2020-08-31,2020-08-31,3 wk ahead inc death,2020-09-19,51,quantile,0.2,73,median
2020-08-31,2020-08-31,3 wk ahead inc death,2020-09-19,51,quantile,0.25,80,median
2020-08-31,2020-08-31,3 wk ahead inc death,2020-09-19,51,quantile,0.3,86,median
2020-08-31,2020-08-31,3 wk ahead inc death,2020-09-19,51,quantile,0.35,91,median
2020-08-31,2020-08-31,3 wk ahead inc death,2020-09-19,51,quantile,0.4,98,median
2020-08-31,2020-08-31,3 wk ahead inc death,2020-09-19,51,quantile,0.45,105,median
2020-08-31,2020-08-31,3 wk ahead inc death,2020-09-19,51,quantile,0.5,110,median
2020-08-31,2020-08-31,3 wk ahead inc death,2020-09-19,51,quantile,0.55,115,median
2020-08-31,2020-08-31,3 wk ahead inc death,2020-09-19,51,quantile,0.6,120,median
2020-08-31,2020-08-31,3 wk ahead inc death,2020-09-19,51,quantile,0.65,127,median
2020-08-31,2020-08-31,3 wk ahead inc death,2020-09-19,51,quantile,0.7,133,median
2020-08-31,2020-08-31,3 wk ahead inc death,2020-09-19,51,quantile,0.75,140,median
2020-08-31,2020-08-31,3 wk ahead inc death,2020-09-19,51,quantile,0.8,148,median
2020-08-31,2020-08-31,3 wk ahead inc death,2020-09-19,51,quantile,0.85,158,median
2020-08-31,2020-08-31,3 wk ahead inc death,2020-09-19,51,quantile,0.9,174,median
2020-08-31,2020-08-31,3 wk ahead inc death,2020-09-19,51,quantile,0.95,188.05,median
2020-08-31,2020-08-31,3 wk ahead inc death,2020-09-19,51,quantile,0.975,210,median
2020-08-31,2020-08-31,3 wk ahead inc death,2020-09-19,51,quantile,0.99,264.07,median
2020-08-31,2020-08-31,4 wk ahead inc death,2020-09-26,51,point,,118,median
2020-08-31,2020-08-31,4 wk ahead inc death,2020-09-26,51,quantile,0.01,32,median
2020-08-31,2020-08-31,4 wk ahead inc death,2020-09-26,51,quantile,0.025,38.95,median
2020-08-31,2020-08-31,4 wk ahead inc death,2020-09-26,51,quantile,0.05,47,median
2020-08-31,2020-08-31,4 wk ahead inc death,2020-09-26,51,quantile,0.1,56,median
2020-08-31,2020-08-31,4 wk ahead inc death,2020-09-26,51,quantile,0.15,70,median
2020-08-31,2020-08-31,4 wk ahead inc death,2020-09-26,51,quantile,0.2,78.8,median
2020-08-31,2020-08-31,4 wk ahead inc death,2020-09-26,51,quantile,0.25,86,median
2020-08-31,2020-08-31,4 wk ahead inc death,2020-09-26,51,quantile,0.3,92,median
2020-08-31,2020-08-31,4 wk ahead inc death,2020-09-26,51,quantile,0.35,99,median
2020-08-31,2020-08-31,4 wk ahead inc death,2020-09-26,51,quantile,0.4,105,median
2020-08-31,2020-08-31,4 wk ahead inc death,2020-09-26,51,quantile,0.45,111,median
2020-08-31,2020-08-31,4 wk ahead inc death,2020-09-26,51,quantile,0.5,118,median
2020-08-31,2020-08-31,4 wk ahead inc death,2020-09-26,51,quantile,0.55,124,median
2020-08-31,2020-08-31,4 wk ahead inc death,2020-09-26,51,quantile,0.6,131,median
2020-08-31,2020-08-31,4 wk ahead inc death,2020-09-26,51,quantile,0.65,138,median
2020-08-31,2020-08-31,4 wk ahead inc death,2020-09-26,51,quantile,0.7,145,median
2020-08-31,2020-08-31,4 wk ahead inc death,2020-09-26,51,quantile,0.75,152.25,median
2020-08-31,2020-08-31,4 wk ahead inc death,2020-09-26,51,quantile,0.8,163,median
2020-08-31,2020-08-31,4 wk ahead inc death,2020-09-26,51,quantile,0.85,175,median
2020-08-31,2020-08-31,4 wk ahead inc death,2020-09-26,51,quantile,0.9,188,median
2020-08-31,2020-08-31,4 wk ahead inc death,2020-09-26,51,quantile,0.95,221.1,median
2020-08-31,2020-08-31,4 wk ahead inc death,2020-09-26,51,quantile,0.975,268,median
2020-08-31,2020-08-31,4 wk ahead inc death,2020-09-26,51,quantile,0.99,347.17,median
2020-08-31,2020-08-31,1 wk ahead inc death,2020-09-05,53,point,,59,median
2020-08-31,2020-08-31,1 wk ahead inc death,2020-09-05,53,quantile,0.01,26,median
2020-08-31,2020-08-31,1 wk ahead inc death,2020-09-05,53,quantile,0.025,27,median
2020-08-31,2020-08-31,1 wk ahead inc death,2020-09-05,53,quantile,0.05,31,median
2020-08-31,2020-08-31,1 wk ahead inc death,2020-09-05,53,quantile,0.1,37,median
2020-08-31,2020-08-31,1 wk ahead inc death,2020-09-05,53,quantile,0.15,43,median
2020-08-31,2020-08-31,1 wk ahead inc death,2020-09-05,53,quantile,0.2,46,median
2020-08-31,2020-08-31,1 wk ahead inc death,2020-09-05,53,quantile,0.25,48,median
2020-08-31,2020-08-31,1 wk ahead inc death,2020-09-05,53,quantile,0.3,50,median
2020-08-31,2020-08-31,1 wk ahead inc death,2020-09-05,53,quantile,0.35,52,median
2020-08-31,2020-08-31,1 wk ahead inc death,2020-09-05,53,quantile,0.4,54.6,median
2020-08-31,2020-08-31,1 wk ahead inc death,2020-09-05,53,quantile,0.45,57,median
2020-08-31,2020-08-31,1 wk ahead inc death,2020-09-05,53,quantile,0.5,59,median
2020-08-31,2020-08-31,1 wk ahead inc death,2020-09-05,53,quantile,0.55,62,median
2020-08-31,2020-08-31,1 wk ahead inc death,2020-09-05,53,quantile,0.6,65,median
2020-08-31,2020-08-31,1 wk ahead inc death,2020-09-05,53,quantile,0.65,68,median
2020-08-31,2020-08-31,1 wk ahead inc death,2020-09-05,53,quantile,0.7,71,median
2020-08-31,2020-08-31,1 wk ahead inc death,2020-09-05,53,quantile,0.75,75,median
2020-08-31,2020-08-31,1 wk ahead inc death,2020-09-05,53,quantile,0.8,80,median
2020-08-31,2020-08-31,1 wk ahead inc death,2020-09-05,53,quantile,0.85,85,median
2020-08-31,2020-08-31,1 wk ahead inc death,2020-09-05,53,quantile,0.9,93,median
2020-08-31,2020-08-31,1 wk ahead inc death,2020-09-05,53,quantile,0.95,104,median
2020-08-31,2020-08-31,1 wk ahead inc death,2020-09-05,53,quantile,0.975,111.025,median
2020-08-31,2020-08-31,1 wk ahead inc death,2020-09-05,53,quantile,0.99,116.01,median
2020-08-31,2020-08-31,2 wk ahead inc death,2020-09-12,53,point,,55,median
2020-08-31,2020-08-31,2 wk ahead inc death,2020-09-12,53,quantile,0.01,16.99,median
2020-08-31,2020-08-31,2 wk ahead inc death,2020-09-12,53,quantile,0.025,23.975,median
2020-08-31,2020-08-31,2 wk ahead inc death,2020-09-12,53,quantile,0.05,28.95,median
2020-08-31,2020-08-31,2 wk ahead inc death,2020-09-12,53,quantile,0.1,34,median
2020-08-31,2020-08-31,2 wk ahead inc death,2020-09-12,53,quantile,0.15,37,median
2020-08-31,2020-08-31,2 wk ahead inc death,2020-09-12,53,quantile,0.2,40,median
2020-08-31,2020-08-31,2 wk ahead inc death,2020-09-12,53,quantile,0.25,43,median
2020-08-31,2020-08-31,2 wk ahead inc death,2020-09-12,53,quantile,0.3,45,median
2020-08-31,2020-08-31,2 wk ahead inc death,2020-09-12,53,quantile,0.35,48,median
2020-08-31,2020-08-31,2 wk ahead inc death,2020-09-12,53,quantile,0.4,50,median
2020-08-31,2020-08-31,2 wk ahead inc death,2020-09-12,53,quantile,0.45,52,median
2020-08-31,2020-08-31,2 wk ahead inc death,2020-09-12,53,quantile,0.5,55,median
2020-08-31,2020-08-31,2 wk ahead inc death,2020-09-12,53,quantile,0.55,58,median
2020-08-31,2020-08-31,2 wk ahead inc death,2020-09-12,53,quantile,0.6,61,median
2020-08-31,2020-08-31,2 wk ahead inc death,2020-09-12,53,quantile,0.65,64,median
2020-08-31,2020-08-31,2 wk ahead inc death,2020-09-12,53,quantile,0.7,67,median
2020-08-31,2020-08-31,2 wk ahead inc death,2020-09-12,53,quantile,0.75,70,median
2020-08-31,2020-08-31,2 wk ahead inc death,2020-09-12,53,quantile,0.8,74,median
2020-08-31,2020-08-31,2 wk ahead inc death,2020-09-12,53,quantile,0.85,79,median
2020-08-31,2020-08-31,2 wk ahead inc death,2020-09-12,53,quantile,0.9,86.1000000000001,median
2020-08-31,2020-08-31,2 wk ahead inc death,2020-09-12,53,quantile,0.95,98,median
2020-08-31,2020-08-31,2 wk ahead inc death,2020-09-12,53,quantile,0.975,107,median
2020-08-31,2020-08-31,2 wk ahead inc death,2020-09-12,53,quantile,0.99,139.01,median
2020-08-31,2020-08-31,3 wk ahead inc death,2020-09-19,53,point,,47,median
2020-08-31,2020-08-31,3 wk ahead inc death,2020-09-19,53,quantile,0.01,12,median
2020-08-31,2020-08-31,3 wk ahead inc death,2020-09-19,53,quantile,0.025,21,median
2020-08-31,2020-08-31,3 wk ahead inc death,2020-09-19,53,quantile,0.05,24,median
2020-08-31,2020-08-31,3 wk ahead inc death,2020-09-19,53,quantile,0.1,28.9,median
2020-08-31,2020-08-31,3 wk ahead inc death,2020-09-19,53,quantile,0.15,31,median
2020-08-31,2020-08-31,3 wk ahead inc death,2020-09-19,53,quantile,0.2,34,median
2020-08-31,2020-08-31,3 wk ahead inc death,2020-09-19,53,quantile,0.25,37,median
2020-08-31,2020-08-31,3 wk ahead inc death,2020-09-19,53,quantile,0.3,39,median
2020-08-31,2020-08-31,3 wk ahead inc death,2020-09-19,53,quantile,0.35,41,median
2020-08-31,2020-08-31,3 wk ahead inc death,2020-09-19,53,quantile,0.4,43,median
2020-08-31,2020-08-31,3 wk ahead inc death,2020-09-19,53,quantile,0.45,45,median
2020-08-31,2020-08-31,3 wk ahead inc death,2020-09-19,53,quantile,0.5,47,median
2020-08-31,2020-08-31,3 wk ahead inc death,2020-09-19,53,quantile,0.55,50,median
2020-08-31,2020-08-31,3 wk ahead inc death,2020-09-19,53,quantile,0.6,53,median
2020-08-31,2020-08-31,3 wk ahead inc death,2020-09-19,53,quantile,0.65,55,median
2020-08-31,2020-08-31,3 wk ahead inc death,2020-09-19,53,quantile,0.7,58,median
2020-08-31,2020-08-31,3 wk ahead inc death,2020-09-19,53,quantile,0.75,61.2500000000001,median
2020-08-31,2020-08-31,3 wk ahead inc death,2020-09-19,53,quantile,0.8,66,median
2020-08-31,2020-08-31,3 wk ahead inc death,2020-09-19,53,quantile,0.85,73,median
2020-08-31,2020-08-31,3 wk ahead inc death,2020-09-19,53,quantile,0.9,81,median
2020-08-31,2020-08-31,3 wk ahead inc death,2020-09-19,53,quantile,0.95,94,median
2020-08-31,2020-08-31,3 wk ahead inc death,2020-09-19,53,quantile,0.975,102,median
2020-08-31,2020-08-31,3 wk ahead inc death,2020-09-19,53,quantile,0.99,114.01,median
2020-08-31,2020-08-31,4 wk ahead inc death,2020-09-26,53,point,,41,median
2020-08-31,2020-08-31,4 wk ahead inc death,2020-09-26,53,quantile,0.01,11,median
2020-08-31,2020-08-31,4 wk ahead inc death,2020-09-26,53,quantile,0.025,14,median
2020-08-31,2020-08-31,4 wk ahead inc death,2020-09-26,53,quantile,0.05,17,median
2020-08-31,2020-08-31,4 wk ahead inc death,2020-09-26,53,quantile,0.1,22,median
2020-08-31,2020-08-31,4 wk ahead inc death,2020-09-26,53,quantile,0.15,25,median
2020-08-31,2020-08-31,4 wk ahead inc death,2020-09-26,53,quantile,0.2,28,median
2020-08-31,2020-08-31,4 wk ahead inc death,2020-09-26,53,quantile,0.25,30,median
2020-08-31,2020-08-31,4 wk ahead inc death,2020-09-26,53,quantile,0.3,32,median
2020-08-31,2020-08-31,4 wk ahead inc death,2020-09-26,53,quantile,0.35,34,median
2020-08-31,2020-08-31,4 wk ahead inc death,2020-09-26,53,quantile,0.4,36,median
2020-08-31,2020-08-31,4 wk ahead inc death,2020-09-26,53,quantile,0.45,39,median
2020-08-31,2020-08-31,4 wk ahead inc death,2020-09-26,53,quantile,0.5,41,median
2020-08-31,2020-08-31,4 wk ahead inc death,2020-09-26,53,quantile,0.55,44,median
2020-08-31,2020-08-31,4 wk ahead inc death,2020-09-26,53,quantile,0.6,47,median
2020-08-31,2020-08-31,4 wk ahead inc death,2020-09-26,53,quantile,0.65,49,median
2020-08-31,2020-08-31,4 wk ahead inc death,2020-09-26,53,quantile,0.7,53,median
2020-08-31,2020-08-31,4 wk ahead inc death,2020-09-26,53,quantile,0.75,57,median
2020-08-31,2020-08-31,4 wk ahead inc death,2020-09-26,53,quantile,0.8,63,median
2020-08-31,2020-08-31,4 wk ahead inc death,2020-09-26,53,quantile,0.85,73,median
2020-08-31,2020-08-31,4 wk ahead inc death,2020-09-26,53,quantile,0.9,84,median
2020-08-31,2020-08-31,4 wk ahead inc death,2020-09-26,53,quantile,0.95,98,median
2020-08-31,2020-08-31,4 wk ahead inc death,2020-09-26,53,quantile,0.975,111.025,median
2020-08-31,2020-08-31,4 wk ahead inc death,2020-09-26,53,quantile,0.99,141.17,median
2020-08-31,2020-08-31,1 wk ahead inc death,2020-09-05,54,point,,19.5,median
2020-08-31,2020-08-31,1 wk ahead inc death,2020-09-05,54,quantile,0.01,5,median
2020-08-31,2020-08-31,1 wk ahead inc death,2020-09-05,54,quantile,0.025,6,median
2020-08-31,2020-08-31,1 wk ahead inc death,2020-09-05,54,quantile,0.05,8,median
2020-08-31,2020-08-31,1 wk ahead inc death,2020-09-05,54,quantile,0.1,10,median
2020-08-31,2020-08-31,1 wk ahead inc death,2020-09-05,54,quantile,0.15,11,median
2020-08-31,2020-08-31,1 wk ahead inc death,2020-09-05,54,quantile,0.2,13,median
2020-08-31,2020-08-31,1 wk ahead inc death,2020-09-05,54,quantile,0.25,14,median
2020-08-31,2020-08-31,1 wk ahead inc death,2020-09-05,54,quantile,0.3,15,median
2020-08-31,2020-08-31,1 wk ahead inc death,2020-09-05,54,quantile,0.35,16,median
2020-08-31,2020-08-31,1 wk ahead inc death,2020-09-05,54,quantile,0.4,17,median
2020-08-31,2020-08-31,1 wk ahead inc death,2020-09-05,54,quantile,0.45,19,median
2020-08-31,2020-08-31,1 wk ahead inc death,2020-09-05,54,quantile,0.5,19.5,median
2020-08-31,2020-08-31,1 wk ahead inc death,2020-09-05,54,quantile,0.55,20,median
2020-08-31,2020-08-31,1 wk ahead inc death,2020-09-05,54,quantile,0.6,22,median
2020-08-31,2020-08-31,1 wk ahead inc death,2020-09-05,54,quantile,0.65,23,median
2020-08-31,2020-08-31,1 wk ahead inc death,2020-09-05,54,quantile,0.7,25,median
2020-08-31,2020-08-31,1 wk ahead inc death,2020-09-05,54,quantile,0.75,27,median
2020-08-31,2020-08-31,1 wk ahead inc death,2020-09-05,54,quantile,0.8,29,median
2020-08-31,2020-08-31,1 wk ahead inc death,2020-09-05,54,quantile,0.85,31,median
2020-08-31,2020-08-31,1 wk ahead inc death,2020-09-05,54,quantile,0.9,35,median
2020-08-31,2020-08-31,1 wk ahead inc death,2020-09-05,54,quantile,0.95,40,median
2020-08-31,2020-08-31,1 wk ahead inc death,2020-09-05,54,quantile,0.975,49,median
2020-08-31,2020-08-31,1 wk ahead inc death,2020-09-05,54,quantile,0.99,61,median
2020-08-31,2020-08-31,2 wk ahead inc death,2020-09-12,54,point,,30,median
2020-08-31,2020-08-31,2 wk ahead inc death,2020-09-12,54,quantile,0.01,7,median
2020-08-31,2020-08-31,2 wk ahead inc death,2020-09-12,54,quantile,0.025,9,median
2020-08-31,2020-08-31,2 wk ahead inc death,2020-09-12,54,quantile,0.05,12,median
2020-08-31,2020-08-31,2 wk ahead inc death,2020-09-12,54,quantile,0.1,15,median
2020-08-31,2020-08-31,2 wk ahead inc death,2020-09-12,54,quantile,0.15,18,median
2020-08-31,2020-08-31,2 wk ahead inc death,2020-09-12,54,quantile,0.2,20,median
2020-08-31,2020-08-31,2 wk ahead inc death,2020-09-12,54,quantile,0.25,22,median
2020-08-31,2020-08-31,2 wk ahead inc death,2020-09-12,54,quantile,0.3,24,median
2020-08-31,2020-08-31,2 wk ahead inc death,2020-09-12,54,quantile,0.35,25,median
2020-08-31,2020-08-31,2 wk ahead inc death,2020-09-12,54,quantile,0.4,27,median
2020-08-31,2020-08-31,2 wk ahead inc death,2020-09-12,54,quantile,0.45,28,median
2020-08-31,2020-08-31,2 wk ahead inc death,2020-09-12,54,quantile,0.5,30,median
2020-08-31,2020-08-31,2 wk ahead inc death,2020-09-12,54,quantile,0.55,31.4500000000001,median
2020-08-31,2020-08-31,2 wk ahead inc death,2020-09-12,54,quantile,0.6,34,median
2020-08-31,2020-08-31,2 wk ahead inc death,2020-09-12,54,quantile,0.65,35,median
2020-08-31,2020-08-31,2 wk ahead inc death,2020-09-12,54,quantile,0.7,37,median
2020-08-31,2020-08-31,2 wk ahead inc death,2020-09-12,54,quantile,0.75,39,median
2020-08-31,2020-08-31,2 wk ahead inc death,2020-09-12,54,quantile,0.8,41,median
2020-08-31,2020-08-31,2 wk ahead inc death,2020-09-12,54,quantile,0.85,44,median
2020-08-31,2020-08-31,2 wk ahead inc death,2020-09-12,54,quantile,0.9,48,median
2020-08-31,2020-08-31,2 wk ahead inc death,2020-09-12,54,quantile,0.95,53,median
2020-08-31,2020-08-31,2 wk ahead inc death,2020-09-12,54,quantile,0.975,63.025,median
2020-08-31,2020-08-31,2 wk ahead inc death,2020-09-12,54,quantile,0.99,75.04,median
2020-08-31,2020-08-31,3 wk ahead inc death,2020-09-19,54,point,,34,median
2020-08-31,2020-08-31,3 wk ahead inc death,2020-09-19,54,quantile,0.01,6,median
2020-08-31,2020-08-31,3 wk ahead inc death,2020-09-19,54,quantile,0.025,10,median
2020-08-31,2020-08-31,3 wk ahead inc death,2020-09-19,54,quantile,0.05,13,median
2020-08-31,2020-08-31,3 wk ahead inc death,2020-09-19,54,quantile,0.1,17,median
2020-08-31,2020-08-31,3 wk ahead inc death,2020-09-19,54,quantile,0.15,20,median
2020-08-31,2020-08-31,3 wk ahead inc death,2020-09-19,54,quantile,0.2,23,median
2020-08-31,2020-08-31,3 wk ahead inc death,2020-09-19,54,quantile,0.25,25,median
2020-08-31,2020-08-31,3 wk ahead inc death,2020-09-19,54,quantile,0.3,27,median
2020-08-31,2020-08-31,3 wk ahead inc death,2020-09-19,54,quantile,0.35,29,median
2020-08-31,2020-08-31,3 wk ahead inc death,2020-09-19,54,quantile,0.4,30,median
2020-08-31,2020-08-31,3 wk ahead inc death,2020-09-19,54,quantile,0.45,32,median
2020-08-31,2020-08-31,3 wk ahead inc death,2020-09-19,54,quantile,0.5,34,median
2020-08-31,2020-08-31,3 wk ahead inc death,2020-09-19,54,quantile,0.55,37,median
2020-08-31,2020-08-31,3 wk ahead inc death,2020-09-19,54,quantile,0.6,39,median
2020-08-31,2020-08-31,3 wk ahead inc death,2020-09-19,54,quantile,0.65,41,median
2020-08-31,2020-08-31,3 wk ahead inc death,2020-09-19,54,quantile,0.7,43,median
2020-08-31,2020-08-31,3 wk ahead inc death,2020-09-19,54,quantile,0.75,45,median
2020-08-31,2020-08-31,3 wk ahead inc death,2020-09-19,54,quantile,0.8,47,median
2020-08-31,2020-08-31,3 wk ahead inc death,2020-09-19,54,quantile,0.85,51,median
2020-08-31,2020-08-31,3 wk ahead inc death,2020-09-19,54,quantile,0.9,56,median
2020-08-31,2020-08-31,3 wk ahead inc death,2020-09-19,54,quantile,0.95,69.1499999999999,median
2020-08-31,2020-08-31,3 wk ahead inc death,2020-09-19,54,quantile,0.975,94,median
2020-08-31,2020-08-31,3 wk ahead inc death,2020-09-19,54,quantile,0.99,138.07,median
2020-08-31,2020-08-31,4 wk ahead inc death,2020-09-26,54,point,,38,median
2020-08-31,2020-08-31,4 wk ahead inc death,2020-09-26,54,quantile,0.01,7,median
2020-08-31,2020-08-31,4 wk ahead inc death,2020-09-26,54,quantile,0.025,10,median
2020-08-31,2020-08-31,4 wk ahead inc death,2020-09-26,54,quantile,0.05,12,median
2020-08-31,2020-08-31,4 wk ahead inc death,2020-09-26,54,quantile,0.1,14.9,median
2020-08-31,2020-08-31,4 wk ahead inc death,2020-09-26,54,quantile,0.15,19,median
2020-08-31,2020-08-31,4 wk ahead inc death,2020-09-26,54,quantile,0.2,25,median
2020-08-31,2020-08-31,4 wk ahead inc death,2020-09-26,54,quantile,0.25,27,median
2020-08-31,2020-08-31,4 wk ahead inc death,2020-09-26,54,quantile,0.3,29,median
2020-08-31,2020-08-31,4 wk ahead inc death,2020-09-26,54,quantile,0.35,31,median
2020-08-31,2020-08-31,4 wk ahead inc death,2020-09-26,54,quantile,0.4,34,median
2020-08-31,2020-08-31,4 wk ahead inc death,2020-09-26,54,quantile,0.45,36,median
2020-08-31,2020-08-31,4 wk ahead inc death,2020-09-26,54,quantile,0.5,38,median
2020-08-31,2020-08-31,4 wk ahead inc death,2020-09-26,54,quantile,0.55,41,median
2020-08-31,2020-08-31,4 wk ahead inc death,2020-09-26,54,quantile,0.6,43,median
2020-08-31,2020-08-31,4 wk ahead inc death,2020-09-26,54,quantile,0.65,46,median
2020-08-31,2020-08-31,4 wk ahead inc death,2020-09-26,54,quantile,0.7,49,median
2020-08-31,2020-08-31,4 wk ahead inc death,2020-09-26,54,quantile,0.75,52.2500000000001,median
2020-08-31,2020-08-31,4 wk ahead inc death,2020-09-26,54,quantile,0.8,61,median
2020-08-31,2020-08-31,4 wk ahead inc death,2020-09-26,54,quantile,0.85,71.1500000000001,median
2020-08-31,2020-08-31,4 wk ahead inc death,2020-09-26,54,quantile,0.9,92,median
2020-08-31,2020-08-31,4 wk ahead inc death,2020-09-26,54,quantile,0.95,142.25,median
2020-08-31,2020-08-31,4 wk ahead inc death,2020-09-26,54,quantile,0.975,265.05,median
2020-08-31,2020-08-31,4 wk ahead inc death,2020-09-26,54,quantile,0.99,437,median
2020-08-31,2020-08-31,1 wk ahead inc death,2020-09-05,55,point,,37,median
2020-08-31,2020-08-31,1 wk ahead inc death,2020-09-05,55,quantile,0.01,24,median
2020-08-31,2020-08-31,1 wk ahead inc death,2020-09-05,55,quantile,0.025,24,median
2020-08-31,2020-08-31,1 wk ahead inc death,2020-09-05,55,quantile,0.05,25,median
2020-08-31,2020-08-31,1 wk ahead inc death,2020-09-05,55,quantile,0.1,27,median
2020-08-31,2020-08-31,1 wk ahead inc death,2020-09-05,55,quantile,0.15,28,median
2020-08-31,2020-08-31,1 wk ahead inc death,2020-09-05,55,quantile,0.2,29,median
2020-08-31,2020-08-31,1 wk ahead inc death,2020-09-05,55,quantile,0.25,31,median
2020-08-31,2020-08-31,1 wk ahead inc death,2020-09-05,55,quantile,0.3,32,median
2020-08-31,2020-08-31,1 wk ahead inc death,2020-09-05,55,quantile,0.35,34,median
2020-08-31,2020-08-31,1 wk ahead inc death,2020-09-05,55,quantile,0.4,35,median
2020-08-31,2020-08-31,1 wk ahead inc death,2020-09-05,55,quantile,0.45,36,median
2020-08-31,2020-08-31,1 wk ahead inc death,2020-09-05,55,quantile,0.5,37,median
2020-08-31,2020-08-31,1 wk ahead inc death,2020-09-05,55,quantile,0.55,38,median
2020-08-31,2020-08-31,1 wk ahead inc death,2020-09-05,55,quantile,0.6,40,median
2020-08-31,2020-08-31,1 wk ahead inc death,2020-09-05,55,quantile,0.65,41,median
2020-08-31,2020-08-31,1 wk ahead inc death,2020-09-05,55,quantile,0.7,43,median
2020-08-31,2020-08-31,1 wk ahead inc death,2020-09-05,55,quantile,0.75,45,median
2020-08-31,2020-08-31,1 wk ahead inc death,2020-09-05,55,quantile,0.8,46,median
2020-08-31,2020-08-31,1 wk ahead inc death,2020-09-05,55,quantile,0.85,49,median
2020-08-31,2020-08-31,1 wk ahead inc death,2020-09-05,55,quantile,0.9,51,median
2020-08-31,2020-08-31,1 wk ahead inc death,2020-09-05,55,quantile,0.95,55,median
2020-08-31,2020-08-31,1 wk ahead inc death,2020-09-05,55,quantile,0.975,56,median
2020-08-31,2020-08-31,1 wk ahead inc death,2020-09-05,55,quantile,0.99,58,median
2020-08-31,2020-08-31,2 wk ahead inc death,2020-09-12,55,point,,39,median
2020-08-31,2020-08-31,2 wk ahead inc death,2020-09-12,55,quantile,0.01,16,median
2020-08-31,2020-08-31,2 wk ahead inc death,2020-09-12,55,quantile,0.025,18,median
2020-08-31,2020-08-31,2 wk ahead inc death,2020-09-12,55,quantile,0.05,21,median
2020-08-31,2020-08-31,2 wk ahead inc death,2020-09-12,55,quantile,0.1,24,median
2020-08-31,2020-08-31,2 wk ahead inc death,2020-09-12,55,quantile,0.15,27,median
2020-08-31,2020-08-31,2 wk ahead inc death,2020-09-12,55,quantile,0.2,29,median
2020-08-31,2020-08-31,2 wk ahead inc death,2020-09-12,55,quantile,0.25,31,median
2020-08-31,2020-08-31,2 wk ahead inc death,2020-09-12,55,quantile,0.3,33,median
2020-08-31,2020-08-31,2 wk ahead inc death,2020-09-12,55,quantile,0.35,35,median
2020-08-31,2020-08-31,2 wk ahead inc death,2020-09-12,55,quantile,0.4,36,median
2020-08-31,2020-08-31,2 wk ahead inc death,2020-09-12,55,quantile,0.45,37,median
2020-08-31,2020-08-31,2 wk ahead inc death,2020-09-12,55,quantile,0.5,39,median
2020-08-31,2020-08-31,2 wk ahead inc death,2020-09-12,55,quantile,0.55,40,median
2020-08-31,2020-08-31,2 wk ahead inc death,2020-09-12,55,quantile,0.6,42,median
2020-08-31,2020-08-31,2 wk ahead inc death,2020-09-12,55,quantile,0.65,43,median
2020-08-31,2020-08-31,2 wk ahead inc death,2020-09-12,55,quantile,0.7,45,median
2020-08-31,2020-08-31,2 wk ahead inc death,2020-09-12,55,quantile,0.75,47,median
2020-08-31,2020-08-31,2 wk ahead inc death,2020-09-12,55,quantile,0.8,49,median
2020-08-31,2020-08-31,2 wk ahead inc death,2020-09-12,55,quantile,0.85,52,median
2020-08-31,2020-08-31,2 wk ahead inc death,2020-09-12,55,quantile,0.9,56,median
2020-08-31,2020-08-31,2 wk ahead inc death,2020-09-12,55,quantile,0.95,61,median
2020-08-31,2020-08-31,2 wk ahead inc death,2020-09-12,55,quantile,0.975,66.025,median
2020-08-31,2020-08-31,2 wk ahead inc death,2020-09-12,55,quantile,0.99,71,median
2020-08-31,2020-08-31,3 wk ahead inc death,2020-09-19,55,point,,35,median
2020-08-31,2020-08-31,3 wk ahead inc death,2020-09-19,55,quantile,0.01,12.99,median
2020-08-31,2020-08-31,3 wk ahead inc death,2020-09-19,55,quantile,0.025,16,median
2020-08-31,2020-08-31,3 wk ahead inc death,2020-09-19,55,quantile,0.05,20,median
2020-08-31,2020-08-31,3 wk ahead inc death,2020-09-19,55,quantile,0.1,23,median
2020-08-31,2020-08-31,3 wk ahead inc death,2020-09-19,55,quantile,0.15,25,median
2020-08-31,2020-08-31,3 wk ahead inc death,2020-09-19,55,quantile,0.2,27.8,median
2020-08-31,2020-08-31,3 wk ahead inc death,2020-09-19,55,quantile,0.25,29,median
2020-08-31,2020-08-31,3 wk ahead inc death,2020-09-19,55,quantile,0.3,30,median
2020-08-31,2020-08-31,3 wk ahead inc death,2020-09-19,55,quantile,0.35,31,median
2020-08-31,2020-08-31,3 wk ahead inc death,2020-09-19,55,quantile,0.4,32,median
2020-08-31,2020-08-31,3 wk ahead inc death,2020-09-19,55,quantile,0.45,34,median
2020-08-31,2020-08-31,3 wk ahead inc death,2020-09-19,55,quantile,0.5,35,median
2020-08-31,2020-08-31,3 wk ahead inc death,2020-09-19,55,quantile,0.55,36,median
2020-08-31,2020-08-31,3 wk ahead inc death,2020-09-19,55,quantile,0.6,38,median
2020-08-31,2020-08-31,3 wk ahead inc death,2020-09-19,55,quantile,0.65,43,median
2020-08-31,2020-08-31,3 wk ahead inc death,2020-09-19,55,quantile,0.7,48,median
2020-08-31,2020-08-31,3 wk ahead inc death,2020-09-19,55,quantile,0.75,51,median
2020-08-31,2020-08-31,3 wk ahead inc death,2020-09-19,55,quantile,0.8,53,median
2020-08-31,2020-08-31,3 wk ahead inc death,2020-09-19,55,quantile,0.85,56,median
2020-08-31,2020-08-31,3 wk ahead inc death,2020-09-19,55,quantile,0.9,60,median
2020-08-31,2020-08-31,3 wk ahead inc death,2020-09-19,55,quantile,0.95,65,median
2020-08-31,2020-08-31,3 wk ahead inc death,2020-09-19,55,quantile,0.975,70,median
2020-08-31,2020-08-31,3 wk ahead inc death,2020-09-19,55,quantile,0.99,75.02,median
2020-08-31,2020-08-31,4 wk ahead inc death,2020-09-26,55,point,,30,median
2020-08-31,2020-08-31,4 wk ahead inc death,2020-09-26,55,quantile,0.01,7,median
2020-08-31,2020-08-31,4 wk ahead inc death,2020-09-26,55,quantile,0.025,10.975,median
2020-08-31,2020-08-31,4 wk ahead inc death,2020-09-26,55,quantile,0.05,13,median
2020-08-31,2020-08-31,4 wk ahead inc death,2020-09-26,55,quantile,0.1,16,median
2020-08-31,2020-08-31,4 wk ahead inc death,2020-09-26,55,quantile,0.15,19,median
2020-08-31,2020-08-31,4 wk ahead inc death,2020-09-26,55,quantile,0.2,21,median
2020-08-31,2020-08-31,4 wk ahead inc death,2020-09-26,55,quantile,0.25,22,median
2020-08-31,2020-08-31,4 wk ahead inc death,2020-09-26,55,quantile,0.3,24,median
2020-08-31,2020-08-31,4 wk ahead inc death,2020-09-26,55,quantile,0.35,25,median
2020-08-31,2020-08-31,4 wk ahead inc death,2020-09-26,55,quantile,0.4,27,median
2020-08-31,2020-08-31,4 wk ahead inc death,2020-09-26,55,quantile,0.45,28,median
2020-08-31,2020-08-31,4 wk ahead inc death,2020-09-26,55,quantile,0.5,30,median
2020-08-31,2020-08-31,4 wk ahead inc death,2020-09-26,55,quantile,0.55,32,median
2020-08-31,2020-08-31,4 wk ahead inc death,2020-09-26,55,quantile,0.6,38,median
2020-08-31,2020-08-31,4 wk ahead inc death,2020-09-26,55,quantile,0.65,45.0000000000002,median
2020-08-31,2020-08-31,4 wk ahead inc death,2020-09-26,55,quantile,0.7,52,median
2020-08-31,2020-08-31,4 wk ahead inc death,2020-09-26,55,quantile,0.75,54.2500000000001,median
2020-08-31,2020-08-31,4 wk ahead inc death,2020-09-26,55,quantile,0.8,57,median
2020-08-31,2020-08-31,4 wk ahead inc death,2020-09-26,55,quantile,0.85,61,median
2020-08-31,2020-08-31,4 wk ahead inc death,2020-09-26,55,quantile,0.9,66,median
2020-08-31,2020-08-31,4 wk ahead inc death,2020-09-26,55,quantile,0.95,72,median
2020-08-31,2020-08-31,4 wk ahead inc death,2020-09-26,55,quantile,0.975,77.025,median
2020-08-31,2020-08-31,4 wk ahead inc death,2020-09-26,55,quantile,0.99,84.01,median
2020-08-31,2020-08-31,1 wk ahead inc death,2020-09-05,56,point,,2,median
2020-08-31,2020-08-31,1 wk ahead inc death,2020-09-05,56,quantile,0.01,0,median
2020-08-31,2020-08-31,1 wk ahead inc death,2020-09-05,56,quantile,0.025,0,median
2020-08-31,2020-08-31,1 wk ahead inc death,2020-09-05,56,quantile,0.05,0,median
2020-08-31,2020-08-31,1 wk ahead inc death,2020-09-05,56,quantile,0.1,0,median
2020-08-31,2020-08-31,1 wk ahead inc death,2020-09-05,56,quantile,0.15,1,median
2020-08-31,2020-08-31,1 wk ahead inc death,2020-09-05,56,quantile,0.2,1,median
2020-08-31,2020-08-31,1 wk ahead inc death,2020-09-05,56,quantile,0.25,1,median
2020-08-31,2020-08-31,1 wk ahead inc death,2020-09-05,56,quantile,0.3,1,median
2020-08-31,2020-08-31,1 wk ahead inc death,2020-09-05,56,quantile,0.35,1,median
2020-08-31,2020-08-31,1 wk ahead inc death,2020-09-05,56,quantile,0.4,1,median
2020-08-31,2020-08-31,1 wk ahead inc death,2020-09-05,56,quantile,0.45,2,median
2020-08-31,2020-08-31,1 wk ahead inc death,2020-09-05,56,quantile,0.5,2,median
2020-08-31,2020-08-31,1 wk ahead inc death,2020-09-05,56,quantile,0.55,2,median
2020-08-31,2020-08-31,1 wk ahead inc death,2020-09-05,56,quantile,0.6,2,median
2020-08-31,2020-08-31,1 wk ahead inc death,2020-09-05,56,quantile,0.65,3,median
2020-08-31,2020-08-31,1 wk ahead inc death,2020-09-05,56,quantile,0.7,3,median
2020-08-31,2020-08-31,1 wk ahead inc death,2020-09-05,56,quantile,0.75,3,median
2020-08-31,2020-08-31,1 wk ahead inc death,2020-09-05,56,quantile,0.8,4,median
2020-08-31,2020-08-31,1 wk ahead inc death,2020-09-05,56,quantile,0.85,4,median
2020-08-31,2020-08-31,1 wk ahead inc death,2020-09-05,56,quantile,0.9,5,median
2020-08-31,2020-08-31,1 wk ahead inc death,2020-09-05,56,quantile,0.95,6,median
2020-08-31,2020-08-31,1 wk ahead inc death,2020-09-05,56,quantile,0.975,7,median
2020-08-31,2020-08-31,1 wk ahead inc death,2020-09-05,56,quantile,0.99,8,median
2020-08-31,2020-08-31,2 wk ahead inc death,2020-09-12,56,point,,3,median
2020-08-31,2020-08-31,2 wk ahead inc death,2020-09-12,56,quantile,0.01,0,median
2020-08-31,2020-08-31,2 wk ahead inc death,2020-09-12,56,quantile,0.025,0,median
2020-08-31,2020-08-31,2 wk ahead inc death,2020-09-12,56,quantile,0.05,0,median
2020-08-31,2020-08-31,2 wk ahead inc death,2020-09-12,56,quantile,0.1,0,median
2020-08-31,2020-08-31,2 wk ahead inc death,2020-09-12,56,quantile,0.15,1,median
2020-08-31,2020-08-31,2 wk ahead inc death,2020-09-12,56,quantile,0.2,1,median
2020-08-31,2020-08-31,2 wk ahead inc death,2020-09-12,56,quantile,0.25,1,median
2020-08-31,2020-08-31,2 wk ahead inc death,2020-09-12,56,quantile,0.3,1,median
2020-08-31,2020-08-31,2 wk ahead inc death,2020-09-12,56,quantile,0.35,2,median
2020-08-31,2020-08-31,2 wk ahead inc death,2020-09-12,56,quantile,0.4,2,median
2020-08-31,2020-08-31,2 wk ahead inc death,2020-09-12,56,quantile,0.45,2,median
2020-08-31,2020-08-31,2 wk ahead inc death,2020-09-12,56,quantile,0.5,3,median
2020-08-31,2020-08-31,2 wk ahead inc death,2020-09-12,56,quantile,0.55,3,median
2020-08-31,2020-08-31,2 wk ahead inc death,2020-09-12,56,quantile,0.6,3,median
2020-08-31,2020-08-31,2 wk ahead inc death,2020-09-12,56,quantile,0.65,3,median
2020-08-31,2020-08-31,2 wk ahead inc death,2020-09-12,56,quantile,0.7,4,median
2020-08-31,2020-08-31,2 wk ahead inc death,2020-09-12,56,quantile,0.75,4,median
2020-08-31,2020-08-31,2 wk ahead inc death,2020-09-12,56,quantile,0.8,5,median
2020-08-31,2020-08-31,2 wk ahead inc death,2020-09-12,56,quantile,0.85,5,median
2020-08-31,2020-08-31,2 wk ahead inc death,2020-09-12,56,quantile,0.9,6,median
2020-08-31,2020-08-31,2 wk ahead inc death,2020-09-12,56,quantile,0.95,8,median
2020-08-31,2020-08-31,2 wk ahead inc death,2020-09-12,56,quantile,0.975,10,median
2020-08-31,2020-08-31,2 wk ahead inc death,2020-09-12,56,quantile,0.99,12.01,median
2020-08-31,2020-08-31,3 wk ahead inc death,2020-09-19,56,point,,2,median
2020-08-31,2020-08-31,3 wk ahead inc death,2020-09-19,56,quantile,0.01,0,median
2020-08-31,2020-08-31,3 wk ahead inc death,2020-09-19,56,quantile,0.025,0,median
2020-08-31,2020-08-31,3 wk ahead inc death,2020-09-19,56,quantile,0.05,0,median
2020-08-31,2020-08-31,3 wk ahead inc death,2020-09-19,56,quantile,0.1,0,median
2020-08-31,2020-08-31,3 wk ahead inc death,2020-09-19,56,quantile,0.15,1,median
2020-08-31,2020-08-31,3 wk ahead inc death,2020-09-19,56,quantile,0.2,1,median
2020-08-31,2020-08-31,3 wk ahead inc death,2020-09-19,56,quantile,0.25,1,median
2020-08-31,2020-08-31,3 wk ahead inc death,2020-09-19,56,quantile,0.3,1,median
2020-08-31,2020-08-31,3 wk ahead inc death,2020-09-19,56,quantile,0.35,2,median
2020-08-31,2020-08-31,3 wk ahead inc death,2020-09-19,56,quantile,0.4,2,median
2020-08-31,2020-08-31,3 wk ahead inc death,2020-09-19,56,quantile,0.45,2,median
2020-08-31,2020-08-31,3 wk ahead inc death,2020-09-19,56,quantile,0.5,2,median
2020-08-31,2020-08-31,3 wk ahead inc death,2020-09-19,56,quantile,0.55,3,median
2020-08-31,2020-08-31,3 wk ahead inc death,2020-09-19,56,quantile,0.6,3,median
2020-08-31,2020-08-31,3 wk ahead inc death,2020-09-19,56,quantile,0.65,3,median
2020-08-31,2020-08-31,3 wk ahead inc death,2020-09-19,56,quantile,0.7,4,median
2020-08-31,2020-08-31,3 wk ahead inc death,2020-09-19,56,quantile,0.75,4,median
2020-08-31,2020-08-31,3 wk ahead inc death,2020-09-19,56,quantile,0.8,5,median
2020-08-31,2020-08-31,3 wk ahead inc death,2020-09-19,56,quantile,0.85,5,median
2020-08-31,2020-08-31,3 wk ahead inc death,2020-09-19,56,quantile,0.9,7,median
2020-08-31,2020-08-31,3 wk ahead inc death,2020-09-19,56,quantile,0.95,9,median
2020-08-31,2020-08-31,3 wk ahead inc death,2020-09-19,56,quantile,0.975,10,median
2020-08-31,2020-08-31,3 wk ahead inc death,2020-09-19,56,quantile,0.99,12,median
2020-08-31,2020-08-31,4 wk ahead inc death,2020-09-26,56,point,,2,median
2020-08-31,2020-08-31,4 wk ahead inc death,2020-09-26,56,quantile,0.01,0,median
2020-08-31,2020-08-31,4 wk ahead inc death,2020-09-26,56,quantile,0.025,0,median
2020-08-31,2020-08-31,4 wk ahead inc death,2020-09-26,56,quantile,0.05,0,median
2020-08-31,2020-08-31,4 wk ahead inc death,2020-09-26,56,quantile,0.1,0,median
2020-08-31,2020-08-31,4 wk ahead inc death,2020-09-26,56,quantile,0.15,0,median
2020-08-31,2020-08-31,4 wk ahead inc death,2020-09-26,56,quantile,0.2,1,median
2020-08-31,2020-08-31,4 wk ahead inc death,2020-09-26,56,quantile,0.25,1,median
2020-08-31,2020-08-31,4 wk ahead inc death,2020-09-26,56,quantile,0.3,1,median
2020-08-31,2020-08-31,4 wk ahead inc death,2020-09-26,56,quantile,0.35,1,median
2020-08-31,2020-08-31,4 wk ahead inc death,2020-09-26,56,quantile,0.4,2,median
2020-08-31,2020-08-31,4 wk ahead inc death,2020-09-26,56,quantile,0.45,2,median
2020-08-31,2020-08-31,4 wk ahead inc death,2020-09-26,56,quantile,0.5,2,median
2020-08-31,2020-08-31,4 wk ahead inc death,2020-09-26,56,quantile,0.55,2,median
2020-08-31,2020-08-31,4 wk ahead inc death,2020-09-26,56,quantile,0.6,3,median
2020-08-31,2020-08-31,4 wk ahead inc death,2020-09-26,56,quantile,0.65,3,median
2020-08-31,2020-08-31,4 wk ahead inc death,2020-09-26,56,quantile,0.7,4,median
2020-08-31,2020-08-31,4 wk ahead inc death,2020-09-26,56,quantile,0.75,4,median
2020-08-31,2020-08-31,4 wk ahead inc death,2020-09-26,56,quantile,0.8,5,median
2020-08-31,2020-08-31,4 wk ahead inc death,2020-09-26,56,quantile,0.85,6,median
2020-08-31,2020-08-31,4 wk ahead inc death,2020-09-26,56,quantile,0.9,8,median
2020-08-31,2020-08-31,4 wk ahead inc death,2020-09-26,56,quantile,0.95,11,median
2020-08-31,2020-08-31,4 wk ahead inc death,2020-09-26,56,quantile,0.975,14,median
2020-08-31,2020-08-31,4 wk ahead inc death,2020-09-26,56,quantile,0.99,15,median
2020-08-31,2020-08-31,1 wk ahead inc death,2020-09-05,66,point,,2,median
2020-08-31,2020-08-31,1 wk ahead inc death,2020-09-05,66,quantile,0.01,0,median
2020-08-31,2020-08-31,1 wk ahead inc death,2020-09-05,66,quantile,0.025,0,median
2020-08-31,2020-08-31,1 wk ahead inc death,2020-09-05,66,quantile,0.05,0,median
2020-08-31,2020-08-31,1 wk ahead inc death,2020-09-05,66,quantile,0.1,0.5,median
2020-08-31,2020-08-31,1 wk ahead inc death,2020-09-05,66,quantile,0.15,0.5,median
2020-08-31,2020-08-31,1 wk ahead inc death,2020-09-05,66,quantile,0.2,1,median
2020-08-31,2020-08-31,1 wk ahead inc death,2020-09-05,66,quantile,0.25,1,median
2020-08-31,2020-08-31,1 wk ahead inc death,2020-09-05,66,quantile,0.3,1.5,median
2020-08-31,2020-08-31,1 wk ahead inc death,2020-09-05,66,quantile,0.35,1.5,median
2020-08-31,2020-08-31,1 wk ahead inc death,2020-09-05,66,quantile,0.4,1.5,median
2020-08-31,2020-08-31,1 wk ahead inc death,2020-09-05,66,quantile,0.45,1.5,median
2020-08-31,2020-08-31,1 wk ahead inc death,2020-09-05,66,quantile,0.5,2,median
2020-08-31,2020-08-31,1 wk ahead inc death,2020-09-05,66,quantile,0.55,2.5,median
2020-08-31,2020-08-31,1 wk ahead inc death,2020-09-05,66,quantile,0.6,2.5,median
2020-08-31,2020-08-31,1 wk ahead inc death,2020-09-05,66,quantile,0.65,3,median
2020-08-31,2020-08-31,1 wk ahead inc death,2020-09-05,66,quantile,0.7,3,median
2020-08-31,2020-08-31,1 wk ahead inc death,2020-09-05,66,quantile,0.75,3,median
2020-08-31,2020-08-31,1 wk ahead inc death,2020-09-05,66,quantile,0.8,3.5,median
2020-08-31,2020-08-31,1 wk ahead inc death,2020-09-05,66,quantile,0.85,4.5,median
2020-08-31,2020-08-31,1 wk ahead inc death,2020-09-05,66,quantile,0.9,4.5,median
2020-08-31,2020-08-31,1 wk ahead inc death,2020-09-05,66,quantile,0.95,5,median
2020-08-31,2020-08-31,1 wk ahead inc death,2020-09-05,66,quantile,0.975,6,median
2020-08-31,2020-08-31,1 wk ahead inc death,2020-09-05,66,quantile,0.99,6.5,median
2020-08-31,2020-08-31,2 wk ahead inc death,2020-09-12,66,point,,2.5,median
2020-08-31,2020-08-31,2 wk ahead inc death,2020-09-12,66,quantile,0.01,0,median
2020-08-31,2020-08-31,2 wk ahead inc death,2020-09-12,66,quantile,0.025,0,median
2020-08-31,2020-08-31,2 wk ahead inc death,2020-09-12,66,quantile,0.05,0,median
2020-08-31,2020-08-31,2 wk ahead inc death,2020-09-12,66,quantile,0.1,1,median
2020-08-31,2020-08-31,2 wk ahead inc death,2020-09-12,66,quantile,0.15,1,median
2020-08-31,2020-08-31,2 wk ahead inc death,2020-09-12,66,quantile,0.2,1,median
2020-08-31,2020-08-31,2 wk ahead inc death,2020-09-12,66,quantile,0.25,1,median
2020-08-31,2020-08-31,2 wk ahead inc death,2020-09-12,66,quantile,0.3,1.5,median
2020-08-31,2020-08-31,2 wk ahead inc death,2020-09-12,66,quantile,0.35,2,median
2020-08-31,2020-08-31,2 wk ahead inc death,2020-09-12,66,quantile,0.4,2,median
2020-08-31,2020-08-31,2 wk ahead inc death,2020-09-12,66,quantile,0.45,2,median
2020-08-31,2020-08-31,2 wk ahead inc death,2020-09-12,66,quantile,0.5,2.5,median
2020-08-31,2020-08-31,2 wk ahead inc death,2020-09-12,66,quantile,0.55,3,median
2020-08-31,2020-08-31,2 wk ahead inc death,2020-09-12,66,quantile,0.6,3,median
2020-08-31,2020-08-31,2 wk ahead inc death,2020-09-12,66,quantile,0.65,3.5,median
2020-08-31,2020-08-31,2 wk ahead inc death,2020-09-12,66,quantile,0.7,4,median
2020-08-31,2020-08-31,2 wk ahead inc death,2020-09-12,66,quantile,0.75,4.00000000000012,median
2020-08-31,2020-08-31,2 wk ahead inc death,2020-09-12,66,quantile,0.8,5.5,median
2020-08-31,2020-08-31,2 wk ahead inc death,2020-09-12,66,quantile,0.85,6,median
2020-08-31,2020-08-31,2 wk ahead inc death,2020-09-12,66,quantile,0.9,7,median
2020-08-31,2020-08-31,2 wk ahead inc death,2020-09-12,66,quantile,0.95,9,median
2020-08-31,2020-08-31,2 wk ahead inc death,2020-09-12,66,quantile,0.975,10.5,median
2020-08-31,2020-08-31,2 wk ahead inc death,2020-09-12,66,quantile,0.99,12,median
2020-08-31,2020-08-31,3 wk ahead inc death,2020-09-19,66,point,,2.5,median
2020-08-31,2020-08-31,3 wk ahead inc death,2020-09-19,66,quantile,0.01,0,median
2020-08-31,2020-08-31,3 wk ahead inc death,2020-09-19,66,quantile,0.025,0,median
2020-08-31,2020-08-31,3 wk ahead inc death,2020-09-19,66,quantile,0.05,0.5,median
2020-08-31,2020-08-31,3 wk ahead inc death,2020-09-19,66,quantile,0.1,0.5,median
2020-08-31,2020-08-31,3 wk ahead inc death,2020-09-19,66,quantile,0.15,0.5,median
2020-08-31,2020-08-31,3 wk ahead inc death,2020-09-19,66,quantile,0.2,1,median
2020-08-31,2020-08-31,3 wk ahead inc death,2020-09-19,66,quantile,0.25,1.5,median
2020-08-31,2020-08-31,3 wk ahead inc death,2020-09-19,66,quantile,0.3,1.5,median
2020-08-31,2020-08-31,3 wk ahead inc death,2020-09-19,66,quantile,0.35,1.5,median
2020-08-31,2020-08-31,3 wk ahead inc death,2020-09-19,66,quantile,0.4,2,median
2020-08-31,2020-08-31,3 wk ahead inc death,2020-09-19,66,quantile,0.45,2.5,median
2020-08-31,2020-08-31,3 wk ahead inc death,2020-09-19,66,quantile,0.5,2.5,median
2020-08-31,2020-08-31,3 wk ahead inc death,2020-09-19,66,quantile,0.55,3,median
2020-08-31,2020-08-31,3 wk ahead inc death,2020-09-19,66,quantile,0.6,3.5,median
2020-08-31,2020-08-31,3 wk ahead inc death,2020-09-19,66,quantile,0.65,4,median
2020-08-31,2020-08-31,3 wk ahead inc death,2020-09-19,66,quantile,0.7,5,median
2020-08-31,2020-08-31,3 wk ahead inc death,2020-09-19,66,quantile,0.75,5.5,median
2020-08-31,2020-08-31,3 wk ahead inc death,2020-09-19,66,quantile,0.8,7,median
2020-08-31,2020-08-31,3 wk ahead inc death,2020-09-19,66,quantile,0.85,9,median
2020-08-31,2020-08-31,3 wk ahead inc death,2020-09-19,66,quantile,0.9,11.5000000000001,median
2020-08-31,2020-08-31,3 wk ahead inc death,2020-09-19,66,quantile,0.95,20,median
2020-08-31,2020-08-31,3 wk ahead inc death,2020-09-19,66,quantile,0.975,28.5,median
2020-08-31,2020-08-31,3 wk ahead inc death,2020-09-19,66,quantile,0.99,34,median
2020-08-31,2020-08-31,4 wk ahead inc death,2020-09-26,66,point,,2.5,median
2020-08-31,2020-08-31,4 wk ahead inc death,2020-09-26,66,quantile,0.01,0,median
2020-08-31,2020-08-31,4 wk ahead inc death,2020-09-26,66,quantile,0.025,0,median
2020-08-31,2020-08-31,4 wk ahead inc death,2020-09-26,66,quantile,0.05,0.5,median
2020-08-31,2020-08-31,4 wk ahead inc death,2020-09-26,66,quantile,0.1,0.5,median
2020-08-31,2020-08-31,4 wk ahead inc death,2020-09-26,66,quantile,0.15,0.5,median
2020-08-31,2020-08-31,4 wk ahead inc death,2020-09-26,66,quantile,0.2,1,median
2020-08-31,2020-08-31,4 wk ahead inc death,2020-09-26,66,quantile,0.25,1,median
2020-08-31,2020-08-31,4 wk ahead inc death,2020-09-26,66,quantile,0.3,1.5,median
2020-08-31,2020-08-31,4 wk ahead inc death,2020-09-26,66,quantile,0.35,2,median
2020-08-31,2020-08-31,4 wk ahead inc death,2020-09-26,66,quantile,0.4,2,median
2020-08-31,2020-08-31,4 wk ahead inc death,2020-09-26,66,quantile,0.45,2.5,median
2020-08-31,2020-08-31,4 wk ahead inc death,2020-09-26,66,quantile,0.5,2.5,median
2020-08-31,2020-08-31,4 wk ahead inc death,2020-09-26,66,quantile,0.55,3,median
2020-08-31,2020-08-31,4 wk ahead inc death,2020-09-26,66,quantile,0.6,4,median
2020-08-31,2020-08-31,4 wk ahead inc death,2020-09-26,66,quantile,0.65,4.5,median
2020-08-31,2020-08-31,4 wk ahead inc death,2020-09-26,66,quantile,0.7,5.5,median
2020-08-31,2020-08-31,4 wk ahead inc death,2020-09-26,66,quantile,0.75,7,median
2020-08-31,2020-08-31,4 wk ahead inc death,2020-09-26,66,quantile,0.8,9.5,median
2020-08-31,2020-08-31,4 wk ahead inc death,2020-09-26,66,quantile,0.85,15,median
2020-08-31,2020-08-31,4 wk ahead inc death,2020-09-26,66,quantile,0.9,23.5,median
2020-08-31,2020-08-31,4 wk ahead inc death,2020-09-26,66,quantile,0.95,38.5,median
2020-08-31,2020-08-31,4 wk ahead inc death,2020-09-26,66,quantile,0.975,53,median
2020-08-31,2020-08-31,4 wk ahead inc death,2020-09-26,66,quantile,0.99,62,median
2020-08-31,2020-08-31,1 wk ahead inc death,2020-09-05,72,point,,41,median
2020-08-31,2020-08-31,1 wk ahead inc death,2020-09-05,72,quantile,0.01,23,median
2020-08-31,2020-08-31,1 wk ahead inc death,2020-09-05,72,quantile,0.025,24,median
2020-08-31,2020-08-31,1 wk ahead inc death,2020-09-05,72,quantile,0.05,25,median
2020-08-31,2020-08-31,1 wk ahead inc death,2020-09-05,72,quantile,0.1,26,median
2020-08-31,2020-08-31,1 wk ahead inc death,2020-09-05,72,quantile,0.15,29,median
2020-08-31,2020-08-31,1 wk ahead inc death,2020-09-05,72,quantile,0.2,30,median
2020-08-31,2020-08-31,1 wk ahead inc death,2020-09-05,72,quantile,0.25,32,median
2020-08-31,2020-08-31,1 wk ahead inc death,2020-09-05,72,quantile,0.3,34,median
2020-08-31,2020-08-31,1 wk ahead inc death,2020-09-05,72,quantile,0.35,35,median
2020-08-31,2020-08-31,1 wk ahead inc death,2020-09-05,72,quantile,0.4,37,median
2020-08-31,2020-08-31,1 wk ahead inc death,2020-09-05,72,quantile,0.45,39,median
2020-08-31,2020-08-31,1 wk ahead inc death,2020-09-05,72,quantile,0.5,41,median
2020-08-31,2020-08-31,1 wk ahead inc death,2020-09-05,72,quantile,0.55,42,median
2020-08-31,2020-08-31,1 wk ahead inc death,2020-09-05,72,quantile,0.6,44,median
2020-08-31,2020-08-31,1 wk ahead inc death,2020-09-05,72,quantile,0.65,46,median
2020-08-31,2020-08-31,1 wk ahead inc death,2020-09-05,72,quantile,0.7,48,median
2020-08-31,2020-08-31,1 wk ahead inc death,2020-09-05,72,quantile,0.75,50,median
2020-08-31,2020-08-31,1 wk ahead inc death,2020-09-05,72,quantile,0.8,53,median
2020-08-31,2020-08-31,1 wk ahead inc death,2020-09-05,72,quantile,0.85,55.0000000000002,median
2020-08-31,2020-08-31,1 wk ahead inc death,2020-09-05,72,quantile,0.9,59,median
2020-08-31,2020-08-31,1 wk ahead inc death,2020-09-05,72,quantile,0.95,63,median
2020-08-31,2020-08-31,1 wk ahead inc death,2020-09-05,72,quantile,0.975,67,median
2020-08-31,2020-08-31,1 wk ahead inc death,2020-09-05,72,quantile,0.99,68,median
2020-08-31,2020-08-31,2 wk ahead inc death,2020-09-12,72,point,,36,median
2020-08-31,2020-08-31,2 wk ahead inc death,2020-09-12,72,quantile,0.01,12,median
2020-08-31,2020-08-31,2 wk ahead inc death,2020-09-12,72,quantile,0.025,13,median
2020-08-31,2020-08-31,2 wk ahead inc death,2020-09-12,72,quantile,0.05,14,median
2020-08-31,2020-08-31,2 wk ahead inc death,2020-09-12,72,quantile,0.1,20,median
2020-08-31,2020-08-31,2 wk ahead inc death,2020-09-12,72,quantile,0.15,22,median
2020-08-31,2020-08-31,2 wk ahead inc death,2020-09-12,72,quantile,0.2,25,median
2020-08-31,2020-08-31,2 wk ahead inc death,2020-09-12,72,quantile,0.25,26,median
2020-08-31,2020-08-31,2 wk ahead inc death,2020-09-12,72,quantile,0.3,28,median
2020-08-31,2020-08-31,2 wk ahead inc death,2020-09-12,72,quantile,0.35,30,median
2020-08-31,2020-08-31,2 wk ahead inc death,2020-09-12,72,quantile,0.4,32,median
2020-08-31,2020-08-31,2 wk ahead inc death,2020-09-12,72,quantile,0.45,34,median
2020-08-31,2020-08-31,2 wk ahead inc death,2020-09-12,72,quantile,0.5,36,median
2020-08-31,2020-08-31,2 wk ahead inc death,2020-09-12,72,quantile,0.55,38,median
2020-08-31,2020-08-31,2 wk ahead inc death,2020-09-12,72,quantile,0.6,40,median
2020-08-31,2020-08-31,2 wk ahead inc death,2020-09-12,72,quantile,0.65,42,median
2020-08-31,2020-08-31,2 wk ahead inc death,2020-09-12,72,quantile,0.7,44,median
2020-08-31,2020-08-31,2 wk ahead inc death,2020-09-12,72,quantile,0.75,47,median
2020-08-31,2020-08-31,2 wk ahead inc death,2020-09-12,72,quantile,0.8,50,median
2020-08-31,2020-08-31,2 wk ahead inc death,2020-09-12,72,quantile,0.85,54,median
2020-08-31,2020-08-31,2 wk ahead inc death,2020-09-12,72,quantile,0.9,60,median
2020-08-31,2020-08-31,2 wk ahead inc death,2020-09-12,72,quantile,0.95,66,median
2020-08-31,2020-08-31,2 wk ahead inc death,2020-09-12,72,quantile,0.975,72,median
2020-08-31,2020-08-31,2 wk ahead inc death,2020-09-12,72,quantile,0.99,76.01,median
2020-08-31,2020-08-31,3 wk ahead inc death,2020-09-19,72,point,,42,median
2020-08-31,2020-08-31,3 wk ahead inc death,2020-09-19,72,quantile,0.01,5,median
2020-08-31,2020-08-31,3 wk ahead inc death,2020-09-19,72,quantile,0.025,8,median
2020-08-31,2020-08-31,3 wk ahead inc death,2020-09-19,72,quantile,0.05,11,median
2020-08-31,2020-08-31,3 wk ahead inc death,2020-09-19,72,quantile,0.1,14,median
2020-08-31,2020-08-31,3 wk ahead inc death,2020-09-19,72,quantile,0.15,18,median
2020-08-31,2020-08-31,3 wk ahead inc death,2020-09-19,72,quantile,0.2,22,median
2020-08-31,2020-08-31,3 wk ahead inc death,2020-09-19,72,quantile,0.25,25,median
2020-08-31,2020-08-31,3 wk ahead inc death,2020-09-19,72,quantile,0.3,28,median
2020-08-31,2020-08-31,3 wk ahead inc death,2020-09-19,72,quantile,0.35,31,median
2020-08-31,2020-08-31,3 wk ahead inc death,2020-09-19,72,quantile,0.4,34,median
2020-08-31,2020-08-31,3 wk ahead inc death,2020-09-19,72,quantile,0.45,38,median
2020-08-31,2020-08-31,3 wk ahead inc death,2020-09-19,72,quantile,0.5,42,median
2020-08-31,2020-08-31,3 wk ahead inc death,2020-09-19,72,quantile,0.55,44,median
2020-08-31,2020-08-31,3 wk ahead inc death,2020-09-19,72,quantile,0.6,47,median
2020-08-31,2020-08-31,3 wk ahead inc death,2020-09-19,72,quantile,0.65,49,median
2020-08-31,2020-08-31,3 wk ahead inc death,2020-09-19,72,quantile,0.7,52,median
2020-08-31,2020-08-31,3 wk ahead inc death,2020-09-19,72,quantile,0.75,55,median
2020-08-31,2020-08-31,3 wk ahead inc death,2020-09-19,72,quantile,0.8,58,median
2020-08-31,2020-08-31,3 wk ahead inc death,2020-09-19,72,quantile,0.85,62,median
2020-08-31,2020-08-31,3 wk ahead inc death,2020-09-19,72,quantile,0.9,67,median
2020-08-31,2020-08-31,3 wk ahead inc death,2020-09-19,72,quantile,0.95,77,median
2020-08-31,2020-08-31,3 wk ahead inc death,2020-09-19,72,quantile,0.975,84,median
2020-08-31,2020-08-31,3 wk ahead inc death,2020-09-19,72,quantile,0.99,90,median
2020-08-31,2020-08-31,4 wk ahead inc death,2020-09-26,72,point,,34,median
2020-08-31,2020-08-31,4 wk ahead inc death,2020-09-26,72,quantile,0.01,2,median
2020-08-31,2020-08-31,4 wk ahead inc death,2020-09-26,72,quantile,0.025,3,median
2020-08-31,2020-08-31,4 wk ahead inc death,2020-09-26,72,quantile,0.05,5,median
2020-08-31,2020-08-31,4 wk ahead inc death,2020-09-26,72,quantile,0.1,7,median
2020-08-31,2020-08-31,4 wk ahead inc death,2020-09-26,72,quantile,0.15,11,median
2020-08-31,2020-08-31,4 wk ahead inc death,2020-09-26,72,quantile,0.2,13,median
2020-08-31,2020-08-31,4 wk ahead inc death,2020-09-26,72,quantile,0.25,16,median
2020-08-31,2020-08-31,4 wk ahead inc death,2020-09-26,72,quantile,0.3,19,median
2020-08-31,2020-08-31,4 wk ahead inc death,2020-09-26,72,quantile,0.35,22.65,median
2020-08-31,2020-08-31,4 wk ahead inc death,2020-09-26,72,quantile,0.4,26,median
2020-08-31,2020-08-31,4 wk ahead inc death,2020-09-26,72,quantile,0.45,29,median
2020-08-31,2020-08-31,4 wk ahead inc death,2020-09-26,72,quantile,0.5,34,median
2020-08-31,2020-08-31,4 wk ahead inc death,2020-09-26,72,quantile,0.55,38,median
2020-08-31,2020-08-31,4 wk ahead inc death,2020-09-26,72,quantile,0.6,43,median
2020-08-31,2020-08-31,4 wk ahead inc death,2020-09-26,72,quantile,0.65,49,median
2020-08-31,2020-08-31,4 wk ahead inc death,2020-09-26,72,quantile,0.7,55,median
2020-08-31,2020-08-31,4 wk ahead inc death,2020-09-26,72,quantile,0.75,59,median
2020-08-31,2020-08-31,4 wk ahead inc death,2020-09-26,72,quantile,0.8,63,median
2020-08-31,2020-08-31,4 wk ahead inc death,2020-09-26,72,quantile,0.85,67,median
2020-08-31,2020-08-31,4 wk ahead inc death,2020-09-26,72,quantile,0.9,72,median
2020-08-31,2020-08-31,4 wk ahead inc death,2020-09-26,72,quantile,0.95,86,median
2020-08-31,2020-08-31,4 wk ahead inc death,2020-09-26,72,quantile,0.975,101,median
2020-08-31,2020-08-31,4 wk ahead inc death,2020-09-26,72,quantile,0.99,113,median
2020-08-31,2020-08-31,1 wk ahead inc death,2020-09-05,78,point,,2,median
2020-08-31,2020-08-31,1 wk ahead inc death,2020-09-05,78,quantile,0.01,0,median
2020-08-31,2020-08-31,1 wk ahead inc death,2020-09-05,78,quantile,0.025,0,median
2020-08-31,2020-08-31,1 wk ahead inc death,2020-09-05,78,quantile,0.05,0,median
2020-08-31,2020-08-31,1 wk ahead inc death,2020-09-05,78,quantile,0.1,0,median
2020-08-31,2020-08-31,1 wk ahead inc death,2020-09-05,78,quantile,0.15,0,median
2020-08-31,2020-08-31,1 wk ahead inc death,2020-09-05,78,quantile,0.2,1,median
2020-08-31,2020-08-31,1 wk ahead inc death,2020-09-05,78,quantile,0.25,1,median
2020-08-31,2020-08-31,1 wk ahead inc death,2020-09-05,78,quantile,0.3,1,median
2020-08-31,2020-08-31,1 wk ahead inc death,2020-09-05,78,quantile,0.35,1,median
2020-08-31,2020-08-31,1 wk ahead inc death,2020-09-05,78,quantile,0.4,1,median
2020-08-31,2020-08-31,1 wk ahead inc death,2020-09-05,78,quantile,0.45,2,median
2020-08-31,2020-08-31,1 wk ahead inc death,2020-09-05,78,quantile,0.5,2,median
2020-08-31,2020-08-31,1 wk ahead inc death,2020-09-05,78,quantile,0.55,2,median
2020-08-31,2020-08-31,1 wk ahead inc death,2020-09-05,78,quantile,0.6,2,median
2020-08-31,2020-08-31,1 wk ahead inc death,2020-09-05,78,quantile,0.65,3,median
2020-08-31,2020-08-31,1 wk ahead inc death,2020-09-05,78,quantile,0.7,3,median
2020-08-31,2020-08-31,1 wk ahead inc death,2020-09-05,78,quantile,0.75,3,median
2020-08-31,2020-08-31,1 wk ahead inc death,2020-09-05,78,quantile,0.8,4,median
2020-08-31,2020-08-31,1 wk ahead inc death,2020-09-05,78,quantile,0.85,4,median
2020-08-31,2020-08-31,1 wk ahead inc death,2020-09-05,78,quantile,0.9,5,median
2020-08-31,2020-08-31,1 wk ahead inc death,2020-09-05,78,quantile,0.95,7,median
2020-08-31,2020-08-31,1 wk ahead inc death,2020-09-05,78,quantile,0.975,8,median
2020-08-31,2020-08-31,1 wk ahead inc death,2020-09-05,78,quantile,0.99,9.00999999999999,median
2020-08-31,2020-08-31,2 wk ahead inc death,2020-09-12,78,point,,3,median
2020-08-31,2020-08-31,2 wk ahead inc death,2020-09-12,78,quantile,0.01,0,median
2020-08-31,2020-08-31,2 wk ahead inc death,2020-09-12,78,quantile,0.025,0,median
2020-08-31,2020-08-31,2 wk ahead inc death,2020-09-12,78,quantile,0.05,0,median
2020-08-31,2020-08-31,2 wk ahead inc death,2020-09-12,78,quantile,0.1,0,median
2020-08-31,2020-08-31,2 wk ahead inc death,2020-09-12,78,quantile,0.15,1,median
2020-08-31,2020-08-31,2 wk ahead inc death,2020-09-12,78,quantile,0.2,1,median
2020-08-31,2020-08-31,2 wk ahead inc death,2020-09-12,78,quantile,0.25,1,median
2020-08-31,2020-08-31,2 wk ahead inc death,2020-09-12,78,quantile,0.3,1,median
2020-08-31,2020-08-31,2 wk ahead inc death,2020-09-12,78,quantile,0.35,2,median
2020-08-31,2020-08-31,2 wk ahead inc death,2020-09-12,78,quantile,0.4,2,median
2020-08-31,2020-08-31,2 wk ahead inc death,2020-09-12,78,quantile,0.45,2,median
2020-08-31,2020-08-31,2 wk ahead inc death,2020-09-12,78,quantile,0.5,3,median
2020-08-31,2020-08-31,2 wk ahead inc death,2020-09-12,78,quantile,0.55,3,median
2020-08-31,2020-08-31,2 wk ahead inc death,2020-09-12,78,quantile,0.6,3,median
2020-08-31,2020-08-31,2 wk ahead inc death,2020-09-12,78,quantile,0.65,3,median
2020-08-31,2020-08-31,2 wk ahead inc death,2020-09-12,78,quantile,0.7,4,median
2020-08-31,2020-08-31,2 wk ahead inc death,2020-09-12,78,quantile,0.75,4,median
2020-08-31,2020-08-31,2 wk ahead inc death,2020-09-12,78,quantile,0.8,5,median
2020-08-31,2020-08-31,2 wk ahead inc death,2020-09-12,78,quantile,0.85,6,median
2020-08-31,2020-08-31,2 wk ahead inc death,2020-09-12,78,quantile,0.9,7,median
2020-08-31,2020-08-31,2 wk ahead inc death,2020-09-12,78,quantile,0.95,9,median
2020-08-31,2020-08-31,2 wk ahead inc death,2020-09-12,78,quantile,0.975,11,median
2020-08-31,2020-08-31,2 wk ahead inc death,2020-09-12,78,quantile,0.99,15,median
2020-08-31,2020-08-31,3 wk ahead inc death,2020-09-19,78,point,,3,median
2020-08-31,2020-08-31,3 wk ahead inc death,2020-09-19,78,quantile,0.01,0,median
2020-08-31,2020-08-31,3 wk ahead inc death,2020-09-19,78,quantile,0.025,0,median
2020-08-31,2020-08-31,3 wk ahead inc death,2020-09-19,78,quantile,0.05,0,median
2020-08-31,2020-08-31,3 wk ahead inc death,2020-09-19,78,quantile,0.1,0,median
2020-08-31,2020-08-31,3 wk ahead inc death,2020-09-19,78,quantile,0.15,0,median
2020-08-31,2020-08-31,3 wk ahead inc death,2020-09-19,78,quantile,0.2,1,median
2020-08-31,2020-08-31,3 wk ahead inc death,2020-09-19,78,quantile,0.25,1,median
2020-08-31,2020-08-31,3 wk ahead inc death,2020-09-19,78,quantile,0.3,1,median
2020-08-31,2020-08-31,3 wk ahead inc death,2020-09-19,78,quantile,0.35,1,median
2020-08-31,2020-08-31,3 wk ahead inc death,2020-09-19,78,quantile,0.4,2,median
2020-08-31,2020-08-31,3 wk ahead inc death,2020-09-19,78,quantile,0.45,2,median
2020-08-31,2020-08-31,3 wk ahead inc death,2020-09-19,78,quantile,0.5,3,median
2020-08-31,2020-08-31,3 wk ahead inc death,2020-09-19,78,quantile,0.55,3,median
2020-08-31,2020-08-31,3 wk ahead inc death,2020-09-19,78,quantile,0.6,4,median
2020-08-31,2020-08-31,3 wk ahead inc death,2020-09-19,78,quantile,0.65,4,median
2020-08-31,2020-08-31,3 wk ahead inc death,2020-09-19,78,quantile,0.7,4,median
2020-08-31,2020-08-31,3 wk ahead inc death,2020-09-19,78,quantile,0.75,5,median
2020-08-31,2020-08-31,3 wk ahead inc death,2020-09-19,78,quantile,0.8,5,median
2020-08-31,2020-08-31,3 wk ahead inc death,2020-09-19,78,quantile,0.85,6,median
2020-08-31,2020-08-31,3 wk ahead inc death,2020-09-19,78,quantile,0.9,7,median
2020-08-31,2020-08-31,3 wk ahead inc death,2020-09-19,78,quantile,0.95,10,median
2020-08-31,2020-08-31,3 wk ahead inc death,2020-09-19,78,quantile,0.975,14,median
2020-08-31,2020-08-31,3 wk ahead inc death,2020-09-19,78,quantile,0.99,27.01,median
2020-08-31,2020-08-31,4 wk ahead inc death,2020-09-26,78,point,,3,median
2020-08-31,2020-08-31,4 wk ahead inc death,2020-09-26,78,quantile,0.01,0,median
2020-08-31,2020-08-31,4 wk ahead inc death,2020-09-26,78,quantile,0.025,0,median
2020-08-31,2020-08-31,4 wk ahead inc death,2020-09-26,78,quantile,0.05,0,median
2020-08-31,2020-08-31,4 wk ahead inc death,2020-09-26,78,quantile,0.1,0,median
2020-08-31,2020-08-31,4 wk ahead inc death,2020-09-26,78,quantile,0.15,0,median
2020-08-31,2020-08-31,4 wk ahead inc death,2020-09-26,78,quantile,0.2,0,median
2020-08-31,2020-08-31,4 wk ahead inc death,2020-09-26,78,quantile,0.25,0,median
2020-08-31,2020-08-31,4 wk ahead inc death,2020-09-26,78,quantile,0.3,1,median
2020-08-31,2020-08-31,4 wk ahead inc death,2020-09-26,78,quantile,0.35,1,median
2020-08-31,2020-08-31,4 wk ahead inc death,2020-09-26,78,quantile,0.4,2,median
2020-08-31,2020-08-31,4 wk ahead inc death,2020-09-26,78,quantile,0.45,2,median
2020-08-31,2020-08-31,4 wk ahead inc death,2020-09-26,78,quantile,0.5,3,median
2020-08-31,2020-08-31,4 wk ahead inc death,2020-09-26,78,quantile,0.55,4,median
2020-08-31,2020-08-31,4 wk ahead inc death,2020-09-26,78,quantile,0.6,4,median
2020-08-31,2020-08-31,4 wk ahead inc death,2020-09-26,78,quantile,0.65,5,median
2020-08-31,2020-08-31,4 wk ahead inc death,2020-09-26,78,quantile,0.7,5,median
2020-08-31,2020-08-31,4 wk ahead inc death,2020-09-26,78,quantile,0.75,5,median
2020-08-31,2020-08-31,4 wk ahead inc death,2020-09-26,78,quantile,0.8,6,median
2020-08-31,2020-08-31,4 wk ahead inc death,2020-09-26,78,quantile,0.85,6,median
2020-08-31,2020-08-31,4 wk ahead inc death,2020-09-26,78,quantile,0.9,8,median
2020-08-31,2020-08-31,4 wk ahead inc death,2020-09-26,78,quantile,0.95,14.05,median
2020-08-31,2020-08-31,4 wk ahead inc death,2020-09-26,78,quantile,0.975,21.025,median
2020-08-31,2020-08-31,4 wk ahead inc death,2020-09-26,78,quantile,0.99,41.05,median
2020-08-31,2020-08-31,1 wk ahead inc death,2020-09-05,US,point,,5882,median
2020-08-31,2020-08-31,1 wk ahead inc death,2020-09-05,US,quantile,0.01,5176.79,median
2020-08-31,2020-08-31,1 wk ahead inc death,2020-09-05,US,quantile,0.025,5261.85,median
2020-08-31,2020-08-31,1 wk ahead inc death,2020-09-05,US,quantile,0.05,5353,median
2020-08-31,2020-08-31,1 wk ahead inc death,2020-09-05,US,quantile,0.1,5442,median
2020-08-31,2020-08-31,1 wk ahead inc death,2020-09-05,US,quantile,0.15,5544,median
2020-08-31,2020-08-31,1 wk ahead inc death,2020-09-05,US,quantile,0.2,5616.8,median
2020-08-31,2020-08-31,1 wk ahead inc death,2020-09-05,US,quantile,0.25,5666,median
2020-08-31,2020-08-31,1 wk ahead inc death,2020-09-05,US,quantile,0.3,5713.9,median
2020-08-31,2020-08-31,1 wk ahead inc death,2020-09-05,US,quantile,0.35,5764.65,median
2020-08-31,2020-08-31,1 wk ahead inc death,2020-09-05,US,quantile,0.4,5798,median
2020-08-31,2020-08-31,1 wk ahead inc death,2020-09-05,US,quantile,0.45,5852.55,median
2020-08-31,2020-08-31,1 wk ahead inc death,2020-09-05,US,quantile,0.5,5882,median
2020-08-31,2020-08-31,1 wk ahead inc death,2020-09-05,US,quantile,0.55,5919,median
2020-08-31,2020-08-31,1 wk ahead inc death,2020-09-05,US,quantile,0.6,5962.4,median
2020-08-31,2020-08-31,1 wk ahead inc death,2020-09-05,US,quantile,0.65,5998.35,median
2020-08-31,2020-08-31,1 wk ahead inc death,2020-09-05,US,quantile,0.7,6042,median
2020-08-31,2020-08-31,1 wk ahead inc death,2020-09-05,US,quantile,0.75,6087,median
2020-08-31,2020-08-31,1 wk ahead inc death,2020-09-05,US,quantile,0.8,6145.4,median
2020-08-31,2020-08-31,1 wk ahead inc death,2020-09-05,US,quantile,0.85,6225.15,median
2020-08-31,2020-08-31,1 wk ahead inc death,2020-09-05,US,quantile,0.9,6317.3,median
2020-08-31,2020-08-31,1 wk ahead inc death,2020-09-05,US,quantile,0.95,6482.35,median
2020-08-31,2020-08-31,1 wk ahead inc death,2020-09-05,US,quantile,0.975,6675.825,median
2020-08-31,2020-08-31,1 wk ahead inc death,2020-09-05,US,quantile,0.99,7018.2,median
2020-08-31,2020-08-31,2 wk ahead inc death,2020-09-12,US,point,,5345,median
2020-08-31,2020-08-31,2 wk ahead inc death,2020-09-12,US,quantile,0.01,4330,median
2020-08-31,2020-08-31,2 wk ahead inc death,2020-09-12,US,quantile,0.025,4422,median
2020-08-31,2020-08-31,2 wk ahead inc death,2020-09-12,US,quantile,0.05,4526,median
2020-08-31,2020-08-31,2 wk ahead inc death,2020-09-12,US,quantile,0.1,4676,median
2020-08-31,2020-08-31,2 wk ahead inc death,2020-09-12,US,quantile,0.15,4824,median
2020-08-31,2020-08-31,2 wk ahead inc death,2020-09-12,US,quantile,0.2,4941,median
2020-08-31,2020-08-31,2 wk ahead inc death,2020-09-12,US,quantile,0.25,4986.75,median
2020-08-31,2020-08-31,2 wk ahead inc death,2020-09-12,US,quantile,0.3,5028,median
2020-08-31,2020-08-31,2 wk ahead inc death,2020-09-12,US,quantile,0.35,5069.3,median
2020-08-31,2020-08-31,2 wk ahead inc death,2020-09-12,US,quantile,0.4,5113.6,median
2020-08-31,2020-08-31,2 wk ahead inc death,2020-09-12,US,quantile,0.45,5190.65,median
2020-08-31,2020-08-31,2 wk ahead inc death,2020-09-12,US,quantile,0.5,5345,median
2020-08-31,2020-08-31,2 wk ahead inc death,2020-09-12,US,quantile,0.55,5527.9,median
2020-08-31,2020-08-31,2 wk ahead inc death,2020-09-12,US,quantile,0.6,5744,median
2020-08-31,2020-08-31,2 wk ahead inc death,2020-09-12,US,quantile,0.65,5947.35,median
2020-08-31,2020-08-31,2 wk ahead inc death,2020-09-12,US,quantile,0.7,6179.5,median
2020-08-31,2020-08-31,2 wk ahead inc death,2020-09-12,US,quantile,0.75,6446.25,median
2020-08-31,2020-08-31,2 wk ahead inc death,2020-09-12,US,quantile,0.8,6705,median
2020-08-31,2020-08-31,2 wk ahead inc death,2020-09-12,US,quantile,0.85,7039.15,median
2020-08-31,2020-08-31,2 wk ahead inc death,2020-09-12,US,quantile,0.9,7358.1,median
2020-08-31,2020-08-31,2 wk ahead inc death,2020-09-12,US,quantile,0.95,7888.45,median
2020-08-31,2020-08-31,2 wk ahead inc death,2020-09-12,US,quantile,0.975,8216.675,median
2020-08-31,2020-08-31,2 wk ahead inc death,2020-09-12,US,quantile,0.99,8473,median
2020-08-31,2020-08-31,3 wk ahead inc death,2020-09-19,US,point,,5526,median
2020-08-31,2020-08-31,3 wk ahead inc death,2020-09-19,US,quantile,0.01,3315,median
2020-08-31,2020-08-31,3 wk ahead inc death,2020-09-19,US,quantile,0.025,3436,median
2020-08-31,2020-08-31,3 wk ahead inc death,2020-09-19,US,quantile,0.05,3608,median
2020-08-31,2020-08-31,3 wk ahead inc death,2020-09-19,US,quantile,0.1,3869,median
2020-08-31,2020-08-31,3 wk ahead inc death,2020-09-19,US,quantile,0.15,4095,median
2020-08-31,2020-08-31,3 wk ahead inc death,2020-09-19,US,quantile,0.2,4345,median
2020-08-31,2020-08-31,3 wk ahead inc death,2020-09-19,US,quantile,0.25,4569.75,median
2020-08-31,2020-08-31,3 wk ahead inc death,2020-09-19,US,quantile,0.3,4614.8,median
2020-08-31,2020-08-31,3 wk ahead inc death,2020-09-19,US,quantile,0.35,4840.3,median
2020-08-31,2020-08-31,3 wk ahead inc death,2020-09-19,US,quantile,0.4,5083.4,median
2020-08-31,2020-08-31,3 wk ahead inc death,2020-09-19,US,quantile,0.45,5330.1,median
2020-08-31,2020-08-31,3 wk ahead inc death,2020-09-19,US,quantile,0.5,5526,median
2020-08-31,2020-08-31,3 wk ahead inc death,2020-09-19,US,quantile,0.55,5744.45,median
2020-08-31,2020-08-31,3 wk ahead inc death,2020-09-19,US,quantile,0.6,5935,median
2020-08-31,2020-08-31,3 wk ahead inc death,2020-09-19,US,quantile,0.65,6117.7,median
2020-08-31,2020-08-31,3 wk ahead inc death,2020-09-19,US,quantile,0.7,6336.4,median
2020-08-31,2020-08-31,3 wk ahead inc death,2020-09-19,US,quantile,0.75,6663,median
2020-08-31,2020-08-31,3 wk ahead inc death,2020-09-19,US,quantile,0.8,6977,median
2020-08-31,2020-08-31,3 wk ahead inc death,2020-09-19,US,quantile,0.85,7376.35,median
2020-08-31,2020-08-31,3 wk ahead inc death,2020-09-19,US,quantile,0.9,7819.6,median
2020-08-31,2020-08-31,3 wk ahead inc death,2020-09-19,US,quantile,0.95,8547.9,median
2020-08-31,2020-08-31,3 wk ahead inc death,2020-09-19,US,quantile,0.975,9157.8,median
2020-08-31,2020-08-31,3 wk ahead inc death,2020-09-19,US,quantile,0.99,9666.63,median
2020-08-31,2020-08-31,4 wk ahead inc death,2020-09-26,US,point,,5432,median
2020-08-31,2020-08-31,4 wk ahead inc death,2020-09-26,US,quantile,0.01,2457,median
2020-08-31,2020-08-31,4 wk ahead inc death,2020-09-26,US,quantile,0.025,2559,median
2020-08-31,2020-08-31,4 wk ahead inc death,2020-09-26,US,quantile,0.05,3010.6,median
2020-08-31,2020-08-31,4 wk ahead inc death,2020-09-26,US,quantile,0.1,3484.4,median
2020-08-31,2020-08-31,4 wk ahead inc death,2020-09-26,US,quantile,0.15,3868.7,median
2020-08-31,2020-08-31,4 wk ahead inc death,2020-09-26,US,quantile,0.2,4151.4,median
2020-08-31,2020-08-31,4 wk ahead inc death,2020-09-26,US,quantile,0.25,4428,median
2020-08-31,2020-08-31,4 wk ahead inc death,2020-09-26,US,quantile,0.3,4476,median
2020-08-31,2020-08-31,4 wk ahead inc death,2020-09-26,US,quantile,0.35,4540,median
2020-08-31,2020-08-31,4 wk ahead inc death,2020-09-26,US,quantile,0.4,4824,median
2020-08-31,2020-08-31,4 wk ahead inc death,2020-09-26,US,quantile,0.45,5140,median
2020-08-31,2020-08-31,4 wk ahead inc death,2020-09-26,US,quantile,0.5,5432,median
2020-08-31,2020-08-31,4 wk ahead inc death,2020-09-26,US,quantile,0.55,5728,median
2020-08-31,2020-08-31,4 wk ahead inc death,2020-09-26,US,quantile,0.6,6094,median
2020-08-31,2020-08-31,4 wk ahead inc death,2020-09-26,US,quantile,0.65,6317.7,median
2020-08-31,2020-08-31,4 wk ahead inc death,2020-09-26,US,quantile,0.7,6513,median
2020-08-31,2020-08-31,4 wk ahead inc death,2020-09-26,US,quantile,0.75,6764,median
2020-08-31,2020-08-31,4 wk ahead inc death,2020-09-26,US,quantile,0.8,7033.8,median
2020-08-31,2020-08-31,4 wk ahead inc death,2020-09-26,US,quantile,0.85,7516.3,median
2020-08-31,2020-08-31,4 wk ahead inc death,2020-09-26,US,quantile,0.9,8042.50000000001,median
2020-08-31,2020-08-31,4 wk ahead inc death,2020-09-26,US,quantile,0.95,8752,median
2020-08-31,2020-08-31,4 wk ahead inc death,2020-09-26,US,quantile,0.975,9420.375,median
2020-08-31,2020-08-31,4 wk ahead inc death,2020-09-26,US,quantile,0.99,10413.23,median
2020-08-31,2020-08-31,1 wk ahead inc death,2020-09-05,60,point,,0,median
2020-08-31,2020-08-31,1 wk ahead inc death,2020-09-05,60,quantile,0.01,0,median
2020-08-31,2020-08-31,1 wk ahead inc death,2020-09-05,60,quantile,0.025,0,median
2020-08-31,2020-08-31,1 wk ahead inc death,2020-09-05,60,quantile,0.05,0,median
2020-08-31,2020-08-31,1 wk ahead inc death,2020-09-05,60,quantile,0.1,0,median
2020-08-31,2020-08-31,1 wk ahead inc death,2020-09-05,60,quantile,0.15,0,median
2020-08-31,2020-08-31,1 wk ahead inc death,2020-09-05,60,quantile,0.2,0,median
2020-08-31,2020-08-31,1 wk ahead inc death,2020-09-05,60,quantile,0.25,0,median
2020-08-31,2020-08-31,1 wk ahead inc death,2020-09-05,60,quantile,0.3,0,median
2020-08-31,2020-08-31,1 wk ahead inc death,2020-09-05,60,quantile,0.35,0,median
2020-08-31,2020-08-31,1 wk ahead inc death,2020-09-05,60,quantile,0.4,0,median
2020-08-31,2020-08-31,1 wk ahead inc death,2020-09-05,60,quantile,0.45,0,median
2020-08-31,2020-08-31,1 wk ahead inc death,2020-09-05,60,quantile,0.5,0,median
2020-08-31,2020-08-31,1 wk ahead inc death,2020-09-05,60,quantile,0.55,0,median
2020-08-31,2020-08-31,1 wk ahead inc death,2020-09-05,60,quantile,0.6,0,median
2020-08-31,2020-08-31,1 wk ahead inc death,2020-09-05,60,quantile,0.65,0,median
2020-08-31,2020-08-31,1 wk ahead inc death,2020-09-05,60,quantile,0.7,0,median
2020-08-31,2020-08-31,1 wk ahead inc death,2020-09-05,60,quantile,0.75,0,median
2020-08-31,2020-08-31,1 wk ahead inc death,2020-09-05,60,quantile,0.8,0,median
2020-08-31,2020-08-31,1 wk ahead inc death,2020-09-05,60,quantile,0.85,0,median
2020-08-31,2020-08-31,1 wk ahead inc death,2020-09-05,60,quantile,0.9,0,median
2020-08-31,2020-08-31,1 wk ahead inc death,2020-09-05,60,quantile,0.95,0,median
2020-08-31,2020-08-31,1 wk ahead inc death,2020-09-05,60,quantile,0.975,0,median
2020-08-31,2020-08-31,1 wk ahead inc death,2020-09-05,60,quantile,0.99,0,median
2020-08-31,2020-08-31,2 wk ahead inc death,2020-09-12,60,point,,0,median
2020-08-31,2020-08-31,2 wk ahead inc death,2020-09-12,60,quantile,0.01,0,median
2020-08-31,2020-08-31,2 wk ahead inc death,2020-09-12,60,quantile,0.025,0,median
2020-08-31,2020-08-31,2 wk ahead inc death,2020-09-12,60,quantile,0.05,0,median
2020-08-31,2020-08-31,2 wk ahead inc death,2020-09-12,60,quantile,0.1,0,median
2020-08-31,2020-08-31,2 wk ahead inc death,2020-09-12,60,quantile,0.15,0,median
2020-08-31,2020-08-31,2 wk ahead inc death,2020-09-12,60,quantile,0.2,0,median
2020-08-31,2020-08-31,2 wk ahead inc death,2020-09-12,60,quantile,0.25,0,median
2020-08-31,2020-08-31,2 wk ahead inc death,2020-09-12,60,quantile,0.3,0,median
2020-08-31,2020-08-31,2 wk ahead inc death,2020-09-12,60,quantile,0.35,0,median
2020-08-31,2020-08-31,2 wk ahead inc death,2020-09-12,60,quantile,0.4,0,median
2020-08-31,2020-08-31,2 wk ahead inc death,2020-09-12,60,quantile,0.45,0,median
2020-08-31,2020-08-31,2 wk ahead inc death,2020-09-12,60,quantile,0.5,0,median
2020-08-31,2020-08-31,2 wk ahead inc death,2020-09-12,60,quantile,0.55,0,median
2020-08-31,2020-08-31,2 wk ahead inc death,2020-09-12,60,quantile,0.6,0,median
2020-08-31,2020-08-31,2 wk ahead inc death,2020-09-12,60,quantile,0.65,0,median
2020-08-31,2020-08-31,2 wk ahead inc death,2020-09-12,60,quantile,0.7,0,median
2020-08-31,2020-08-31,2 wk ahead inc death,2020-09-12,60,quantile,0.75,0,median
2020-08-31,2020-08-31,2 wk ahead inc death,2020-09-12,60,quantile,0.8,0,median
2020-08-31,2020-08-31,2 wk ahead inc death,2020-09-12,60,quantile,0.85,0,median
2020-08-31,2020-08-31,2 wk ahead inc death,2020-09-12,60,quantile,0.9,0,median
2020-08-31,2020-08-31,2 wk ahead inc death,2020-09-12,60,quantile,0.95,0,median
2020-08-31,2020-08-31,2 wk ahead inc death,2020-09-12,60,quantile,0.975,0,median
2020-08-31,2020-08-31,2 wk ahead inc death,2020-09-12,60,quantile,0.99,0,median
2020-08-31,2020-08-31,3 wk ahead inc death,2020-09-19,60,point,,0,median
2020-08-31,2020-08-31,3 wk ahead inc death,2020-09-19,60,quantile,0.01,0,median
2020-08-31,2020-08-31,3 wk ahead inc death,2020-09-19,60,quantile,0.025,0,median
2020-08-31,2020-08-31,3 wk ahead inc death,2020-09-19,60,quantile,0.05,0,median
2020-08-31,2020-08-31,3 wk ahead inc death,2020-09-19,60,quantile,0.1,0,median
2020-08-31,2020-08-31,3 wk ahead inc death,2020-09-19,60,quantile,0.15,0,median
2020-08-31,2020-08-31,3 wk ahead inc death,2020-09-19,60,quantile,0.2,0,median
2020-08-31,2020-08-31,3 wk ahead inc death,2020-09-19,60,quantile,0.25,0,median
2020-08-31,2020-08-31,3 wk ahead inc death,2020-09-19,60,quantile,0.3,0,median
2020-08-31,2020-08-31,3 wk ahead inc death,2020-09-19,60,quantile,0.35,0,median
2020-08-31,2020-08-31,3 wk ahead inc death,2020-09-19,60,quantile,0.4,0,median
2020-08-31,2020-08-31,3 wk ahead inc death,2020-09-19,60,quantile,0.45,0,median
2020-08-31,2020-08-31,3 wk ahead inc death,2020-09-19,60,quantile,0.5,0,median
2020-08-31,2020-08-31,3 wk ahead inc death,2020-09-19,60,quantile,0.55,0,median
2020-08-31,2020-08-31,3 wk ahead inc death,2020-09-19,60,quantile,0.6,0,median
2020-08-31,2020-08-31,3 wk ahead inc death,2020-09-19,60,quantile,0.65,0,median
2020-08-31,2020-08-31,3 wk ahead inc death,2020-09-19,60,quantile,0.7,0,median
2020-08-31,2020-08-31,3 wk ahead inc death,2020-09-19,60,quantile,0.75,0,median
2020-08-31,2020-08-31,3 wk ahead inc death,2020-09-19,60,quantile,0.8,0,median
2020-08-31,2020-08-31,3 wk ahead inc death,2020-09-19,60,quantile,0.85,0,median
2020-08-31,2020-08-31,3 wk ahead inc death,2020-09-19,60,quantile,0.9,0,median
2020-08-31,2020-08-31,3 wk ahead inc death,2020-09-19,60,quantile,0.95,0,median
2020-08-31,2020-08-31,3 wk ahead inc death,2020-09-19,60,quantile,0.975,0,median
2020-08-31,2020-08-31,3 wk ahead inc death,2020-09-19,60,quantile,0.99,0,median
2020-08-31,2020-08-31,4 wk ahead inc death,2020-09-26,60,point,,0,median
2020-08-31,2020-08-31,4 wk ahead inc death,2020-09-26,60,quantile,0.01,0,median
2020-08-31,2020-08-31,4 wk ahead inc death,2020-09-26,60,quantile,0.025,0,median
2020-08-31,2020-08-31,4 wk ahead inc death,2020-09-26,60,quantile,0.05,0,median
2020-08-31,2020-08-31,4 wk ahead inc death,2020-09-26,60,quantile,0.1,0,median
2020-08-31,2020-08-31,4 wk ahead inc death,2020-09-26,60,quantile,0.15,0,median
2020-08-31,2020-08-31,4 wk ahead inc death,2020-09-26,60,quantile,0.2,0,median
2020-08-31,2020-08-31,4 wk ahead inc death,2020-09-26,60,quantile,0.25,0,median
2020-08-31,2020-08-31,4 wk ahead inc death,2020-09-26,60,quantile,0.3,0,median
2020-08-31,2020-08-31,4 wk ahead inc death,2020-09-26,60,quantile,0.35,0,median
2020-08-31,2020-08-31,4 wk ahead inc death,2020-09-26,60,quantile,0.4,0,median
2020-08-31,2020-08-31,4 wk ahead inc death,2020-09-26,60,quantile,0.45,0,median
2020-08-31,2020-08-31,4 wk ahead inc death,2020-09-26,60,quantile,0.5,0,median
2020-08-31,2020-08-31,4 wk ahead inc death,2020-09-26,60,quantile,0.55,0,median
2020-08-31,2020-08-31,4 wk ahead inc death,2020-09-26,60,quantile,0.6,0,median
2020-08-31,2020-08-31,4 wk ahead inc death,2020-09-26,60,quantile,0.65,0,median
2020-08-31,2020-08-31,4 wk ahead inc death,2020-09-26,60,quantile,0.7,0,median
2020-08-31,2020-08-31,4 wk ahead inc death,2020-09-26,60,quantile,0.75,0,median
2020-08-31,2020-08-31,4 wk ahead inc death,2020-09-26,60,quantile,0.8,0,median
2020-08-31,2020-08-31,4 wk ahead inc death,2020-09-26,60,quantile,0.85,0,median
2020-08-31,2020-08-31,4 wk ahead inc death,2020-09-26,60,quantile,0.9,0,median
2020-08-31,2020-08-31,4 wk ahead inc death,2020-09-26,60,quantile,0.95,0,median
2020-08-31,2020-08-31,4 wk ahead inc death,2020-09-26,60,quantile,0.975,0,median
2020-08-31,2020-08-31,4 wk ahead inc death,2020-09-26,60,quantile,0.99,0,median
2020-08-31,2020-08-31,1 wk ahead inc death,2020-09-05,69,point,,0,median
2020-08-31,2020-08-31,1 wk ahead inc death,2020-09-05,69,quantile,0.01,0,median
2020-08-31,2020-08-31,1 wk ahead inc death,2020-09-05,69,quantile,0.025,0,median
2020-08-31,2020-08-31,1 wk ahead inc death,2020-09-05,69,quantile,0.05,0,median
2020-08-31,2020-08-31,1 wk ahead inc death,2020-09-05,69,quantile,0.1,0,median
2020-08-31,2020-08-31,1 wk ahead inc death,2020-09-05,69,quantile,0.15,0,median
2020-08-31,2020-08-31,1 wk ahead inc death,2020-09-05,69,quantile,0.2,0,median
2020-08-31,2020-08-31,1 wk ahead inc death,2020-09-05,69,quantile,0.25,0,median
2020-08-31,2020-08-31,1 wk ahead inc death,2020-09-05,69,quantile,0.3,0,median
2020-08-31,2020-08-31,1 wk ahead inc death,2020-09-05,69,quantile,0.35,0,median
2020-08-31,2020-08-31,1 wk ahead inc death,2020-09-05,69,quantile,0.4,0,median
2020-08-31,2020-08-31,1 wk ahead inc death,2020-09-05,69,quantile,0.45,0,median
2020-08-31,2020-08-31,1 wk ahead inc death,2020-09-05,69,quantile,0.5,0,median
2020-08-31,2020-08-31,1 wk ahead inc death,2020-09-05,69,quantile,0.55,0,median
2020-08-31,2020-08-31,1 wk ahead inc death,2020-09-05,69,quantile,0.6,0,median
2020-08-31,2020-08-31,1 wk ahead inc death,2020-09-05,69,quantile,0.65,0,median
2020-08-31,2020-08-31,1 wk ahead inc death,2020-09-05,69,quantile,0.7,0,median
2020-08-31,2020-08-31,1 wk ahead inc death,2020-09-05,69,quantile,0.75,0,median
2020-08-31,2020-08-31,1 wk ahead inc death,2020-09-05,69,quantile,0.8,0,median
2020-08-31,2020-08-31,1 wk ahead inc death,2020-09-05,69,quantile,0.85,0,median
2020-08-31,2020-08-31,1 wk ahead inc death,2020-09-05,69,quantile,0.9,0,median
2020-08-31,2020-08-31,1 wk ahead inc death,2020-09-05,69,quantile,0.95,0,median
2020-08-31,2020-08-31,1 wk ahead inc death,2020-09-05,69,quantile,0.975,0.5,median
2020-08-31,2020-08-31,1 wk ahead inc death,2020-09-05,69,quantile,0.99,0.5,median
2020-08-31,2020-08-31,2 wk ahead inc death,2020-09-12,69,point,,0,median
2020-08-31,2020-08-31,2 wk ahead inc death,2020-09-12,69,quantile,0.01,0,median
2020-08-31,2020-08-31,2 wk ahead inc death,2020-09-12,69,quantile,0.025,0,median
2020-08-31,2020-08-31,2 wk ahead inc death,2020-09-12,69,quantile,0.05,0,median
2020-08-31,2020-08-31,2 wk ahead inc death,2020-09-12,69,quantile,0.1,0,median
2020-08-31,2020-08-31,2 wk ahead inc death,2020-09-12,69,quantile,0.15,0,median
2020-08-31,2020-08-31,2 wk ahead inc death,2020-09-12,69,quantile,0.2,0,median
2020-08-31,2020-08-31,2 wk ahead inc death,2020-09-12,69,quantile,0.25,0,median
2020-08-31,2020-08-31,2 wk ahead inc death,2020-09-12,69,quantile,0.3,0,median
2020-08-31,2020-08-31,2 wk ahead inc death,2020-09-12,69,quantile,0.35,0,median
2020-08-31,2020-08-31,2 wk ahead inc death,2020-09-12,69,quantile,0.4,0,median
2020-08-31,2020-08-31,2 wk ahead inc death,2020-09-12,69,quantile,0.45,0,median
2020-08-31,2020-08-31,2 wk ahead inc death,2020-09-12,69,quantile,0.5,0,median
2020-08-31,2020-08-31,2 wk ahead inc death,2020-09-12,69,quantile,0.55,0,median
2020-08-31,2020-08-31,2 wk ahead inc death,2020-09-12,69,quantile,0.6,0,median
2020-08-31,2020-08-31,2 wk ahead inc death,2020-09-12,69,quantile,0.65,0,median
2020-08-31,2020-08-31,2 wk ahead inc death,2020-09-12,69,quantile,0.7,0,median
2020-08-31,2020-08-31,2 wk ahead inc death,2020-09-12,69,quantile,0.75,0,median
2020-08-31,2020-08-31,2 wk ahead inc death,2020-09-12,69,quantile,0.8,0,median
2020-08-31,2020-08-31,2 wk ahead inc death,2020-09-12,69,quantile,0.85,0,median
2020-08-31,2020-08-31,2 wk ahead inc death,2020-09-12,69,quantile,0.9,0,median
2020-08-31,2020-08-31,2 wk ahead inc death,2020-09-12,69,quantile,0.95,0,median
2020-08-31,2020-08-31,2 wk ahead inc death,2020-09-12,69,quantile,0.975,0.5,median
2020-08-31,2020-08-31,2 wk ahead inc death,2020-09-12,69,quantile,0.99,0.5,median
2020-08-31,2020-08-31,3 wk ahead inc death,2020-09-19,69,point,,0,median
2020-08-31,2020-08-31,3 wk ahead inc death,2020-09-19,69,quantile,0.01,0,median
2020-08-31,2020-08-31,3 wk ahead inc death,2020-09-19,69,quantile,0.025,0,median
2020-08-31,2020-08-31,3 wk ahead inc death,2020-09-19,69,quantile,0.05,0,median
2020-08-31,2020-08-31,3 wk ahead inc death,2020-09-19,69,quantile,0.1,0,median
2020-08-31,2020-08-31,3 wk ahead inc death,2020-09-19,69,quantile,0.15,0,median
2020-08-31,2020-08-31,3 wk ahead inc death,2020-09-19,69,quantile,0.2,0,median
2020-08-31,2020-08-31,3 wk ahead inc death,2020-09-19,69,quantile,0.25,0,median
2020-08-31,2020-08-31,3 wk ahead inc death,2020-09-19,69,quantile,0.3,0,median
2020-08-31,2020-08-31,3 wk ahead inc death,2020-09-19,69,quantile,0.35,0,median
2020-08-31,2020-08-31,3 wk ahead inc death,2020-09-19,69,quantile,0.4,0,median
2020-08-31,2020-08-31,3 wk ahead inc death,2020-09-19,69,quantile,0.45,0,median
2020-08-31,2020-08-31,3 wk ahead inc death,2020-09-19,69,quantile,0.5,0,median
2020-08-31,2020-08-31,3 wk ahead inc death,2020-09-19,69,quantile,0.55,0,median
2020-08-31,2020-08-31,3 wk ahead inc death,2020-09-19,69,quantile,0.6,0,median
2020-08-31,2020-08-31,3 wk ahead inc death,2020-09-19,69,quantile,0.65,0,median
2020-08-31,2020-08-31,3 wk ahead inc death,2020-09-19,69,quantile,0.7,0,median
2020-08-31,2020-08-31,3 wk ahead inc death,2020-09-19,69,quantile,0.75,0,median
2020-08-31,2020-08-31,3 wk ahead inc death,2020-09-19,69,quantile,0.8,0,median
2020-08-31,2020-08-31,3 wk ahead inc death,2020-09-19,69,quantile,0.85,0,median
2020-08-31,2020-08-31,3 wk ahead inc death,2020-09-19,69,quantile,0.9,0,median
2020-08-31,2020-08-31,3 wk ahead inc death,2020-09-19,69,quantile,0.95,0,median
2020-08-31,2020-08-31,3 wk ahead inc death,2020-09-19,69,quantile,0.975,0.5,median
2020-08-31,2020-08-31,3 wk ahead inc death,2020-09-19,69,quantile,0.99,0.5,median
2020-08-31,2020-08-31,4 wk ahead inc death,2020-09-26,69,point,,0,median
2020-08-31,2020-08-31,4 wk ahead inc death,2020-09-26,69,quantile,0.01,0,median
2020-08-31,2020-08-31,4 wk ahead inc death,2020-09-26,69,quantile,0.025,0,median
2020-08-31,2020-08-31,4 wk ahead inc death,2020-09-26,69,quantile,0.05,0,median
2020-08-31,2020-08-31,4 wk ahead inc death,2020-09-26,69,quantile,0.1,0,median
2020-08-31,2020-08-31,4 wk ahead inc death,2020-09-26,69,quantile,0.15,0,median
2020-08-31,2020-08-31,4 wk ahead inc death,2020-09-26,69,quantile,0.2,0,median
2020-08-31,2020-08-31,4 wk ahead inc death,2020-09-26,69,quantile,0.25,0,median
2020-08-31,2020-08-31,4 wk ahead inc death,2020-09-26,69,quantile,0.3,0,median
2020-08-31,2020-08-31,4 wk ahead inc death,2020-09-26,69,quantile,0.35,0,median
2020-08-31,2020-08-31,4 wk ahead inc death,2020-09-26,69,quantile,0.4,0,median
2020-08-31,2020-08-31,4 wk ahead inc death,2020-09-26,69,quantile,0.45,0,median
2020-08-31,2020-08-31,4 wk ahead inc death,2020-09-26,69,quantile,0.5,0,median
2020-08-31,2020-08-31,4 wk ahead inc death,2020-09-26,69,quantile,0.55,0,median
2020-08-31,2020-08-31,4 wk ahead inc death,2020-09-26,69,quantile,0.6,0,median
2020-08-31,2020-08-31,4 wk ahead inc death,2020-09-26,69,quantile,0.65,0,median
2020-08-31,2020-08-31,4 wk ahead inc death,2020-09-26,69,quantile,0.7,0,median
2020-08-31,2020-08-31,4 wk ahead inc death,2020-09-26,69,quantile,0.75,0,median
2020-08-31,2020-08-31,4 wk ahead inc death,2020-09-26,69,quantile,0.8,0,median
2020-08-31,2020-08-31,4 wk ahead inc death,2020-09-26,69,quantile,0.85,0,median
2020-08-31,2020-08-31,4 wk ahead inc death,2020-09-26,69,quantile,0.9,0,median
2020-08-31,2020-08-31,4 wk ahead inc death,2020-09-26,69,quantile,0.95,0,median
2020-08-31,2020-08-31,4 wk ahead inc death,2020-09-26,69,quantile,0.975,0.5,median
2020-08-31,2020-08-31,4 wk ahead inc death,2020-09-26,69,quantile,0.99,1,median
